0.018000
0.017818
-0.005636
-0.006364
-0.003400
-0.007800
-0.051400
-0.032800
0.002364
0.002400
0.008000
0.007800
0.018000
-0.039818
0.003800
-0.019000
-0.020600
0.027600
-0.068000
-0.016000
0.000000
-0.003000
0.004000
0.028200
0.009400
-0.035000
-0.049636
-0.007800
0.019800
-0.007800
-0.015600
-0.013800
-0.011600
-0.016200
-0.016000
0.019800
-0.019400
0.041200
0.012364
0.001800
0.006909
0.043200
0.040200
0.061800
0.004000
0.012800
-0.012200
0.011400
-0.019800
-0.018545
0.004000
-0.005400
-0.012800
0.009800
0.004400
-0.016400
0.009600
0.003818
0.004000
-0.032727
-0.039231
0.012800
0.016400
-0.025400
0.011455
-0.002400
0.001600
0.013800
0.002182
0.007200
0.012000
0.017600
-0.004000
0.003846
-0.001882
0.004080
-0.002960
-0.015308
-0.005200
0.008125
-0.013100
-0.012538
-0.015692
-0.008800
0.014000
0.018167
-0.023200
0.007636
-0.001200
-0.006000
0.008250
-0.019000
0.004400
-0.011000
0.031200
0.026200
0.030000
-0.029273
0.033000
0.032000
0.049000
0.042600
0.017857
0.034000
0.004800
0.011600
-0.022400
-0.003200
