0.374600
0.113273
0.041273
0.580182
0.117000
-0.040800
-0.175000
0.570000
0.048909
0.128000
0.531600
-0.060400
-0.035091
0.559091
0.116000
0.034200
0.593400
0.083600
-0.069800
0.001800
0.592000
-0.002800
0.031200
0.318600
0.018200
0.065800
0.528000
0.122200
-0.005200
0.629600
0.354600
-0.013400
0.042000
0.591600
0.040909
-0.164200
0.138800
-0.110400
-0.070727
-0.045800
0.009455
0.037400
-0.085800
0.171200
0.043600
-0.079800
0.031400
0.007800
-0.073200
-0.090182
-0.004727
0.038200
-0.088400
0.005600
-0.120800
0.143800
-0.069000
-0.020545
-0.059600
0.002909
-0.019231
0.124800
0.111400
-0.096600
0.003818
-0.079600
-0.029400
-0.021600
-0.011818
0.087600
-0.038800
0.111800
-0.017444
0.223692
-0.097059
-0.235520
0.150400
-0.011692
-0.002933
-0.086875
0.072800
-0.056538
-0.176000
0.001600
-0.104800
-0.273833
0.229400
0.031273
0.035400
0.188800
-0.011125
-0.007500
0.077200
0.156000
0.000800
-0.046400
0.207000
0.015455
-0.027600
0.313200
0.013400
-0.008600
0.580714
0.227231
-0.019600
-0.075000
0.126800
0.109800
