-0.008800
-0.001455
0.011818
-0.011455
0.003600
-0.008800
0.006400
-0.013400
0.018727
0.019000
0.012400
0.008400
0.004727
-0.005818
0.007200
0.011400
0.025600
-0.014800
-0.008200
0.010800
-0.002800
0.003000
0.013000
-0.010800
-0.015600
0.031400
0.002000
-0.016000
0.044200
0.003000
-0.004600
-0.010400
-0.007200
-0.003400
-0.008727
0.007200
0.010400
0.011600
0.006909
0.018600
0.005636
0.012400
0.001000
0.017400
-0.002200
-0.000200
-0.001000
-0.013200
-0.011600
0.004909
-0.002000
0.015000
-0.003400
-0.014000
-0.002400
0.018200
-0.005000
0.005273
0.006200
-0.028000
-0.000615
-0.010400
0.007600
0.000800
0.016000
-0.020000
0.010400
0.003000
0.018182
-0.008400
0.003600
0.007800
0.005111
0.020462
0.015882
0.010560
0.000480
-0.004769
0.009733
0.000625
-0.005000
0.011308
0.012231
-0.003467
-0.026400
0.014833
-0.012200
-0.016364
0.017800
0.026800
-0.025500
-0.006500
0.026000
0.030000
0.030600
0.020400
0.031200
0.002727
0.032200
0.012600
0.001400
0.062200
0.017714
0.005538
0.010200
0.019400
-0.005400
0.023400
