0.007200
0.000545
0.004000
-0.023273
-0.019600
-0.010800
0.015800
-0.035200
0.010727
0.010000
0.022400
0.004800
0.023273
0.006727
0.016600
-0.009000
0.013200
0.021200
0.004200
0.019200
-0.008400
-0.008600
0.011400
0.004400
0.017000
0.014200
-0.013091
-0.014200
-0.000400
0.001400
-0.025600
0.007400
-0.008200
-0.002600
0.000364
0.014400
-0.001400
-0.003800
0.010545
-0.002600
0.002000
0.046000
-0.001200
0.012200
-0.003800
-0.011400
0.010000
-0.020800
-0.031400
-0.002909
0.002000
-0.004600
-0.003600
0.003400
-0.005800
-0.003800
0.012000
0.005455
-0.011800
-0.017273
-0.003385
-0.001400
0.017600
0.011200
0.013455
0.010200
-0.003600
0.001000
0.014727
-0.011800
-0.002600
0.001000
0.000556
-0.020154
0.002706
0.006400
0.001120
-0.009538
-0.021200
0.010125
-0.012800
-0.000231
0.002077
0.000933
0.004200
0.017333
-0.019600
0.007455
0.001200
0.000400
-0.007625
-0.006500
0.002600
0.010800
0.029800
-0.003800
0.029200
-0.004364
0.005600
0.025600
-0.000800
0.032000
0.034286
-0.000769
0.002000
0.031200
0.013800
-0.012400
