0.048000
-0.009273
0.030364
0.015273
-0.030000
-0.011200
-0.013600
-0.018800
-0.002000
0.003600
0.026200
0.032400
0.053091
-0.094909
-0.008200
-0.018800
0.004800
-0.006400
0.028400
-0.029200
0.036400
0.019000
0.010400
0.040800
0.013600
0.011800
0.007636
0.015600
-0.003800
0.019200
0.052000
-0.008200
0.005400
-0.012000
-0.010182
-0.022800
-0.041800
0.109200
0.025091
0.020000
0.039091
0.043600
-0.060200
0.005600
-0.039200
-0.030400
-0.003800
0.014800
-0.037400
0.000000
-0.016000
-0.012200
-0.009400
-0.030200
-0.034200
-0.005000
0.018200
0.019455
-0.022200
-0.012182
-0.023538
-0.021200
-0.043800
-0.008800
0.043273
-0.015800
-0.044200
0.020000
-0.009636
-0.023800
-0.004400
-0.012600
0.013222
0.039077
0.005412
0.005440
-0.004880
0.032846
-0.000533
-0.047375
0.035700
0.018000
-0.004692
-0.011200
-0.020800
0.074000
-0.021800
-0.018727
-0.006800
0.004400
0.030250
-0.025167
0.031200
0.035600
0.038000
0.066200
-0.030200
-0.119818
0.060400
0.097000
0.047000
0.074800
0.080714
0.048769
-0.024400
0.019800
0.015200
-0.009000
