-0.044800
-0.010727
0.068000
0.018909
-0.018600
0.087800
0.108400
-0.015400
-0.060364
0.031400
-0.015400
-0.008200
0.030727
0.008364
-0.016200
0.068600
-0.016400
-0.009800
0.037600
0.030200
-0.031600
-0.018200
0.048800
0.017000
0.037000
0.174200
0.023636
-0.027000
0.043600
0.034600
0.004600
0.014000
0.105600
0.041400
-0.006727
0.119000
-0.038000
0.043800
0.062182
-0.072400
0.046545
0.030800
0.006200
-0.062200
0.018400
-0.012800
-0.032800
-0.029600
0.000000
-0.021273
-0.064727
0.012400
-0.012600
-0.046600
-0.173800
-0.000400
0.041400
0.024909
0.004200
-0.045273
0.011077
-0.223400
-0.030400
0.006400
0.017273
-0.007200
-0.011800
0.033200
-0.072182
-0.011200
0.008400
-0.059200
0.105111
0.018154
-0.051765
0.044480
0.002880
0.014308
0.026267
0.038500
0.035800
0.029000
0.033615
-0.007733
-0.017800
0.019500
-0.018800
-0.022000
0.012200
-0.004400
0.058000
0.005167
0.020800
0.012400
0.052800
-0.017200
0.016400
0.005273
0.060000
0.000200
0.002400
0.036200
0.010714
-0.050769
0.126600
0.120200
0.012600
-0.020800
