0.027200
-0.007818
-0.006909
-0.007091
-0.003400
-0.002200
-0.008600
-0.018600
-0.017636
0.003000
0.033000
-0.011400
-0.009273
-0.004182
-0.004200
0.001400
0.008600
-0.005000
-0.017200
0.011200
-0.012200
0.002200
0.010800
0.006200
-0.006200
0.001800
0.004000
-0.006200
0.028000
0.017800
-0.001400
-0.006000
0.003800
-0.023800
0.006000
-0.007200
0.009400
0.004200
-0.002000
0.006800
0.004545
0.029400
0.020800
0.008600
-0.008000
0.004400
0.003800
0.029000
0.009000
-0.016364
0.004909
-0.017200
-0.013400
-0.010000
-0.006600
0.013600
0.007200
0.014909
0.012600
-0.003091
0.004462
-0.011800
-0.010200
0.003200
0.007273
-0.005600
0.013200
-0.003600
0.014727
-0.020200
-0.004400
0.019000
-0.007778
0.012462
-0.000824
0.007760
-0.008000
0.008538
-0.004533
0.001500
-0.024800
0.007692
0.016154
-0.022133
-0.024000
0.018500
0.002400
0.011273
-0.004800
0.009600
-0.010750
-0.008500
0.000400
0.024000
0.027400
0.001000
0.016600
-0.008727
0.000600
0.042800
0.037000
0.030400
0.022857
0.010308
0.019800
0.032800
-0.005800
-0.001200
