0.062200
0.008727
-0.002545
-0.006545
0.013200
-0.020200
-0.007800
-0.054200
0.028182
0.029400
0.019200
0.013600
0.037091
-0.090364
-0.000600
-0.007000
-0.003600
-0.014600
-0.043000
-0.006200
0.014600
-0.015200
0.008000
-0.000800
0.015600
-0.009800
-0.034364
0.026600
0.017800
-0.001600
0.020200
0.000400
-0.007400
-0.022200
-0.022545
0.009400
-0.049400
0.079400
0.016364
-0.013200
0.014545
0.018600
0.017200
0.036800
-0.032400
-0.002800
-0.010400
-0.029400
-0.036200
0.010182
0.005818
-0.022600
-0.007600
0.004800
-0.026200
0.016200
0.005200
0.005091
-0.009200
-0.004545
-0.007385
0.010200
0.000200
-0.030400
-0.001636
0.003800
0.020200
0.013200
0.024182
0.007800
0.008000
0.017800
-0.012000
0.016308
0.009176
0.009200
-0.017920
-0.007923
-0.010933
-0.013375
-0.010600
-0.012231
-0.035077
-0.018533
-0.013800
0.062500
-0.007000
0.000364
-0.006400
0.025600
-0.026000
-0.005000
0.024000
0.016800
0.038000
-0.029600
0.009600
-0.054364
0.039800
0.091600
0.025000
0.039200
0.072143
0.026000
-0.005400
0.030400
0.008000
-0.003600
