0.012600
-0.032182
0.039273
-0.008364
-0.006800
0.016200
0.113600
-0.023400
-0.034545
-0.016400
0.015200
0.018400
0.000909
-0.106727
-0.011000
0.015400
-0.029800
0.013600
0.071000
0.012000
0.018600
-0.000600
0.038800
0.011600
-0.008800
0.118400
0.019636
-0.016000
-0.005200
0.054200
0.082800
-0.060400
0.055800
0.023200
0.025636
0.010400
-0.008800
0.092200
0.034364
-0.006000
0.032545
0.035000
-0.136800
-0.022000
-0.032600
-0.055200
0.004000
0.009400
-0.046600
0.032727
-0.036727
-0.003400
-0.028400
-0.081800
-0.127400
-0.010200
0.036400
0.017455
0.015600
0.009636
-0.014000
-0.135400
-0.043000
0.019400
0.050364
-0.009800
-0.050600
0.084200
-0.044909
-0.004200
-0.005600
0.019400
0.031556
0.071538
-0.022353
0.020800
-0.005040
0.001769
-0.014000
-0.009125
0.028700
0.020308
-0.006769
0.016000
-0.007600
0.085833
-0.001800
-0.034182
0.020400
0.033400
-0.023875
-0.023000
0.048200
0.039000
0.034400
0.046400
-0.021200
-0.128000
0.072000
0.043600
0.063000
0.071000
0.091429
0.060923
0.001000
0.053400
0.028000
-0.037400
