0.937000
0.004000
0.020182
0.964909
-0.012000
-0.000400
-0.004800
0.936600
-0.010364
0.003200
0.958400
0.004000
0.011455
0.937636
0.013000
-0.008000
0.959000
0.023000
0.017000
-0.004000
0.963400
-0.019600
-0.016800
0.946800
-0.006200
0.011400
0.934909
0.012800
-0.005600
0.956800
0.940600
0.018200
0.005600
0.965400
-0.004182
-0.002400
0.001600
0.010400
0.008182
0.013800
0.006909
0.004400
-0.012000
0.013800
-0.006000
0.005800
-0.011400
-0.006200
0.010200
-0.014364
0.002545
0.003800
-0.013600
-0.001800
-0.013800
-0.000400
-0.001400
-0.009636
0.000200
0.010182
-0.006000
0.003200
-0.004200
-0.001600
-0.007091
-0.003800
0.009000
0.007000
-0.000909
0.005800
-0.010800
0.002800
0.001778
-0.022154
-0.004824
-0.000720
0.009520
-0.012692
-0.003333
-0.033000
-0.039700
0.002538
0.018538
-0.038000
0.009200
0.016667
0.048600
0.005818
0.027200
-0.052400
0.013250
-0.005500
-0.023600
0.053000
-0.016400
0.006600
0.024400
0.012909
0.029400
0.061800
0.017000
0.063400
0.029429
0.018615
-0.011400
-0.041000
-0.059400
0.004800
