-0.002400
0.015091
0.064909
0.014000
0.046600
0.055000
0.059800
-0.041000
-0.013273
0.082800
-0.094200
0.013000
-0.006545
0.031273
0.025200
0.119600
-0.016600
-0.067200
-0.198800
0.089600
-0.033000
-0.057400
0.040800
0.068000
0.010000
0.143200
0.027273
-0.006800
0.095200
-0.079000
0.061200
0.050800
0.079600
-0.036400
0.000727
0.085600
-0.032000
0.011200
0.056545
-0.155000
0.014909
-0.016800
-0.170400
-0.069000
0.062000
-0.048400
-0.066400
-0.031200
0.055400
-0.044545
-0.087636
0.002800
-0.046600
0.012000
-0.211800
-0.024400
-0.091200
-0.052182
-0.046600
-0.078182
0.004462
-0.182800
-0.039600
-0.013400
-0.097636
-0.031800
0.077200
-0.062600
-0.028909
0.022200
-0.019600
-0.028600
0.125667
-0.062462
-0.087529
0.129840
0.032160
0.021077
-0.054933
0.060875
-0.005100
0.036769
0.183385
0.052000
-0.024400
-0.009500
-0.023400
-0.013273
-0.069600
-0.019400
0.071625
0.025000
-0.031200
0.034600
0.008000
0.008000
0.035600
0.147636
0.008600
-0.043000
0.035200
0.054200
0.140143
0.001077
0.174200
0.129800
-0.006000
0.067600
