0.003400
-0.007273
0.010545
0.008545
-0.011800
-0.005800
-0.014200
-0.023400
0.004909
0.005200
-0.009600
0.015800
0.008909
-0.016727
-0.005400
0.009000
-0.003000
0.021400
-0.011800
-0.012000
-0.014600
0.012800
0.015400
0.010200
0.006600
0.003400
-0.034545
-0.015600
0.029400
0.002400
-0.012200
-0.004600
0.007400
0.005000
-0.008545
0.024400
-0.005400
0.007600
-0.006182
0.005800
0.010364
-0.006600
0.022800
0.025600
0.008600
-0.000200
0.003000
-0.008000
-0.015800
0.001636
0.001636
-0.002000
-0.023600
-0.005200
0.006600
-0.010800
0.001600
-0.015818
0.005400
-0.010182
-0.020000
-0.005000
-0.011200
-0.013400
0.036364
-0.004800
0.016200
0.008200
-0.007273
-0.001400
-0.002200
0.009400
-0.000111
0.002769
-0.005647
0.002480
-0.004000
-0.003385
-0.010667
0.004375
0.000100
0.001462
0.009538
-0.012267
-0.015800
-0.001333
-0.010400
-0.007455
-0.015200
0.003000
-0.024375
-0.017500
-0.006200
0.004800
0.019600
-0.022800
0.018800
0.009455
0.031000
0.019800
0.031200
0.034600
0.003571
0.003077
0.001800
0.007600
-0.003000
0.018800
