0.010200
0.181636
-0.055636
0.006909
0.073200
-0.087600
0.006800
-0.083800
0.091818
0.060400
-0.030800
-0.084600
0.119273
0.090182
0.089000
0.142200
0.002200
-0.046000
-0.197600
0.069600
-0.012600
-0.070800
0.009800
0.045800
0.021400
0.196000
0.031455
0.094800
-0.006000
-0.017600
-0.050200
0.228400
0.034000
-0.013400
0.044909
0.074200
-0.137200
0.036800
0.007636
-0.193200
0.079818
-0.055800
-0.028400
-0.068800
0.080600
-0.183200
0.004800
-0.045400
0.067200
-0.193818
-0.033636
0.091000
-0.153200
0.017600
-0.069400
0.069200
-0.238400
-0.068000
-0.028400
-0.095455
-0.220462
-0.150000
0.020200
-0.275400
-0.113091
-0.060000
0.139200
-0.157200
-0.033273
0.103200
-0.164400
-0.075000
-0.012333
-0.097538
-0.163765
0.119680
0.098400
0.012462
-0.038267
0.058375
0.032800
-0.047308
0.169615
0.130667
-0.029600
-0.081833
0.018200
0.023091
-0.086600
0.144400
0.226625
0.109500
0.023200
0.143600
0.015200
0.043800
0.067800
0.234545
0.010200
-0.065800
0.099000
0.028000
0.067571
-0.013538
0.102800
0.121200
0.007800
-0.045400
