0.018000
-0.001273
-0.003636
0.001455
-0.003600
-0.031400
-0.028800
-0.009000
-0.009091
0.019600
0.023600
0.030400
0.031273
-0.020000
0.006600
-0.004200
-0.006000
0.020000
-0.036800
-0.007000
0.008400
0.003400
0.002400
0.004400
0.012600
-0.013000
-0.023636
-0.010800
0.025800
0.007600
-0.015200
-0.018400
0.001000
-0.010400
-0.011273
0.028200
-0.007600
0.025000
0.012545
0.003800
0.015818
0.015800
0.046400
0.046400
0.001200
0.016000
0.015200
-0.017000
-0.014800
-0.009273
-0.001636
0.004000
0.005200
-0.009000
0.011600
-0.043200
0.008200
0.016182
0.012600
-0.022000
-0.015231
-0.006200
-0.000200
-0.020600
0.020909
0.001400
0.001400
0.012800
0.010000
0.000400
-0.005600
-0.011600
-0.003778
-0.001077
0.004941
0.003040
-0.012480
-0.025308
-0.015600
0.007125
-0.015900
-0.004231
-0.018385
0.008933
-0.002000
0.004167
-0.002400
-0.006909
0.000200
-0.006400
-0.005500
-0.017333
0.028000
-0.007200
0.049800
0.011600
0.033200
0.018182
0.019200
0.035200
0.054200
0.042600
-0.005857
0.002000
0.029400
0.040600
0.010600
0.007400
