0.254400
0.248909
-0.012909
0.063636
0.139200
-0.120200
-0.038200
0.112400
0.101091
0.133600
0.082400
-0.069400
0.074182
0.207636
0.170600
0.115000
0.198200
0.073000
-0.170400
0.006200
0.128000
-0.050600
-0.048000
0.195800
0.036400
0.067800
0.136545
0.165800
0.006600
0.217600
0.216600
0.190800
0.036800
0.190400
0.156182
-0.033600
-0.052800
-0.034800
-0.134545
-0.117200
0.139818
-0.098200
-0.040200
0.136800
0.100800
-0.249000
0.109000
-0.076800
0.021600
-0.231818
-0.008727
0.126200
-0.232600
0.104600
-0.033800
0.255800
-0.272600
-0.075818
0.044800
-0.023273
-0.199385
0.125000
0.121800
-0.372200
-0.036364
-0.029000
0.143000
-0.158600
-0.007455
0.144000
-0.198000
-0.052400
-0.174111
0.180308
-0.261412
-0.171120
0.099760
-0.043692
0.013200
-0.040375
0.067100
-0.136000
-0.048615
0.057867
-0.089000
-0.154167
0.110800
0.059818
0.061200
0.269400
0.245375
0.126833
0.174600
0.251800
0.036000
0.187200
0.181800
0.189273
0.054800
0.138200
0.027000
0.014800
0.040857
0.309846
-0.004000
0.038800
0.025600
0.013200
