0.010400
-0.017455
0.008182
-0.015273
-0.001600
-0.004600
-0.014400
-0.020800
0.019455
0.016000
0.017800
0.025200
0.006000
-0.007636
0.008600
-0.006800
0.015200
-0.019200
-0.000200
-0.009000
-0.001400
-0.010600
-0.007200
-0.008750
0.006400
0.005200
-0.012182
-0.002200
0.000000
0.017000
-0.007000
-0.006400
-0.009200
-0.022400
0.007818
0.004600
-0.018200
-0.006000
0.011556
0.003200
-0.014545
-0.000600
-0.001000
0.024600
-0.014600
0.005000
0.018200
-0.007000
0.007800
0.016222
0.013455
-0.020800
-0.011250
0.006800
-0.003600
0.009800
-0.004250
0.000364
-0.005200
0.007091
0.011077
-0.009800
0.017200
-0.015750
0.014182
-0.006600
-0.012800
0.008000
0.000545
-0.012000
-0.004800
-0.026600
-0.004000
0.005538
-0.010941
0.004400
-0.017040
-0.029923
-0.009733
0.006250
-0.006400
0.010538
0.018833
0.004000
-0.010000
0.011000
-0.016400
-0.006364
-0.021600
0.003200
-0.014625
0.001667
0.001000
0.013400
0.018000
-0.009400
0.021250
0.014545
0.017600
0.033200
0.004200
0.029400
0.006000
-0.013231
0.002000
0.013800
0.021000
-0.006200
