-0.021800
-0.017200
-0.016182
-0.034000
0.021200
0.016800
0.006727
-0.002571
-0.039286
-0.034800
-0.042769
-0.038545
0.002571
-0.000485
0.004552
0.003944
0.023200
0.020129
0.015429
0.004000
-0.036750
-0.032485
-0.028000
-0.026857
0.000000
0.029800
0.017200
0.006000
-0.028250
-0.041000
-0.028545
-0.030182
0.007091
0.010200
0.019600
0.025538
0.000296
0.005538
0.005786
0.007938
-0.041556
-0.033286
-0.036923
-0.032385
-0.016368
-0.002867
-0.015200
-0.016083
0.085012
0.087642
0.090105
0.076849
-0.036030
-0.039906
-0.032324
-0.040817
0.569420
0.573406
0.579594
0.573151
0.055291
0.055787
0.057595
0.053132
-0.011046
-0.012464
-0.007594
-0.008646
0.537446
0.536164
0.534667
0.530273
-0.009400
-0.000909
-0.011455
0.009400
0.022400
-0.000667
-0.005273
0.010200
0.012500
0.015714
0.005636
0.005091
0.007800
0.004200
0.014400
-0.003636
-0.001000
0.007600
0.008400
0.027800
-0.018800
-0.015833
-0.030400
-0.029400
0.014000
0.012000
-0.021091
-0.022200
0.002600
-0.013800
0.007818
-0.002200
0.017000
-0.000667
0.001600
0.005429
-0.014800
-0.010364
0.000333
-0.002182
0.042182
0.029833
0.012727
0.017636
-0.017200
-0.025000
-0.035800
-0.026000
-0.007571
-0.002875
-0.005867
0.011571
0.004000
0.025571
0.004000
0.025467
-0.008714
-0.007500
0.001077
0.006200
-0.014333
-0.006333
-0.017273
-0.024800
0.021385
0.020154
0.012182
0.018923
-0.023455
-0.017250
-0.025167
-0.017273
-0.012875
0.003636
-0.000308
-0.017800
0.018000
0.011000
0.004875
0.019091
0.007778
-0.002000
0.001000
-0.012133
-0.016833
-0.007200
-0.024000
-0.026600
0.008400
0.027286
0.002143
0.017000
-0.029200
-0.025333
-0.024833
-0.010182
0.017175
0.021471
0.017125
0.014321
-0.031089
-0.035213
-0.028610
-0.033570
0.480208
0.484575
0.482827
0.482821
0.000000
0.029800
0.017200
0.006000
-0.028250
-0.041000
-0.028545
-0.030182
0.007091
0.010200
0.019600
0.025538
0.010759
-0.006643
-0.006960
0.006571
0.004000
0.003846
0.011462
0.007909
-0.016286
-0.012500
-0.004909
-0.013250
0.005182
-0.003172
0.001571
0.003286
0.008000
0.004200
-0.009000
-0.004200
0.001800
0.004600
-0.003200
-0.001000
-0.015167
0.001400
0.006200
0.013600
0.018000
-0.015000
0.013200
0.009600
0.011833
0.015733
0.010828
0.006519
0.000400
0.005600
0.005400
0.004400
0.008400
0.012600
0.009600
-0.017200
0.027846
0.010200
-0.000200
0.016000
0.021200
0.006400
0.000400
0.004000
-0.037652
-0.027286
-0.020710
-0.017810
-0.004000
0.000000
0.011600
-0.008800
-0.021273
-0.012800
0.005800
0.022800
0.005800
-0.019200
-0.009000
-0.010400
0.007600
-0.011400
0.005400
0.031200
-0.021800
-0.017200
-0.016182
-0.034000
0.021200
0.016800
0.006727
-0.002571
-0.039286
-0.034800
-0.042769
-0.038545
0.002071
0.021793
0.032519
0.021111
-0.024733
-0.011000
-0.016636
-0.019333
0.006857
-0.001917
-0.008385
0.007217
0.005455
0.014692
0.004160
0.010571
-0.015273
-0.005800
-0.005200
-0.003600
0.004000
0.005000
0.008400
0.016400
-0.009000
-0.024000
-0.004800
0.013200
0.010000
0.000400
0.005000
0.035800
-0.002727
-0.000636
-0.007385
-0.005130
-0.006400
-0.000800
0.008400
0.002364
-0.010364
0.008600
-0.004400
0.001000
0.009400
0.011800
0.002400
-0.001000
0.003200
0.019400
0.016400
-0.001600
-0.000538
-0.019355
-0.014533
-0.007158
0.004000
-0.005800
0.007818
-0.004727
0.026600
0.015636
0.017000
-0.020800
0.017600
0.017800
-0.000200
0.002000
0.010182
0.022600
-0.004400
-0.005200
0.005600
0.008667
-0.002000
0.012200
-0.008200
-0.012667
-0.005600
-0.011000
-0.003600
-0.001400
-0.005800
-0.006800
-0.014000
-0.002000
-0.006800
0.008909
-0.021273
-0.001692
0.005636
-0.006364
0.007200
0.004333
0.011167
-0.002400
0.012400
-0.000500
-0.013000
0.008000
-0.000800
0.009455
0.013455
-0.006000
0.014400
0.015692
0.021273
0.036000
-0.012000
-0.012667
-0.009077
-0.008400
0.033600
0.028571
0.030800
0.031000
-0.014200
-0.026600
-0.033800
-0.018800
-0.022769
0.015846
0.007846
-0.001538
-0.000571
-0.004000
0.006727
0.000833
-0.003000
-0.007333
-0.008000
-0.010182
0.018500
0.005400
0.010571
0.023200
0.010667
-0.002556
-0.021143
-0.012000
-0.031455
-0.013000
0.013333
0.004833
-0.016133
-0.003091
-0.011600
0.008500
-0.003667
-0.003818
-0.023733
-0.020800
0.029091
0.028769
0.009818
0.020333
-0.009600
0.015692
-0.009455
-0.013091
-0.003538
0.008154
0.000000
-0.015600
-0.015077
-0.003091
-0.001273
-0.013600
-0.002167
0.002783
0.008240
0.004833
0.010833
0.017273
0.016462
-0.007760
0.010000
0.003750
0.004480
-0.004080
0.008381
0.001852
0.028696
0.012818
-0.013652
0.016476
-0.003000
0.000286
0.012609
0.003167
0.000500
-0.007826
