-0.017200
0.004800
-0.010545
-0.014600
0.010200
0.010000
0.008545
0.005714
-0.034429
-0.023600
-0.021385
-0.011818
0.014000
0.006424
0.006345
0.005278
0.022733
0.012903
0.019357
0.024960
-0.019583
-0.012727
-0.017793
-0.013048
0.025000
0.015400
0.021600
0.023846
-0.010625
-0.019200
-0.018182
0.002909
0.008545
0.013800
0.001200
0.006154
0.010519
0.013462
0.012214
0.002500
-0.035852
-0.031571
-0.024846
-0.029615
-0.001632
-0.003933
-0.018600
0.003917
0.106795
0.100119
0.100184
0.104384
-0.022970
-0.023719
-0.018853
-0.021690
0.241043
0.247625
0.241797
0.235288
0.069620
0.073333
0.076919
0.070658
-0.000831
-0.003159
0.006232
0.009508
0.206092
0.212466
0.210986
0.209970
-0.010600
0.000545
0.014545
0.006400
-0.001200
-0.011167
-0.004909
-0.007000
0.009000
0.003286
-0.007636
0.021636
0.016200
0.015200
-0.014800
0.004364
-0.000667
-0.012000
0.000000
-0.009800
-0.001200
-0.006667
-0.009800
-0.003400
-0.006000
-0.002200
-0.002727
-0.002600
0.001600
-0.006600
0.011455
0.000800
0.003200
-0.005500
0.001600
0.004000
-0.007600
0.024182
-0.004833
0.000182
0.005818
0.000500
-0.012545
0.015636
0.000400
0.009400
-0.020000
-0.002909
0.003571
-0.011125
0.002133
0.006571
0.010571
0.010429
0.030000
0.007733
-0.001286
-0.018875
-0.000769
-0.001600
-0.002167
-0.020333
-0.010909
-0.008800
0.020308
0.022462
0.018909
0.030615
-0.016182
-0.011250
-0.004333
-0.010909
0.001500
0.005818
0.008462
-0.010000
0.014364
0.015571
0.010125
0.005818
0.006222
0.008375
0.007000
-0.002000
-0.007167
-0.010533
-0.006333
-0.007000
0.006933
0.004000
0.008000
0.029600
-0.013800
-0.002267
-0.013833
-0.016545
0.020900
0.018437
0.024075
0.024000
-0.028152
-0.025888
-0.023073
-0.023949
0.165377
0.166600
0.153253
0.160949
0.025000
0.015400
0.021600
0.023846
-0.010625
-0.019200
-0.018182
0.002909
0.008545
0.013800
0.001200
0.006154
-0.008345
-0.007786
0.005840
0.006214
0.010769
0.002154
0.006692
0.014364
-0.003357
-0.010929
-0.011818
-0.002500
0.009000
-0.002690
0.002357
0.004357
-0.004800
-0.012400
0.011200
0.016400
-0.011800
0.019200
-0.022000
0.007200
0.000500
-0.007000
0.002000
-0.006800
0.003000
0.002600
-0.016800
-0.023600
-0.001333
0.009867
0.008000
0.010963
-0.004600
0.005400
0.006600
0.009800
-0.005800
-0.010800
-0.001600
-0.005800
0.016769
-0.005200
0.001000
0.012000
-0.002200
0.001200
0.015800
0.006200
-0.011043
0.002000
-0.005742
-0.020286
0.004800
-0.020727
-0.010000
-0.006000
0.000364
0.002800
-0.016600
0.008600
0.002600
-0.003200
-0.006000
-0.005000
0.017200
0.002600
0.003400
0.000000
-0.017200
0.004800
-0.010545
-0.014600
0.010200
0.010000
0.008545
0.005714
-0.034429
-0.023600
-0.021385
-0.011818
0.014214
0.020621
0.008667
0.004815
-0.001200
-0.006500
-0.004364
-0.009407
-0.006000
-0.007167
-0.018231
-0.001478
0.010455
0.003846
-0.006720
-0.000381
-0.002727
-0.003600
-0.012600
-0.022600
0.010000
-0.007600
-0.012400
-0.016400
-0.005200
-0.002000
0.011800
-0.017400
-0.007000
0.006400
0.008000
-0.002400
0.010091
-0.009091
-0.007231
-0.013130
0.010200
-0.018200
-0.005000
-0.007636
-0.011636
-0.008800
0.004600
-0.002167
0.012600
-0.004200
0.003000
0.013800
-0.007000
-0.012800
0.006600
-0.004200
-0.002000
-0.004710
0.013267
-0.005579
0.002600
-0.016200
0.008909
0.021455
-0.004800
0.006364
0.003400
0.012800
0.011200
0.015600
0.005000
0.015200
-0.008727
0.005200
0.010600
-0.001000
-0.005600
0.000000
0.008600
-0.007800
-0.001200
0.007167
-0.003200
-0.016000
0.017800
-0.000600
0.012600
0.005200
0.000800
-0.013636
0.003200
-0.002545
0.002909
0.004308
-0.020182
-0.000182
-0.000400
0.006833
-0.003000
-0.015800
0.023200
0.010833
0.014200
0.008769
0.009200
-0.000182
0.001818
0.006200
0.011400
0.000923
0.014909
0.003400
0.000364
-0.020167
-0.017385
0.004000
0.010600
0.004000
0.000800
0.009000
-0.009800
-0.001800
0.005600
-0.001000
-0.008308
-0.011077
-0.000154
0.002000
-0.000857
0.007000
0.004000
0.017167
-0.000222
0.003500
-0.007636
-0.001273
0.013500
0.012000
0.003286
0.006200
0.013167
0.002111
-0.012000
-0.003231
-0.008727
-0.013667
-0.007167
0.001167
-0.000800
0.003818
0.005800
-0.002167
-0.009500
0.002909
-0.001600
0.007800
0.007455
0.007231
-0.003273
0.008000
-0.004200
0.001692
-0.008000
-0.013636
-0.006308
0.002000
0.026667
0.004000
-0.006154
-0.001455
-0.005273
-0.014200
0.006333
-0.019478
-0.003680
-0.003167
0.013500
0.003455
0.001308
0.000480
0.002000
0.006417
-0.006080
-0.002560
-0.005524
0.000074
0.003391
-0.008818
0.018870
0.011143
0.009417
-0.009619
0.008870
-0.002250
-0.006214
-0.001043
