0.000800
-0.002000
-0.027455
-0.014800
0.018400
0.026400
-0.015091
0.001143
-0.033429
-0.031200
-0.027231
-0.028000
0.008571
0.000242
0.006483
0.000500
0.013400
0.012839
0.030786
0.013600
-0.018917
-0.018848
-0.014828
-0.026190
0.033000
0.022400
0.024800
0.021385
-0.020625
-0.012400
-0.013273
-0.013636
0.022000
0.006800
0.002800
0.008615
0.007778
0.010231
0.014714
0.004938
-0.025926
-0.030429
-0.022385
-0.036692
-0.016421
-0.019867
-0.012333
-0.004583
0.093831
0.100507
0.096237
0.100247
-0.028364
-0.019000
-0.025735
-0.015380
0.296957
0.293938
0.289449
0.290904
0.076101
0.072373
0.075919
0.069105
-0.001169
0.005130
0.000667
-0.002185
0.262031
0.264137
0.260957
0.258606
0.011800
0.008000
0.007455
0.001800
0.000800
0.006000
0.006364
0.014200
0.023833
0.019143
-0.001455
0.007273
-0.002400
-0.009200
0.001000
0.016182
0.009333
0.009400
-0.010933
0.009200
-0.023000
-0.023167
-0.017400
-0.006800
0.005400
-0.011200
0.004182
-0.009400
0.006000
0.012000
-0.000182
0.005400
0.013800
-0.000500
0.016000
0.025000
0.000200
0.008364
-0.006000
-0.007818
-0.002182
0.007667
0.008364
0.004909
-0.010200
0.002600
-0.009400
-0.007273
0.005000
-0.004875
-0.015200
-0.001286
0.022857
0.012857
0.033000
0.019333
-0.015143
-0.010125
-0.003077
-0.000400
-0.005000
-0.010333
-0.011091
-0.004400
0.010462
0.025231
0.022000
0.010923
-0.003636
-0.018500
-0.019500
-0.005273
-0.003875
-0.006545
0.016615
0.006000
0.003636
0.011571
0.000500
0.012909
-0.005778
-0.007375
-0.008167
0.007067
-0.016000
-0.002933
0.003111
0.003200
0.001067
0.004857
0.030714
0.009800
-0.008400
-0.007467
-0.006500
-0.008000
0.024975
0.015356
0.032000
0.021704
-0.017620
-0.025865
-0.027951
-0.027924
0.213558
0.213650
0.210880
0.210821
0.033000
0.022400
0.024800
0.021385
-0.020625
-0.012400
-0.013273
-0.013636
0.022000
0.006800
0.002800
0.008615
-0.016000
0.000071
0.000880
-0.002357
0.011692
0.010385
0.012462
0.013000
0.000500
-0.009214
-0.008636
-0.012250
-0.000727
0.006414
-0.003571
-0.003643
0.002800
-0.012600
-0.017200
0.023800
-0.004200
-0.010400
-0.004600
-0.005800
-0.006333
0.001200
0.015200
-0.000400
0.000200
0.009200
-0.000200
0.002000
0.020250
0.000667
-0.006207
0.008889
0.001000
-0.005000
-0.003600
-0.018400
0.004400
0.002200
0.002600
0.001200
-0.004308
0.006800
-0.015400
0.014000
-0.002600
0.003000
-0.014400
0.012400
-0.016261
-0.007214
-0.012968
-0.019905
-0.021000
-0.011455
-0.000400
-0.010400
0.007091
-0.020200
-0.004400
0.004200
-0.010200
0.017800
-0.018600
-0.011200
0.006600
0.011000
0.007000
0.012200
0.000800
-0.002000
-0.027455
-0.014800
0.018400
0.026400
-0.015091
0.001143
-0.033429
-0.031200
-0.027231
-0.028000
0.014286
0.010621
0.019556
0.020444
-0.010067
-0.009833
-0.015727
-0.010593
0.001571
0.003417
-0.007077
0.004348
0.005091
0.012615
0.009200
0.010476
0.013455
0.021600
-0.002800
0.015200
-0.029200
0.002200
-0.001000
0.018600
0.004800
-0.007000
0.007600
0.000200
-0.016400
-0.001200
0.001800
-0.006200
0.002727
0.000636
-0.019308
-0.014783
-0.003600
-0.001400
0.000600
-0.008182
0.009818
-0.004200
0.006400
-0.002167
-0.003800
-0.013600
-0.001600
0.001600
0.008400
-0.005000
-0.000200
0.009000
-0.006462
-0.004903
-0.006000
-0.006632
-0.006400
0.015200
0.000182
-0.001818
0.015800
-0.021091
-0.002600
-0.013600
-0.007000
-0.008400
0.014400
0.010200
-0.008000
-0.008800
0.007600
0.003400
0.002600
-0.004500
0.013800
-0.021200
0.001000
-0.004333
0.005200
0.000000
-0.007400
0.007400
0.017800
0.006600
-0.002000
-0.007818
0.016400
-0.003273
-0.000364
0.010154
-0.005091
0.011091
-0.015600
0.005833
0.008333
-0.000800
-0.000400
0.001500
-0.015800
0.010923
0.015200
-0.005273
0.008545
-0.017000
0.002200
-0.012308
0.011636
0.007600
-0.022545
-0.019000
-0.008769
-0.014600
0.019200
0.006714
0.018200
0.007000
-0.002200
-0.019800
0.003600
-0.022000
-0.007077
-0.001231
0.004154
0.003846
0.012286
-0.001833
0.002364
-0.006500
-0.011222
-0.019500
0.000182
0.009273
0.011500
0.006000
0.005286
0.016200
-0.001333
-0.003556
-0.002429
0.018154
-0.004545
-0.004667
-0.007500
-0.007000
0.008667
-0.004545
-0.003600
0.011500
-0.013500
-0.006727
-0.004267
0.016600
0.015636
0.018308
0.007636
0.002833
0.007400
-0.016462
-0.008182
-0.005636
-0.006154
-0.004615
0.006500
0.014200
-0.007077
-0.004182
-0.015091
-0.001000
-0.008667
0.004783
-0.001920
0.002667
0.008750
0.007182
0.005077
0.008000
0.001130
0.001083
0.003120
-0.009120
0.002762
0.014222
0.003391
0.015909
-0.005478
-0.013048
-0.014333
0.001714
-0.012261
0.005833
-0.010500
0.007739
