-0.005600
-0.008800
-0.004000
-0.009200
-0.002600
0.003800
0.006364
0.007714
-0.033857
-0.048800
-0.032000
-0.045091
-0.002929
0.000424
0.006207
0.000333
0.015800
0.018774
0.013429
0.019200
-0.017417
-0.021576
-0.017241
-0.007238
0.040000
0.012200
0.003800
0.027846
-0.018750
-0.013000
-0.023818
-0.026909
-0.000545
-0.002000
-0.013400
-0.011077
0.007259
0.010077
0.004357
0.007875
-0.040222
-0.034286
-0.028769
-0.031231
-0.015579
-0.011733
-0.014667
-0.008750
0.093566
0.097045
0.095895
0.093205
-0.021788
-0.021875
-0.026676
-0.030930
0.400783
0.405562
0.399913
0.404877
0.070076
0.069947
0.062108
0.067105
-0.005938
-0.000174
-0.000174
0.000185
0.368862
0.363534
0.371449
0.365818
0.007200
0.020727
0.003818
0.019200
0.008600
0.000667
0.008364
0.001200
0.012167
0.012286
0.000364
0.013455
-0.004400
0.013000
-0.008800
0.030000
0.019667
0.004600
0.006133
0.001400
-0.036400
-0.012000
-0.009400
-0.000200
0.010400
-0.013400
-0.016182
-0.007400
0.011200
-0.004600
-0.003091
0.011600
0.019600
0.006000
0.013000
0.005571
-0.003200
-0.004727
-0.005500
0.008364
0.002727
0.031333
0.016364
0.028909
-0.014600
-0.012200
-0.001800
-0.005091
-0.019429
0.000125
-0.001600
-0.004571
0.003571
0.015571
0.006143
0.011600
0.002429
-0.012500
-0.013692
0.008800
-0.004667
0.001833
-0.002909
-0.008400
0.008769
0.033385
0.027091
0.013385
-0.002182
-0.034875
-0.009833
-0.008182
-0.004500
-0.001091
-0.010154
0.007800
0.017636
0.021571
0.011750
0.005455
0.002667
-0.007750
-0.007000
0.004800
-0.009167
0.006800
-0.003556
-0.012200
0.010800
0.009857
0.013000
0.024200
-0.016400
-0.016533
-0.010667
-0.021455
0.015875
0.022276
0.020425
0.018914
-0.032608
-0.026652
-0.028634
-0.025063
0.321403
0.325825
0.318880
0.323333
0.040000
0.012200
0.003800
0.027846
-0.018750
-0.013000
-0.023818
-0.026909
-0.000545
-0.002000
-0.013400
-0.011077
0.002207
0.002429
0.000640
-0.006429
0.015769
0.011692
0.006923
0.008273
0.002357
-0.010429
-0.002091
-0.007333
0.008818
0.003655
-0.000429
-0.004071
0.005800
0.009000
-0.005600
0.005200
0.001400
-0.007000
-0.021800
0.006400
-0.006333
0.004000
0.011000
0.015800
0.020400
0.006600
0.018400
0.013800
0.013667
0.006733
0.000345
0.008593
0.001600
0.015400
-0.013400
0.000600
0.010400
0.011800
0.007000
0.014400
0.008462
0.003200
0.019600
0.020000
0.009400
0.006000
-0.001800
0.013800
-0.021391
-0.005357
-0.006194
-0.008952
-0.019200
-0.000909
-0.000800
-0.003600
0.010364
-0.006000
0.023800
-0.002400
-0.004400
-0.019200
0.015800
0.010200
0.015600
0.009800
-0.008200
0.000600
-0.005600
-0.008800
-0.004000
-0.009200
-0.002600
0.003800
0.006364
0.007714
-0.033857
-0.048800
-0.032000
-0.045091
0.008857
0.018966
0.008815
0.013259
-0.016467
-0.020417
-0.013091
-0.015630
0.001571
0.008083
-0.007538
0.002783
-0.003091
-0.000538
0.010160
0.007905
-0.010909
-0.009000
0.018800
-0.001800
0.008600
-0.003800
0.003000
0.002400
0.000800
0.005800
0.001800
0.003600
-0.004400
-0.002000
0.020200
-0.001800
-0.006091
-0.007909
-0.009846
0.005304
-0.023000
-0.014600
0.011800
-0.017818
-0.001818
0.002400
0.015400
0.023333
-0.015600
0.029200
0.009000
0.007600
0.024800
0.022800
0.012600
0.019200
-0.012923
-0.012774
0.001333
0.002316
-0.008800
0.004000
0.001818
-0.009455
0.010600
0.007455
0.019400
0.012200
0.002200
-0.005800
-0.008800
0.012000
-0.006727
-0.003400
-0.005000
-0.004400
-0.008600
-0.002333
0.013000
0.007600
0.007800
0.005167
0.000400
0.003000
-0.002400
0.007600
-0.001200
0.001800
-0.003000
0.015091
0.001000
-0.009818
-0.002182
-0.003692
0.011818
0.003636
-0.016400
0.007500
0.010000
-0.006200
-0.000200
0.014167
0.002200
0.008000
-0.009800
-0.002000
-0.004000
-0.020000
0.009800
0.009231
0.010727
0.013000
-0.019636
-0.009167
-0.006923
-0.007200
0.016000
0.029429
0.012400
0.035200
-0.004200
-0.008600
-0.009000
-0.015000
-0.002923
0.005846
-0.010308
0.013538
-0.010000
0.020667
0.003273
0.011333
-0.009000
-0.012167
-0.010909
0.006909
0.012167
0.021600
0.026429
-0.016200
-0.002500
-0.005111
0.000286
0.003846
0.002909
-0.014000
-0.006000
-0.010167
0.013600
0.009091
0.003200
0.005667
-0.006167
-0.014000
-0.009200
-0.016600
0.004727
0.013846
0.005455
0.017333
0.001000
-0.004154
-0.014000
-0.011273
-0.002308
-0.000462
-0.012167
0.006000
-0.010923
-0.005636
-0.020545
-0.016000
-0.002667
0.003043
0.005040
0.003083
0.009583
0.013545
0.014462
0.006080
0.004000
0.011917
0.010640
-0.000240
0.006381
0.008148
0.015565
0.011273
-0.007478
-0.006000
-0.005667
-0.000381
-0.003043
-0.007167
-0.000143
0.007478
