-0.004600
-0.024600
-0.028909
-0.032200
0.005000
0.002400
0.003273
-0.001571
-0.029714
-0.026200
-0.035538
-0.020727
0.007714
0.005939
0.002414
0.001722
0.026333
0.020968
0.014857
0.015440
-0.002333
-0.009818
-0.014690
-0.013619
0.005800
0.032000
0.023600
0.032308
-0.016000
-0.022200
-0.022000
-0.005091
0.011455
0.005800
0.003000
-0.003846
0.013926
0.006769
0.014786
0.008250
-0.023333
-0.015643
-0.028308
-0.032385
-0.012737
-0.004533
-0.012267
-0.012000
0.103566
0.098866
0.105395
0.101397
-0.027576
-0.013437
-0.023971
-0.026197
0.319275
0.315500
0.312377
0.313479
0.067038
0.074427
0.076027
0.072237
0.001169
0.005333
0.004609
-0.004400
0.282985
0.283671
0.282870
0.279333
0.010600
-0.012545
0.005273
-0.003000
0.007200
-0.001667
-0.005091
-0.003000
0.016333
0.011714
0.011091
0.012909
-0.001400
0.016200
-0.007600
-0.007091
0.011000
0.011400
0.004133
0.022800
-0.013200
-0.009167
-0.002600
-0.012000
0.012600
0.019400
0.003818
0.011600
-0.010600
-0.001600
-0.004909
0.004800
-0.001800
0.018500
-0.000600
-0.002429
-0.000800
0.003273
-0.007000
0.010000
0.006000
0.015833
0.018909
0.035636
-0.017000
-0.010400
-0.011200
-0.016727
-0.000857
-0.002625
-0.010933
-0.002000
0.017000
0.017143
0.018143
0.012133
-0.014143
-0.005625
-0.011846
-0.001400
0.004500
-0.003667
-0.004727
-0.007200
0.009538
0.010000
-0.000182
0.020923
-0.009818
-0.007000
-0.007167
-0.007091
-0.001500
0.008000
-0.002000
-0.009000
0.011636
0.016000
0.026000
-0.004000
-0.003444
0.001250
0.007167
-0.011200
0.003500
-0.015067
-0.007444
-0.007600
0.010667
0.001714
0.015429
0.000000
-0.022400
-0.015067
-0.010000
-0.020364
0.018475
0.023908
0.017350
0.022914
-0.023722
-0.030539
-0.030122
-0.023696
0.231792
0.234225
0.235040
0.229641
0.005800
0.032000
0.023600
0.032308
-0.016000
-0.022200
-0.022000
-0.005091
0.011455
0.005800
0.003000
-0.003846
-0.000483
0.002143
-0.010320
-0.005143
0.017692
0.004538
0.025769
0.008909
-0.004500
-0.005000
-0.003182
-0.011167
-0.003818
0.012069
0.000000
0.016429
-0.006200
0.004000
0.003600
0.001800
-0.015200
0.005400
0.005200
0.014200
-0.021833
-0.009000
-0.008600
0.005400
0.009200
0.005400
-0.013200
-0.012800
0.000917
0.008467
0.011517
0.009333
-0.014000
-0.006000
-0.025000
-0.001200
0.007400
0.009200
-0.010200
0.009800
-0.012154
-0.003200
0.000600
0.005800
-0.002600
-0.011000
0.003600
-0.001200
-0.022087
-0.016214
-0.021419
-0.011333
0.003000
0.026000
0.009400
0.003200
0.003818
-0.002200
0.005400
0.011400
0.003200
-0.008600
0.000800
-0.010400
0.018200
0.014200
0.000600
0.006400
-0.004600
-0.024600
-0.028909
-0.032200
0.005000
0.002400
0.003273
-0.001571
-0.029714
-0.026200
-0.035538
-0.020727
0.015357
0.014690
0.006815
0.017704
-0.013600
-0.017083
-0.021000
-0.008074
-0.009429
-0.004417
-0.006692
-0.004957
0.004364
0.005615
0.006000
-0.002476
-0.006364
0.018600
0.002000
0.010600
-0.012400
0.016800
0.010200
0.002200
0.006400
0.002000
0.005600
-0.004600
-0.010400
-0.002000
0.008200
-0.017000
0.003364
-0.011273
-0.001615
0.001739
0.031400
0.015200
-0.007000
0.005636
0.005091
-0.005000
-0.005000
0.005667
-0.001200
-0.015000
-0.005000
0.021400
-0.002200
0.012800
-0.008000
0.013200
-0.001692
0.002065
0.001867
0.002316
-0.004600
-0.006000
0.003636
0.000000
0.016200
-0.002545
0.014200
0.003800
0.007800
0.003400
-0.015400
-0.032400
-0.006182
-0.012200
-0.008200
0.009000
-0.033000
0.000833
-0.018400
-0.005600
0.012000
0.005833
-0.010800
0.000800
-0.000800
-0.001200
-0.007400
0.017000
0.005600
0.000909
0.002000
0.005091
-0.003273
0.003385
0.012000
0.007273
-0.008400
-0.012667
0.001167
0.001200
-0.004000
0.001333
0.000800
-0.012308
0.010800
0.003091
-0.016545
-0.008400
0.004800
0.024154
0.014727
0.016200
-0.009636
-0.002833
0.005385
0.016600
0.009800
0.019857
0.010200
0.026000
-0.017200
0.002200
-0.022600
-0.020200
-0.002615
0.002923
-0.010154
-0.001538
0.008000
-0.014500
0.015455
-0.001667
-0.001778
0.009333
-0.005273
-0.001273
0.009500
0.024000
0.012429
-0.002800
0.010667
0.013111
-0.006286
-0.002308
-0.004545
0.003000
-0.007167
-0.002167
0.003200
-0.000727
0.015200
0.003833
-0.010167
0.006364
-0.005867
-0.011800
0.027091
0.023846
-0.004909
0.013167
0.007800
-0.009538
-0.019455
-0.005273
0.015846
-0.003538
0.006167
-0.013200
-0.005077
0.000545
0.004182
-0.018400
0.005417
0.011478
0.003600
-0.005833
0.008583
0.011818
0.004692
0.012400
-0.000522
-0.005500
-0.002960
0.001760
0.004762
0.006667
0.010000
0.011909
-0.001043
-0.007048
-0.013000
-0.002952
0.005217
-0.004250
0.001000
-0.011130
