-0.018800
-0.007000
-0.011091
-0.033800
0.003400
-0.001400
0.005455
-0.013143
-0.036286
-0.047800
-0.037692
-0.025091
0.008000
-0.001152
-0.004552
0.002556
0.022400
0.020903
0.010071
0.006880
-0.025750
-0.022242
-0.015172
-0.014476
0.034600
0.032200
0.027600
0.030308
-0.009375
-0.009000
-0.007818
-0.008909
0.011273
0.005000
0.036200
0.001692
0.001481
0.004077
-0.000143
0.009687
-0.027704
-0.028714
-0.032538
-0.032231
-0.014895
-0.010933
-0.009533
-0.020417
0.094675
0.095522
0.096868
0.100301
-0.028182
-0.028531
-0.034059
-0.025944
0.366551
0.367156
0.365478
0.370356
0.068228
0.069893
0.065568
0.065737
0.000985
-0.002754
-0.000174
0.002092
0.332954
0.335726
0.331101
0.338788
0.013400
0.004727
0.012000
-0.007200
-0.013000
0.000167
-0.000182
0.009400
0.008833
0.019571
0.015455
0.003091
0.012000
0.005000
-0.006600
-0.017455
0.022333
0.014400
0.000400
-0.005200
-0.014400
-0.019333
-0.002800
-0.025800
0.009000
0.004400
0.010000
-0.008200
0.008800
0.009000
0.001636
0.001800
-0.000200
0.000000
-0.003600
-0.006429
-0.008800
0.009455
0.006000
0.022000
0.008727
0.009500
0.020909
0.021273
-0.032600
-0.024200
0.003600
-0.000909
-0.000571
-0.001250
-0.013200
-0.004429
0.011857
0.016000
0.012571
0.012533
-0.010143
-0.010125
-0.012462
-0.017400
-0.012667
-0.017167
-0.010909
-0.030600
0.022615
0.020923
0.020000
0.007231
-0.008909
-0.030875
-0.016833
-0.021636
0.001500
0.008727
0.011077
-0.000200
0.008182
-0.002143
0.017500
0.022000
-0.011778
-0.006875
0.000000
0.020800
-0.013000
-0.011600
0.005000
-0.005800
0.009333
0.014143
0.000857
0.017400
-0.013400
-0.002133
0.002500
0.000727
0.022825
0.026253
0.024725
0.020667
-0.033823
-0.032876
-0.029220
-0.025418
0.282468
0.280225
0.289787
0.284077
0.034600
0.032200
0.027600
0.030308
-0.009375
-0.009000
-0.007818
-0.008909
0.011273
0.005000
0.036200
0.001692
-0.011103
-0.004357
-0.012000
-0.005000
0.021231
0.012846
0.014154
0.013182
-0.000071
-0.002357
-0.000545
-0.009250
0.004818
0.004207
0.000143
-0.004929
0.007000
0.000200
-0.006200
0.001400
0.009800
0.006000
0.005000
-0.007000
0.018000
-0.014200
0.004000
0.012200
0.016600
0.012000
0.005000
0.012200
0.013083
0.009133
0.010345
0.008370
-0.021800
0.005800
0.018600
-0.004000
0.005400
-0.003200
-0.002600
-0.002200
-0.008154
-0.001000
0.006800
-0.003800
-0.012800
-0.001400
0.015800
-0.010600
-0.015652
-0.021786
-0.009677
-0.019905
0.010400
-0.014000
-0.011400
0.007800
-0.000909
0.000600
0.002800
0.003400
-0.001600
0.017200
-0.011800
0.002200
0.028000
0.013000
0.004800
0.015600
-0.018800
-0.007000
-0.011091
-0.033800
0.003400
-0.001400
0.005455
-0.013143
-0.036286
-0.047800
-0.037692
-0.025091
0.024000
0.012207
0.019630
0.009333
-0.023000
-0.016917
-0.015364
-0.018444
-0.005500
-0.011000
0.000154
-0.007565
0.003182
0.001692
-0.005280
-0.001048
0.000364
0.005200
-0.001400
-0.008400
0.019000
0.003400
0.007400
0.001400
0.002400
-0.003200
-0.000600
0.008000
0.021000
-0.003200
0.002800
0.010200
-0.013818
-0.009909
-0.012846
-0.008087
0.000400
0.019000
0.009600
0.000182
-0.004182
0.008600
0.022800
0.019667
0.013200
-0.015200
0.010200
-0.015800
0.006000
0.009000
-0.002600
-0.003800
-0.024538
-0.008258
-0.009800
-0.005263
-0.007600
0.001400
0.001455
0.020182
0.009400
0.013455
0.008000
-0.017400
0.014600
0.008000
0.002600
-0.001400
0.003273
0.016400
-0.014400
0.000400
-0.013200
0.001667
0.007600
0.018000
0.007600
0.013333
-0.007800
-0.009400
0.005600
0.016400
0.006800
-0.001000
-0.010600
-0.005273
-0.008800
0.002727
-0.010909
0.006000
0.003818
0.002000
0.004000
-0.009500
0.010833
0.018200
-0.000400
0.005167
0.025200
-0.008923
0.004800
0.002545
-0.011091
-0.009600
0.014800
0.004923
0.005455
0.011600
-0.002000
-0.024667
-0.003231
-0.008000
0.016200
0.019143
0.033600
0.027600
-0.027800
-0.025400
-0.000200
-0.008800
0.015077
0.002000
0.011077
0.010308
0.013143
0.003167
0.014909
0.009333
0.004222
-0.010833
-0.007818
-0.002545
0.013667
0.013400
0.028571
-0.007600
0.008833
-0.007222
0.005286
-0.002923
-0.011636
-0.002500
-0.002667
-0.005833
0.003333
0.002182
-0.003200
-0.001000
-0.010667
0.002182
-0.008933
-0.000600
0.025091
0.015385
-0.001091
0.007667
0.000000
-0.001231
-0.006364
-0.008364
0.004462
0.007692
0.009833
0.004000
-0.014462
-0.015636
-0.004909
0.010600
-0.015333
0.008957
-0.000960
-0.007417
0.022417
0.008364
0.018231
0.003920
0.009391
-0.005333
-0.006640
-0.003360
0.023333
0.004296
0.013739
0.004636
-0.009913
-0.010762
-0.008167
-0.001905
-0.005652
0.011250
0.004429
-0.009913
