-0.001800
-0.009400
-0.026000
-0.008400
0.003400
0.018000
0.014545
0.009143
-0.035714
-0.009200
-0.013692
-0.025455
0.002143
0.006303
0.004414
-0.001778
0.019733
0.022258
0.016429
0.019040
-0.017333
-0.018727
-0.005655
-0.009810
0.019000
0.011600
0.024800
0.035231
-0.014500
-0.015600
-0.032909
-0.015091
0.023091
0.010800
-0.009600
0.008923
0.010444
0.004077
0.017286
0.011312
-0.021704
-0.034857
-0.015077
-0.012462
-0.011000
-0.007200
-0.006867
-0.001333
0.100434
0.103910
0.105368
0.106521
-0.017364
-0.018094
-0.026735
-0.021437
0.263710
0.264937
0.266957
0.261562
0.072557
0.070400
0.075216
0.071447
0.003015
0.002957
-0.000493
0.004985
0.235723
0.232685
0.238580
0.236242
0.007400
-0.028182
-0.004000
0.005400
-0.017200
-0.005167
-0.015455
0.008400
0.001833
0.001857
0.002364
0.006000
0.014800
-0.002800
-0.008000
0.011091
-0.010000
0.001600
0.005067
-0.004000
-0.021800
0.000167
-0.008800
-0.005800
-0.005000
-0.008400
0.000000
0.008800
-0.016800
-0.005200
-0.003636
0.006600
-0.010400
0.018500
0.004000
-0.001143
-0.005000
-0.003818
0.000833
0.014909
0.000182
0.006667
0.012727
0.013636
-0.016000
-0.007600
0.002000
0.002182
0.012286
0.000375
-0.003867
-0.005714
-0.000429
0.020000
0.016571
0.022267
-0.010429
-0.007375
-0.001385
-0.016800
-0.016500
-0.012333
-0.008545
-0.011400
0.014462
0.013385
0.027455
0.012000
0.006909
0.005250
-0.006500
-0.008545
-0.008125
0.006364
0.005538
0.015800
0.006727
0.011857
0.006500
0.001455
-0.000556
0.005625
-0.016167
-0.004667
-0.027000
-0.005067
-0.004889
0.002000
0.004133
0.011857
0.002143
0.017600
-0.016600
-0.012667
-0.005167
0.007636
0.021450
0.025172
0.023950
0.028864
-0.025392
-0.024584
-0.031585
-0.023241
0.190364
0.194375
0.184000
0.187077
0.019000
0.011600
0.024800
0.035231
-0.014500
-0.015600
-0.032909
-0.015091
0.023091
0.010800
-0.009600
0.008923
-0.002414
-0.004929
-0.004880
0.004643
0.012154
0.008231
0.002846
-0.004545
-0.001929
-0.001357
-0.003273
0.005000
0.012273
0.005793
0.004500
0.001500
-0.003400
-0.004000
-0.005400
0.008600
-0.012800
-0.003400
-0.006400
0.014000
0.012500
0.010000
-0.013200
0.000800
-0.005800
0.016600
0.002600
0.005800
0.006500
0.007067
0.008759
0.002296
-0.002400
0.013400
-0.013800
0.002000
0.016400
-0.000200
0.000600
0.001600
-0.000769
-0.001800
0.001200
0.000800
0.007400
0.007000
-0.001600
0.012800
-0.021826
-0.010857
-0.014129
-0.001714
0.004000
-0.018364
0.002400
-0.011200
0.007818
-0.001600
-0.007800
-0.002800
0.004800
-0.001000
0.006800
-0.004600
-0.002600
0.002400
-0.010000
-0.004400
-0.001800
-0.009400
-0.026000
-0.008400
0.003400
0.018000
0.014545
0.009143
-0.035714
-0.009200
-0.013692
-0.025455
0.018643
0.015448
0.014815
0.005111
-0.009333
-0.013250
-0.017182
-0.009333
-0.001786
0.002500
0.003846
-0.002174
0.005182
-0.006308
0.003120
0.007048
-0.005091
-0.015400
0.009800
-0.014000
-0.004400
0.000000
-0.005600
0.002600
-0.003800
-0.007800
-0.026200
0.006200
0.016400
-0.002000
0.004400
-0.008200
-0.005182
-0.010091
-0.006154
0.003391
-0.008400
-0.006600
-0.005600
-0.017273
0.008000
0.004000
0.002400
0.005667
-0.008200
0.006400
-0.014400
-0.008800
-0.003800
-0.007200
-0.004800
0.008800
0.005615
-0.006323
-0.001067
-0.002737
-0.015400
0.000400
-0.001273
0.003455
0.008400
-0.002545
0.026800
0.009800
0.003800
0.003200
0.013200
-0.007400
-0.004909
0.008000
-0.012800
-0.009800
-0.004600
-0.012167
-0.010800
-0.006400
0.021000
-0.001667
-0.009000
0.010200
0.002400
0.011800
0.003200
-0.019400
0.004000
0.001818
0.018200
0.002727
-0.003455
-0.005385
-0.018545
0.007636
-0.012200
-0.001333
0.007833
0.006200
0.001200
0.003167
0.003800
0.005385
-0.001000
0.004000
-0.003818
0.004400
-0.001400
0.020769
-0.004182
-0.005200
0.005636
-0.007000
-0.009538
-0.004600
0.008600
0.015286
0.012800
0.010800
-0.010400
-0.016600
-0.011600
-0.000600
-0.000308
-0.002769
-0.004154
-0.008615
-0.012143
0.005167
-0.002364
-0.003167
0.007556
0.000500
0.015818
-0.010545
0.009833
-0.001800
0.009429
0.031400
0.009333
-0.002000
-0.010571
-0.017385
-0.000909
-0.013500
-0.006667
-0.006833
0.012267
-0.010545
0.002400
-0.014667
-0.002667
-0.010182
-0.010933
0.006400
-0.016182
0.009538
0.008000
0.013667
-0.005200
-0.009846
-0.004364
-0.003273
0.016308
-0.008769
0.004833
0.013400
-0.003077
-0.014364
-0.002545
-0.001000
-0.003917
-0.001304
0.007360
0.000750
0.004917
0.020091
0.003769
-0.003840
-0.009565
-0.007917
-0.006160
-0.002960
0.002000
0.015407
0.003565
0.005273
-0.006435
0.012190
-0.003750
0.005714
-0.005565
-0.020167
-0.000571
0.000174
