-0.007800
-0.021600
-0.005636
0.000000
-0.004800
0.012400
0.012909
0.000857
-0.035143
-0.049600
-0.038615
-0.055818
0.006214
0.004667
0.006069
0.015889
0.013400
0.009419
0.015714
0.012080
-0.026833
-0.030182
-0.029931
-0.035333
0.015000
0.010400
0.008800
0.006923
-0.023500
-0.029800
-0.024727
-0.027091
0.029636
0.025800
0.015000
0.019385
0.009407
-0.001538
-0.001429
0.004562
-0.034444
-0.034357
-0.040615
-0.033154
-0.006211
-0.007200
-0.011733
-0.018667
0.081349
0.078418
0.072684
0.074411
-0.035212
-0.038750
-0.033824
-0.039972
0.658319
0.659375
0.656812
0.654575
0.045494
0.042640
0.047514
0.047421
-0.014462
-0.012464
-0.016000
-0.014708
0.615292
0.614247
0.612638
0.621394
0.017800
0.014182
0.016909
-0.005200
0.002600
-0.001500
0.012727
-0.006200
0.003000
0.012714
-0.008182
-0.000182
0.008800
-0.004200
-0.005000
-0.009091
0.025333
0.003000
0.008933
0.010400
-0.037200
-0.019167
-0.021200
-0.008000
0.005000
0.008400
0.001091
-0.001000
0.000400
0.017400
-0.008727
0.005600
-0.014200
0.004000
-0.024600
0.008000
0.000800
-0.000727
0.001333
0.005273
0.029091
0.038000
0.020364
0.042182
-0.030800
-0.035200
-0.019200
-0.030182
0.009429
-0.010000
0.000400
-0.008857
0.024571
0.011429
0.023429
0.018667
-0.020000
-0.022500
0.000923
0.004800
-0.016000
-0.014000
-0.008909
-0.037600
0.006154
0.007846
-0.000364
0.018308
-0.019636
-0.026875
-0.027667
-0.031818
-0.004125
0.013455
-0.004615
0.004200
0.008909
0.008714
0.032375
-0.001636
0.000667
0.003500
-0.003167
-0.020800
-0.029833
-0.020133
-0.027111
-0.021000
0.015467
0.032000
0.014143
0.024000
-0.025800
-0.001733
-0.026500
-0.024727
0.017375
0.016989
0.016075
0.020025
-0.025494
-0.030022
-0.027854
-0.029367
0.572234
0.565975
0.566747
0.572692
0.015000
0.010400
0.008800
0.006923
-0.023500
-0.029800
-0.024727
-0.027091
0.029636
0.025800
0.015000
0.019385
-0.002690
-0.007786
0.001600
-0.003857
0.013385
0.019385
0.019308
0.016818
0.000286
0.009714
-0.000273
-0.006000
0.004455
0.016069
0.003286
0.019571
0.003200
-0.019200
0.002000
0.000400
-0.000200
0.002400
-0.020200
-0.011800
0.007000
0.011400
-0.006800
0.006400
0.016400
-0.012800
0.012600
0.030000
0.002667
0.007533
0.015517
0.011852
-0.006400
-0.006200
0.017800
0.013200
-0.014400
0.006200
-0.005800
0.000800
0.010308
0.002000
0.002600
0.002000
-0.006200
-0.006600
0.011400
0.018200
-0.021478
-0.027643
-0.018323
-0.009524
0.005600
0.005273
-0.006600
0.000800
-0.001818
-0.017200
-0.002200
0.002400
-0.007800
-0.014800
-0.003000
0.023800
0.022200
0.019400
0.014400
0.011800
-0.007800
-0.021600
-0.005636
0.000000
-0.004800
0.012400
0.012909
0.000857
-0.035143
-0.049600
-0.038615
-0.055818
0.016500
0.016138
0.001259
0.019407
-0.022267
-0.015917
-0.021636
-0.015333
0.006500
0.013417
-0.001923
0.005304
0.005273
-0.004615
0.003840
0.002571
-0.006545
-0.005400
0.006600
-0.005000
-0.010200
-0.017000
-0.000600
-0.014400
-0.009400
0.013800
0.014000
-0.003200
0.001200
-0.006200
0.014200
0.003400
-0.005000
-0.005273
-0.001538
0.000522
0.001800
-0.006000
0.005200
0.001636
-0.004364
0.006400
0.012400
0.009833
-0.020000
0.012400
-0.014400
0.016200
-0.010600
-0.001200
0.006800
-0.007200
-0.015692
-0.006645
-0.008000
-0.012526
-0.004000
0.008200
0.033636
0.008545
0.013600
0.011636
-0.000200
0.008000
-0.001400
-0.000200
0.016000
0.002200
-0.000182
-0.002400
-0.004000
-0.003400
-0.007000
0.005333
-0.000200
0.009200
0.004400
-0.007333
-0.012600
-0.004200
-0.006000
0.001800
0.007600
0.018400
-0.020600
-0.014545
-0.001400
-0.005273
0.005455
0.002615
0.001636
0.004000
0.023000
0.014833
0.026000
-0.006200
0.012600
-0.000667
0.016000
0.009692
0.004200
0.000182
-0.003273
0.007000
0.017000
0.014769
0.008909
0.025000
-0.006545
-0.006500
-0.013231
-0.014400
0.028600
0.044286
0.030800
0.055800
-0.025600
-0.024400
-0.039200
-0.027800
0.015231
0.000769
-0.016615
-0.003846
-0.001000
0.012333
0.011273
0.000000
-0.018667
0.002167
0.006364
0.006000
0.016167
0.019600
0.016714
-0.017200
-0.016167
0.006444
0.007286
-0.008615
0.001636
-0.000833
0.003000
0.000167
-0.007067
-0.000545
-0.007000
-0.003333
-0.019833
-0.011636
-0.028800
-0.034200
0.012182
0.014462
0.013455
0.020333
-0.008000
-0.021692
-0.019455
-0.029273
-0.005692
-0.011077
-0.002167
-0.009600
0.007846
-0.013818
-0.004000
0.014800
0.002250
0.002435
-0.005680
0.004083
0.000583
0.012273
0.000923
0.006160
0.012435
-0.000333
-0.000960
0.000800
0.016381
0.010667
0.012522
0.018000
-0.001217
0.000952
-0.000667
-0.016476
-0.007739
-0.006250
-0.004571
0.009739
