-0.010000
-0.002200
-0.014727
0.005600
-0.016400
0.013600
0.004182
0.004429
-0.031429
-0.028400
-0.028000
-0.016727
0.005929
0.008727
0.006897
0.004056
0.023600
0.028452
0.021857
0.005120
-0.013917
-0.020667
-0.013379
-0.023619
0.023600
0.016800
0.009600
0.023538
-0.011000
0.000600
-0.027273
-0.014727
0.008364
0.005600
0.009400
0.007385
0.010000
0.005385
0.005143
0.009500
-0.023704
-0.022286
-0.038077
-0.021154
-0.014000
-0.007533
-0.007000
0.004667
0.098000
0.093642
0.104789
0.092849
-0.014879
-0.019781
-0.020676
-0.021437
0.221130
0.222188
0.224493
0.220767
0.072481
0.072907
0.074486
0.069868
0.004523
0.003130
-0.003188
-0.002000
0.195754
0.191616
0.195043
0.196485
-0.004800
0.014909
0.000727
-0.011000
-0.016600
0.003333
0.003455
-0.007800
0.025000
0.003571
0.007273
0.012545
0.015400
0.003000
0.006400
0.007636
-0.000167
0.005600
0.010800
0.008600
-0.014800
-0.011167
-0.006400
-0.011400
0.012400
0.006200
0.005455
0.005600
-0.001800
-0.002600
-0.007636
-0.011400
0.013000
0.005000
-0.002200
-0.010286
0.007800
0.016727
0.002833
0.004182
0.015818
0.012500
0.005273
0.022909
-0.017600
-0.004800
-0.001800
-0.021091
-0.013143
-0.008125
0.002933
-0.028571
0.003000
0.005286
0.004571
0.006800
-0.002429
-0.012750
-0.000462
-0.027200
-0.003833
-0.000333
-0.015818
-0.024800
0.025385
0.004308
0.009455
0.007538
-0.003455
-0.019000
-0.017833
-0.006000
0.007875
-0.003455
-0.006615
0.001800
-0.003818
0.011571
-0.008875
0.018000
0.000556
-0.005000
-0.000167
-0.001600
0.001667
-0.006933
-0.000444
-0.002600
0.005733
0.000000
0.006857
-0.000600
-0.011800
-0.017867
-0.023333
0.007273
0.027525
0.022184
0.022550
0.022519
-0.023443
-0.019685
-0.027537
-0.018734
0.154416
0.153575
0.144560
0.142615
0.023600
0.016800
0.009600
0.023538
-0.011000
0.000600
-0.027273
-0.014727
0.008364
0.005600
0.009400
0.007385
-0.006345
-0.001357
-0.003600
0.006500
0.005538
0.008615
0.012615
0.013636
-0.013571
-0.007500
-0.009909
-0.011083
-0.005636
-0.002138
0.001714
-0.001357
0.000000
0.009400
-0.003000
0.010800
0.001000
0.013800
-0.002400
0.015400
0.008833
-0.002800
0.007200
0.003000
-0.007000
-0.011000
-0.006200
-0.012200
0.007583
0.008067
0.009034
0.007407
0.006000
0.008000
-0.002000
-0.001600
0.005800
0.013000
-0.007000
0.022200
0.011077
-0.015200
-0.002800
0.018600
0.004800
0.011000
-0.020600
0.004600
-0.000957
-0.003071
-0.017806
-0.014571
0.004400
0.003091
-0.016200
-0.007200
-0.000545
0.012600
0.006000
-0.007000
0.004400
0.015800
-0.008800
0.013600
-0.000200
0.012200
-0.013200
-0.011400
-0.010000
-0.002200
-0.014727
0.005600
-0.016400
0.013600
0.004182
0.004429
-0.031429
-0.028400
-0.028000
-0.016727
0.015000
0.011655
0.008741
0.005037
-0.015400
-0.007667
-0.018364
-0.008370
-0.005286
-0.000583
0.006385
-0.009304
0.001909
-0.002462
-0.000080
-0.001810
-0.005636
-0.013200
-0.010400
-0.018200
-0.005000
-0.003200
0.005600
-0.011000
-0.005600
-0.020000
0.010200
0.011800
0.014600
0.005400
0.003400
-0.007600
-0.008545
-0.016364
-0.001077
0.002174
-0.006000
0.006400
0.012400
0.011818
-0.000364
0.008400
-0.006600
0.007833
-0.006800
0.000800
0.001600
0.000000
0.007400
-0.013200
-0.001600
-0.016200
-0.002692
-0.001355
0.004933
-0.014842
-0.005400
-0.011200
-0.000909
0.007091
0.010600
-0.008000
0.013000
-0.008800
0.004400
-0.006600
-0.003200
-0.020600
0.006545
0.019200
0.009800
0.003000
-0.002800
-0.004667
0.004400
0.002400
-0.001800
0.003833
-0.005600
-0.009800
-0.008800
-0.017600
-0.010600
0.000000
0.007800
-0.000909
0.022600
-0.001818
-0.011273
-0.009538
-0.005818
0.003455
0.006800
-0.004667
0.001167
-0.004200
-0.023000
0.007167
0.009400
0.016462
-0.011600
-0.007091
-0.002182
0.008600
0.012200
0.006615
0.035091
0.006600
-0.007636
-0.007000
0.004000
-0.001400
0.001800
-0.002000
0.004200
0.011400
0.004200
-0.000600
0.002200
-0.012600
-0.001077
-0.005077
0.014308
0.002000
0.007714
0.026833
-0.017455
0.011667
0.003333
0.002500
0.008364
-0.002364
0.006500
0.003200
0.009857
-0.008800
-0.014167
-0.001444
-0.009286
0.002769
0.012182
-0.002833
-0.010500
0.013167
0.003600
-0.012909
-0.010200
-0.004667
0.011167
-0.004727
-0.006667
-0.014600
0.005273
0.009231
-0.002000
0.002333
0.013000
-0.000308
0.000545
-0.003455
-0.009077
0.026923
0.010333
-0.000400
-0.021385
-0.003273
0.012909
0.015000
-0.002500
-0.000609
-0.008880
0.005417
0.011500
0.005818
-0.003462
-0.008160
0.001391
-0.004833
0.001600
0.000880
0.017524
0.004593
0.009739
0.007182
-0.004870
-0.005714
0.003250
0.004667
0.001304
0.009083
-0.000143
0.006522
