-0.009400
-0.009800
-0.040727
-0.017000
0.023200
-0.005200
0.007273
0.014857
-0.030429
-0.049800
-0.034154
-0.018182
0.006643
0.005697
0.022000
0.018556
0.006000
0.006516
0.021786
0.014560
-0.032833
-0.025758
-0.033448
-0.039333
0.012800
0.018400
0.023000
-0.002462
-0.028875
-0.035200
-0.032182
-0.018727
0.020545
0.009200
0.008400
0.022308
0.013111
-0.005538
0.006643
0.004188
-0.015407
-0.029643
-0.035615
-0.040923
-0.014263
-0.010000
-0.012533
-0.006250
0.057663
0.059731
0.057658
0.059945
-0.044364
-0.041031
-0.042412
-0.043944
0.758667
0.754031
0.753014
0.753973
0.032911
0.037307
0.037324
0.036447
-0.019538
-0.023304
-0.023275
-0.021846
0.722708
0.727616
0.722203
0.724455
0.015000
0.006182
0.001273
0.002600
-0.012800
0.004667
-0.019818
-0.005800
0.012833
0.017143
0.007636
0.004909
0.011600
0.002000
0.016600
0.021455
0.009000
0.018600
0.006267
0.007400
-0.036400
-0.027000
-0.040200
-0.015800
-0.007400
0.003400
-0.009273
0.010400
0.008800
-0.010800
-0.005818
0.019600
0.007800
0.008333
0.003400
-0.002000
0.020400
-0.004545
-0.007167
0.012727
0.052182
0.033667
0.032364
0.037818
-0.047400
-0.044000
-0.037800
-0.040909
-0.008429
-0.005000
-0.002133
0.001571
0.015571
0.007143
0.010429
0.010533
0.002571
-0.006125
-0.002615
0.003200
-0.019833
-0.016167
-0.025455
-0.014600
0.006462
0.025538
0.030727
0.014000
-0.021455
-0.001875
-0.016000
-0.020000
-0.002875
-0.016727
-0.005231
-0.002400
0.023636
0.021714
0.014125
0.006909
-0.007222
-0.001500
-0.000500
-0.004800
-0.004167
-0.005200
-0.006000
-0.017400
0.024267
0.015143
-0.001286
0.008600
-0.004600
-0.013200
-0.014500
-0.007455
0.003325
0.011402
0.013500
0.012741
-0.019418
-0.016404
-0.013171
-0.018582
0.676416
0.672925
0.672987
0.675744
0.012800
0.018400
0.023000
-0.002462
-0.028875
-0.035200
-0.032182
-0.018727
0.020545
0.009200
0.008400
0.022308
0.001448
0.002429
0.008480
-0.003643
0.008000
0.007154
0.007769
0.003636
-0.009571
0.007857
-0.003000
0.009250
0.009273
0.016345
0.003214
-0.006786
0.018200
0.008400
-0.004600
-0.007600
0.015600
0.007800
-0.003200
-0.006000
0.001500
0.013200
-0.027600
-0.014000
0.006400
-0.030600
0.002000
0.006800
-0.013667
-0.006133
0.008414
0.002370
-0.012600
-0.005800
-0.008800
0.009200
0.012000
0.001000
-0.003200
0.002400
-0.008923
-0.014400
0.006800
0.006800
-0.012600
-0.009400
0.015000
0.004600
-0.024696
-0.026000
-0.022323
-0.021524
-0.010600
-0.016364
-0.014200
0.005800
0.012909
-0.003200
0.012400
0.004200
-0.003800
-0.003200
0.012800
-0.006800
0.030800
0.003600
0.008600
-0.002000
-0.009400
-0.009800
-0.040727
-0.017000
0.023200
-0.005200
0.007273
0.014857
-0.030429
-0.049800
-0.034154
-0.018182
0.005000
0.018621
0.008074
0.008074
-0.011733
-0.012500
-0.020818
-0.010296
0.023929
0.010083
-0.004308
0.002609
-0.004727
-0.002077
0.005040
0.007524
0.002909
0.002200
-0.001000
0.007800
0.007200
0.007400
0.004400
-0.018800
-0.016600
0.012000
0.005200
-0.019200
-0.012600
-0.011600
-0.003400
0.012400
0.014909
0.019455
0.001615
0.017130
-0.010800
-0.009600
-0.012600
-0.010727
-0.010727
0.000800
0.014000
0.004167
0.016000
-0.008400
0.009400
-0.014000
0.007600
-0.004400
-0.020000
0.002000
-0.016385
-0.021097
-0.018333
-0.015053
-0.024200
0.012600
-0.000364
0.013273
0.007400
0.013818
-0.005600
0.029600
-0.002800
0.008400
0.000200
0.010800
0.008727
0.000600
0.004600
0.008800
-0.007200
-0.003500
-0.008800
0.015000
0.004600
0.006167
-0.005400
0.000200
-0.002800
-0.002000
-0.002800
-0.006200
-0.010600
-0.015455
-0.013000
0.002000
-0.020545
-0.000923
-0.006727
-0.014364
-0.005600
-0.009833
-0.005333
0.000000
0.001800
0.013500
0.011600
-0.005385
-0.006000
0.000727
-0.002364
0.017000
0.026800
0.020923
0.017273
0.011000
-0.018909
-0.024667
-0.013538
-0.022400
0.040600
0.046000
0.032000
0.046000
-0.041000
-0.039000
-0.038600
-0.040000
-0.007385
0.003846
-0.018615
-0.017385
0.004000
0.000833
0.004000
-0.004333
0.002889
0.002500
0.012182
-0.001455
0.002000
0.016000
0.015000
-0.003200
0.000833
-0.013333
-0.012143
-0.015538
-0.005818
0.010500
-0.003000
0.011500
0.007333
-0.010545
-0.015000
0.005833
-0.019000
-0.017273
-0.007600
-0.010600
-0.004727
0.015077
0.020727
0.010500
-0.027000
-0.014615
-0.018545
-0.010000
-0.004000
0.003538
-0.014833
-0.013400
0.008615
0.000545
0.014000
0.010000
0.005333
0.013130
0.003520
-0.002750
-0.003667
-0.003182
-0.011154
-0.009520
-0.000522
0.005417
-0.002240
0.011760
0.004000
-0.015259
-0.003565
-0.008455
0.004696
0.009905
0.003000
0.010857
0.020609
0.008750
0.003929
0.008783
