-0.009800
-0.020200
-0.013818
-0.005400
0.012800
0.012400
0.012182
0.007714
-0.039857
-0.025600
-0.027385
-0.024000
-0.000643
-0.000970
0.008345
0.005778
0.025933
0.016903
0.025071
0.019680
-0.021833
-0.017030
-0.012000
-0.008762
0.023600
0.026400
0.012800
0.019846
-0.007875
-0.022400
-0.016909
-0.020727
-0.001091
0.003400
0.001400
0.013538
0.010444
0.011231
0.010714
0.020375
-0.017630
-0.025286
-0.028538
-0.018077
-0.004737
-0.015000
-0.012933
-0.010417
0.100096
0.104090
0.098553
0.098301
-0.019242
-0.025406
-0.023647
-0.018479
0.227014
0.231187
0.233014
0.226603
0.073139
0.071813
0.076865
0.072974
0.000985
0.003304
-0.000522
0.001477
0.200308
0.194932
0.190290
0.196515
-0.016600
0.001636
-0.001273
-0.001400
0.022600
-0.003833
-0.003273
-0.017600
0.007833
0.005571
0.016182
0.008364
0.013000
-0.002800
-0.001600
-0.007091
-0.014833
-0.013600
0.007467
-0.009600
-0.014600
-0.005500
0.021200
-0.010600
-0.005200
-0.000400
-0.004182
-0.007000
0.001800
-0.002200
0.000545
0.010600
0.004400
0.012000
0.005600
-0.014714
0.005000
0.005091
-0.003833
-0.013455
-0.013636
0.015667
0.001273
-0.000727
-0.010600
-0.010200
-0.017000
-0.008909
-0.006571
-0.013625
-0.007467
0.002857
-0.001286
0.004857
0.013286
0.018533
-0.009286
-0.004500
0.015385
0.001000
-0.002500
-0.001000
-0.006909
-0.012000
0.015385
0.025385
0.004545
0.016154
-0.000364
-0.009375
-0.005000
-0.005273
-0.008250
-0.012182
-0.007538
-0.007400
-0.006000
0.007857
0.007875
-0.001273
0.008444
-0.008250
0.003833
-0.006933
-0.007167
-0.010000
-0.001444
-0.006800
0.015200
0.011857
0.000286
0.005800
-0.018800
0.006533
-0.011000
-0.002909
0.022275
0.028736
0.026575
0.022593
-0.021316
-0.023640
-0.021610
-0.025671
0.151818
0.142825
0.156373
0.147385
0.023600
0.026400
0.012800
0.019846
-0.007875
-0.022400
-0.016909
-0.020727
-0.001091
0.003400
0.001400
0.013538
-0.011517
-0.009429
-0.011600
-0.009786
0.015923
0.003231
0.005692
0.015818
-0.013429
-0.004643
-0.005091
0.000250
0.001727
-0.009310
-0.000286
0.003500
0.001800
-0.004200
0.008000
-0.009000
0.001400
0.011000
-0.003600
0.006000
-0.011000
0.010800
0.009400
0.012600
-0.007600
-0.004800
-0.001400
-0.003800
0.010083
-0.003800
0.005310
0.005185
0.001800
-0.011600
-0.003200
-0.010600
0.002400
-0.004600
0.004200
-0.006000
-0.011692
0.016000
0.001800
0.004400
-0.013800
-0.007200
0.007000
-0.001400
-0.011565
-0.002143
-0.008968
-0.015810
0.002400
0.001818
0.003200
0.004800
-0.010909
-0.002400
-0.007200
-0.003600
-0.012200
-0.017000
-0.009000
0.014600
0.015200
-0.014000
0.004200
0.007400
-0.009800
-0.020200
-0.013818
-0.005400
0.012800
0.012400
0.012182
0.007714
-0.039857
-0.025600
-0.027385
-0.024000
0.004071
0.005103
0.010000
0.005778
-0.007067
-0.009333
-0.023000
-0.010000
-0.006214
-0.000250
-0.001462
0.004522
0.010182
0.013154
0.011680
0.015524
0.013455
-0.005000
0.001400
-0.015000
-0.012800
-0.001200
-0.010200
0.007600
-0.023600
-0.007000
-0.021600
-0.006800
0.013200
0.005400
-0.017400
-0.019400
-0.003636
-0.003091
-0.010462
-0.015826
0.026200
0.015000
0.002400
-0.009818
0.011818
0.005400
-0.016600
0.004500
-0.010000
-0.006200
0.004800
0.003400
-0.005600
0.004800
-0.008600
0.011400
0.003846
0.003742
-0.006600
-0.013158
0.009800
0.014600
0.000182
0.004727
0.004800
0.017818
0.003200
-0.002800
-0.000600
0.000200
-0.001000
0.009400
-0.005636
0.000400
0.004600
0.009600
0.002400
-0.001500
-0.016800
0.019000
0.004400
-0.000167
0.002400
-0.006800
-0.003000
0.000200
-0.014000
-0.001400
-0.004800
-0.012364
-0.001600
-0.006000
0.016182
-0.002462
0.011091
-0.001273
-0.006000
0.002000
-0.008167
-0.017800
-0.003400
-0.017833
-0.013400
0.010308
-0.004400
0.005455
0.007091
-0.003600
-0.000200
0.006000
-0.003455
-0.010800
-0.001455
0.004667
-0.006615
0.012800
0.003200
0.029571
0.018600
-0.000400
-0.019200
0.000000
-0.000400
-0.021600
0.008769
0.010615
-0.002615
0.002308
0.010714
0.003333
-0.006727
0.012833
-0.004778
-0.008833
-0.011091
0.005636
0.007333
0.005000
0.014000
0.011600
-0.001167
0.011556
0.010857
-0.000154
0.010727
-0.000167
-0.013333
-0.013833
-0.016800
-0.015636
-0.003800
0.003333
-0.007500
-0.006727
-0.025733
0.000800
-0.002545
-0.009077
0.012909
0.000167
-0.023400
-0.015692
0.000182
0.002364
0.002154
-0.001692
0.009500
0.002800
0.006615
-0.009091
-0.025455
-0.018000
0.000500
-0.009652
-0.001760
0.002583
-0.010167
0.009818
0.002923
0.002880
-0.008783
0.000583
-0.001920
0.003440
0.012952
0.002667
0.008522
-0.001364
-0.004609
-0.006667
-0.005583
-0.001238
0.002261
0.002417
-0.003571
0.008870
