-0.001200
-0.024400
-0.009273
-0.011000
-0.001400
0.020200
-0.000545
0.009571
-0.036000
-0.006600
-0.023077
-0.018000
0.011571
0.000788
0.002207
0.017500
0.018267
0.021355
0.021214
0.019920
-0.022750
-0.026242
-0.018759
-0.028571
0.025600
0.024600
0.008000
0.022000
-0.009375
0.000200
-0.006000
-0.015091
0.016000
0.001600
0.012800
-0.002462
-0.004593
0.000692
0.015857
0.016688
-0.024074
-0.026786
-0.018462
-0.032923
-0.018632
-0.011600
-0.009000
-0.015500
0.102024
0.103761
0.102605
0.101397
-0.024576
-0.026094
-0.017853
-0.021099
0.218319
0.222375
0.224667
0.223452
0.070380
0.074827
0.074892
0.066526
0.004677
-0.001739
0.003246
0.006677
0.188062
0.192822
0.189913
0.190636
0.006000
-0.010000
-0.002000
0.008400
0.017800
-0.024833
0.008364
0.015200
0.020000
0.007286
0.001455
0.010727
0.018200
0.000400
0.008400
0.010727
0.008333
0.001600
0.003333
0.013200
-0.012200
-0.010333
-0.009200
0.007400
-0.006000
-0.002000
0.002727
0.005800
0.007200
-0.005200
-0.019636
-0.001400
0.017800
-0.004167
0.002800
-0.004714
-0.005600
-0.005818
0.006833
0.008909
-0.006727
0.009167
0.018727
0.008364
-0.006400
-0.017400
-0.002200
-0.015273
0.007143
-0.021250
0.001733
-0.003143
0.014714
0.013714
0.013429
0.026533
-0.000286
-0.005375
-0.016000
0.008200
-0.018167
-0.009833
-0.013455
-0.000800
0.002615
0.006000
0.012000
0.030000
-0.006000
-0.007875
-0.009667
-0.004727
0.000500
0.000182
0.012769
-0.022000
0.013636
0.021000
0.016000
-0.001818
-0.016556
0.009875
0.001000
0.012267
-0.006167
-0.019467
0.004111
-0.005800
0.007867
0.002714
-0.002000
0.022200
-0.005600
-0.010267
-0.006833
0.002182
0.026225
0.018000
0.025575
0.024840
-0.022987
-0.025933
-0.023024
-0.022127
0.146156
0.145075
0.146933
0.146103
0.025600
0.024600
0.008000
0.022000
-0.009375
0.000200
-0.006000
-0.015091
0.016000
0.001600
0.012800
-0.002462
0.005241
-0.001357
0.002400
0.001214
0.008615
0.011154
-0.000923
0.015000
-0.001143
-0.008357
-0.022636
-0.005750
0.005091
0.003793
0.002786
-0.005571
0.006800
0.017200
0.002400
-0.004200
-0.010600
-0.009200
-0.001400
-0.002600
0.002000
0.005600
-0.030800
0.003800
0.012400
-0.000200
0.020000
0.007200
0.007167
0.014333
0.007034
0.017259
-0.003200
0.009000
-0.012000
0.012800
0.023200
0.002200
-0.004400
-0.004000
0.006154
-0.006600
0.003600
0.024000
0.009000
0.018200
0.011800
0.019000
0.001652
-0.012929
-0.010000
-0.003429
0.002200
0.002909
0.007600
0.014200
0.009091
-0.025600
0.010000
0.008000
-0.001400
0.000200
0.010000
-0.016200
-0.000600
-0.009600
0.006600
-0.005800
-0.001200
-0.024400
-0.009273
-0.011000
-0.001400
0.020200
-0.000545
0.009571
-0.036000
-0.006600
-0.023077
-0.018000
0.017357
0.010138
0.017630
0.009778
-0.008933
-0.012500
-0.002273
-0.015704
-0.001000
-0.011000
-0.011923
-0.000870
0.011273
-0.006615
0.000880
0.008857
0.002182
-0.013200
0.006600
-0.016000
0.000200
-0.006600
-0.009200
0.013800
0.002600
0.008800
0.013800
0.025000
-0.010200
-0.002400
0.010200
0.006400
-0.007727
0.001818
-0.013231
-0.016087
-0.011200
-0.013000
-0.003400
-0.017273
-0.008909
0.006400
0.001000
-0.003667
0.000400
0.009200
-0.011600
0.010600
-0.007600
0.007200
-0.006000
0.004600
0.000077
0.003871
-0.002400
-0.002947
0.017600
-0.004600
-0.001091
-0.003636
-0.011000
0.002545
-0.000200
-0.008000
0.000200
-0.013800
-0.011800
-0.009800
0.001818
0.006200
0.009600
-0.020000
0.003000
-0.008833
-0.010600
-0.018800
0.006000
-0.009333
0.007000
0.002200
-0.010200
0.005600
0.012600
-0.005400
-0.009400
0.010545
-0.004800
0.011273
-0.008545
0.014000
0.002909
-0.004909
0.000200
-0.010333
-0.007167
0.011600
0.014400
-0.005333
0.004600
0.005385
-0.000800
-0.010727
-0.018000
0.008200
-0.016600
0.002462
0.020364
0.028000
0.007818
0.006500
-0.003231
-0.000400
0.020200
0.011857
0.022400
0.004600
-0.001200
-0.000800
0.001400
0.014800
0.003538
-0.007538
0.018769
0.009231
0.004714
0.003500
-0.001091
0.006667
0.001222
-0.012167
-0.012364
0.007091
0.004667
0.005000
0.004714
0.002200
-0.000333
0.000333
-0.011429
-0.016923
0.008909
-0.007667
-0.013000
-0.015000
0.004133
-0.007818
-0.002600
-0.005667
-0.012333
-0.004000
-0.011333
-0.000600
0.011455
0.004615
0.002545
0.004167
0.011400
0.015077
-0.016000
-0.003636
-0.012615
0.004615
-0.005000
0.006000
-0.005077
-0.008000
0.003273
0.006600
-0.005417
0.001217
-0.011840
-0.004333
-0.001167
0.004727
-0.002846
0.006640
0.002348
-0.006833
-0.010880
-0.010720
0.017333
0.000741
0.011391
0.000091
-0.007391
-0.001143
-0.014917
-0.003619
0.012870
-0.001417
-0.000714
0.001217
