-0.013800
-0.019000
-0.009091
-0.005600
0.015600
0.015000
0.019455
0.010143
-0.029286
-0.018800
-0.034462
-0.009455
0.005286
0.006909
-0.003103
0.007444
0.022333
0.016839
0.031643
0.019120
-0.009083
-0.016000
-0.017931
-0.016476
0.016400
0.014400
0.023800
0.025231
-0.007250
-0.005200
-0.003455
-0.010364
0.020909
0.008400
0.001000
0.007538
0.002148
0.011538
0.006214
0.008750
-0.031704
-0.030429
-0.018077
-0.021538
-0.012474
-0.005200
-0.011867
-0.015417
0.103639
0.102239
0.096658
0.100082
-0.021788
-0.021562
-0.015324
-0.026479
0.233768
0.232031
0.233159
0.234329
0.072278
0.071200
0.067432
0.068237
-0.000277
-0.001043
0.006058
0.003538
0.196646
0.197479
0.209449
0.211758
-0.010400
0.012000
-0.002000
-0.009600
0.000600
0.004000
-0.005455
0.001000
0.007500
0.005571
0.002545
0.004364
0.004400
0.021000
0.016800
0.018000
-0.000333
0.013200
-0.002667
0.017600
-0.002200
0.001000
-0.011200
-0.007600
0.015800
-0.016600
0.006727
-0.001600
0.002600
0.002600
0.004545
0.001200
0.006000
0.014667
-0.006200
0.009857
0.001600
0.001818
-0.002333
-0.008000
0.022909
0.003333
0.014909
0.012182
-0.006600
-0.005200
-0.001600
-0.017273
-0.007000
-0.000125
0.001333
-0.003714
0.009429
0.011714
0.013143
0.013733
0.015857
-0.007125
0.008769
-0.005000
-0.005500
-0.014833
-0.018000
-0.030400
0.010000
0.000769
0.008364
0.022769
-0.007455
-0.006250
-0.003000
-0.012000
-0.004875
0.000000
-0.001692
-0.011400
-0.007636
0.026286
0.001250
0.012182
0.004000
0.001625
-0.003167
-0.002800
0.000333
-0.007733
-0.006333
-0.005600
-0.016000
-0.004000
0.008429
0.008600
0.004200
-0.003200
0.004333
-0.018182
0.022450
0.023885
0.026525
0.022346
-0.029013
-0.023371
-0.027463
-0.029671
0.148883
0.150475
0.158080
0.154179
0.016400
0.014400
0.023800
0.025231
-0.007250
-0.005200
-0.003455
-0.010364
0.020909
0.008400
0.001000
0.007538
-0.005241
0.002357
-0.003920
-0.005286
0.013538
0.016462
0.012154
0.005545
-0.002143
-0.002929
-0.016273
-0.012500
0.004455
0.002207
-0.010643
-0.000714
-0.013800
-0.008600
-0.018400
-0.006600
-0.004000
-0.000400
-0.006000
-0.005800
-0.003167
0.000400
-0.006800
-0.008000
0.000200
-0.009000
-0.002400
0.002400
0.004500
0.004467
0.003793
0.010370
0.000400
0.007400
0.006000
-0.011000
0.011600
0.013200
0.016800
0.002200
-0.014923
0.000400
-0.002600
0.002000
-0.005200
-0.003800
0.011600
-0.000400
-0.004957
-0.002429
-0.003226
-0.009238
-0.002200
-0.001636
0.010600
-0.002000
0.004727
-0.000200
-0.009200
-0.000200
-0.017800
-0.006800
-0.007400
0.023400
0.020200
0.010800
0.009600
0.005200
-0.013800
-0.019000
-0.009091
-0.005600
0.015600
0.015000
0.019455
0.010143
-0.029286
-0.018800
-0.034462
-0.009455
0.020857
0.010966
0.012074
0.004963
-0.017933
-0.009667
-0.015091
0.002444
0.002357
-0.000583
0.006769
-0.005739
0.007455
-0.001308
-0.002560
0.009905
-0.015273
-0.003800
-0.004400
-0.002800
0.002800
0.009600
-0.001200
0.008000
0.002200
-0.007600
-0.017600
-0.002400
0.009600
0.006200
-0.019800
0.002200
-0.011636
-0.010364
-0.007769
-0.005826
0.003600
-0.003800
-0.000400
-0.006182
0.008909
-0.003400
0.015200
0.000500
-0.004600
-0.006800
0.003000
0.025000
0.003600
0.006200
-0.000200
-0.003000
0.005308
-0.006839
0.013067
-0.012211
-0.005800
-0.015800
0.001091
0.008545
0.014000
0.014909
0.000000
0.002600
0.000400
0.000000
-0.006800
0.017200
-0.005091
0.007200
-0.012400
0.010600
-0.000800
0.001833
0.004200
-0.008800
0.013200
0.003833
0.004000
0.019400
-0.007600
-0.006200
0.034200
0.001400
0.007400
0.011818
-0.015000
0.019818
-0.014364
0.008154
0.008727
0.006909
-0.003800
-0.024667
-0.003667
-0.008000
0.007000
-0.005000
0.019400
0.004462
-0.003200
0.003636
0.009636
0.001400
0.020400
-0.005538
0.009273
0.028600
-0.005091
0.017000
-0.005692
-0.023600
0.015000
0.014143
0.035800
0.004600
-0.009400
-0.018200
-0.003600
-0.012800
0.019538
0.005538
-0.000154
0.015231
-0.002571
-0.004167
0.007455
0.011667
-0.004667
-0.010833
0.002182
-0.008364
0.006000
0.029000
0.007571
-0.004800
-0.009667
0.003889
-0.014286
0.000769
-0.011455
-0.013167
-0.005333
-0.006833
-0.003467
-0.000727
0.001000
-0.001833
-0.010500
-0.011273
-0.004933
0.001400
0.010727
0.005231
-0.001273
0.011667
0.002200
-0.004923
-0.007091
-0.010727
0.011385
0.006923
-0.006667
0.018000
-0.005846
-0.016909
-0.006182
-0.012400
0.007833
-0.005217
0.004240
0.013333
0.010417
-0.002909
0.007000
0.004960
-0.015391
0.000750
0.005680
-0.000320
0.003048
0.009407
0.008348
0.008455
0.007304
0.003333
0.010667
-0.004952
0.003913
-0.014667
-0.007929
0.000435
