-0.016600
-0.009600
-0.012182
-0.005400
0.008200
0.013000
0.023818
-0.000143
-0.029000
-0.032600
-0.032769
-0.042364
0.008500
0.009091
0.005517
0.002389
0.020400
0.015484
0.026357
0.018480
-0.013583
-0.023636
-0.016483
-0.017238
0.021400
0.033000
0.021000
0.021846
-0.010875
-0.015400
-0.014182
-0.035636
0.006545
0.028400
-0.004000
0.018000
0.003407
0.011692
0.012714
0.013562
-0.028370
-0.025357
-0.019385
-0.019231
-0.001421
-0.022067
0.002400
-0.007417
0.102361
0.108269
0.098289
0.094959
-0.015000
-0.026469
-0.023324
-0.017634
0.246087
0.249406
0.246609
0.248466
0.068051
0.066160
0.069297
0.078158
0.001354
0.001507
-0.000377
0.001292
0.218246
0.216877
0.217101
0.212424
0.004000
0.002545
-0.000182
0.009800
0.007200
0.001500
-0.014364
0.007400
0.000833
0.015286
0.010000
-0.000182
-0.006400
0.001200
-0.004000
0.000364
0.011833
0.014000
-0.001067
0.002200
-0.001400
0.005500
-0.005800
-0.008600
0.017000
-0.007200
0.012545
-0.003400
-0.002400
-0.013400
0.023273
-0.016800
0.003000
0.007667
0.004800
-0.005143
0.008600
0.019818
-0.017667
0.000909
0.008909
0.001333
0.009091
0.001818
-0.002200
0.002800
0.009400
0.006727
-0.003571
-0.004625
0.002000
0.003571
0.000000
0.012571
0.008286
0.004133
0.000286
-0.013000
0.011846
0.000800
-0.004167
0.001000
-0.023636
0.001400
0.020769
0.010154
0.022000
0.026615
0.012545
-0.011125
-0.009000
0.007273
-0.003625
0.007818
-0.003538
0.006400
0.002727
0.000857
-0.003375
0.008545
-0.007667
-0.015750
-0.012667
-0.016533
0.005333
0.007200
-0.003333
0.007400
-0.001467
0.013143
-0.000714
0.004200
0.000800
0.000267
-0.011333
-0.012545
0.022425
0.027011
0.026100
0.023309
-0.017544
-0.031258
-0.028073
-0.022684
0.171688
0.167725
0.165573
0.165333
0.021400
0.033000
0.021000
0.021846
-0.010875
-0.015400
-0.014182
-0.035636
0.006545
0.028400
-0.004000
0.018000
-0.000207
-0.009214
-0.008880
0.007429
-0.006462
0.008077
0.006615
-0.001545
-0.006000
-0.002357
-0.004000
-0.000917
0.012364
-0.010414
0.007214
0.001571
-0.004600
-0.016000
-0.006400
-0.005200
0.016600
0.009600
-0.012800
0.017400
0.005833
-0.006400
-0.004400
-0.003200
0.011800
-0.007600
-0.005800
0.008200
0.003500
0.002200
0.002069
0.015556
0.000600
0.010600
0.001000
-0.000200
-0.000800
0.008400
0.008600
-0.014000
0.002615
0.000400
0.018600
0.000800
0.005200
0.002800
-0.001800
0.011000
-0.009652
-0.020929
-0.004129
-0.015524
0.006600
-0.001273
0.017800
0.007000
0.002364
0.001800
0.001400
0.002000
-0.014600
0.004200
-0.020400
0.008000
0.015200
-0.002000
0.008200
-0.006800
-0.016600
-0.009600
-0.012182
-0.005400
0.008200
0.013000
0.023818
-0.000143
-0.029000
-0.032600
-0.032769
-0.042364
0.021500
0.024966
0.012000
0.002519
-0.014200
-0.012000
-0.019000
-0.006296
-0.005429
0.001417
-0.009385
-0.001478
0.002545
0.015231
0.011040
0.016667
0.000909
0.000000
0.011000
0.007800
-0.005400
0.015200
0.001600
0.024200
0.008000
0.006800
-0.007600
0.001600
0.001400
0.017200
0.017200
0.022200
-0.011545
-0.002545
-0.004769
-0.001391
0.001200
-0.007600
-0.001800
-0.007091
0.011636
-0.002400
0.005200
-0.002000
0.007600
0.003600
0.010000
0.012600
-0.008800
0.003800
-0.007200
0.008400
-0.008077
0.004258
-0.000200
-0.005895
-0.018600
-0.010800
0.008182
0.008545
0.007000
0.014182
0.011800
0.004800
0.020000
0.005400
0.001800
-0.010600
-0.001273
0.003200
0.001000
-0.014200
0.004200
0.007500
0.021400
0.007600
-0.001400
-0.001500
0.001600
0.029400
0.010200
-0.006200
-0.015600
-0.003400
-0.021000
-0.027636
-0.014400
0.009273
-0.014545
-0.008923
-0.004000
0.014000
0.006600
0.007500
0.007000
0.011200
0.002400
-0.009000
0.000000
-0.004615
-0.000600
-0.004909
0.000000
0.003800
0.018800
0.016308
-0.007818
0.011600
-0.005636
-0.007167
0.002769
-0.004600
0.010600
0.001143
0.018000
0.010600
0.000800
-0.006800
-0.004400
-0.004800
0.016000
-0.002000
-0.003692
0.005846
-0.011286
0.013000
0.002182
-0.002333
-0.002333
0.006833
-0.000182
0.006000
0.021667
-0.000400
0.010143
-0.005200
-0.002667
-0.006111
0.000857
-0.011077
-0.019818
0.007167
-0.027167
0.012500
-0.015867
-0.006182
0.018200
0.001333
-0.002500
0.004000
-0.014133
0.015000
0.005091
-0.002462
-0.001273
0.003667
0.006600
-0.002308
0.001273
0.000909
0.000769
-0.003077
0.014333
0.003800
-0.018923
0.003818
0.004364
-0.007200
0.005917
-0.001304
-0.003120
-0.001500
0.011583
0.003182
0.003308
0.008560
-0.017652
-0.000083
-0.006880
0.007920
0.007429
-0.002000
0.007391
0.002545
-0.002609
-0.011714
0.000000
0.008190
-0.009652
-0.000833
-0.011571
0.006696
