-0.017400
-0.006200
-0.018000
-0.012800
0.015000
0.018800
0.023636
-0.005000
-0.013429
-0.013400
-0.021077
-0.011818
0.007714
0.005333
0.008207
0.012000
0.011800
0.004323
0.005429
0.002240
-0.011500
-0.012303
-0.012345
-0.002571
0.018400
0.014600
0.021600
-0.010154
-0.020625
-0.009400
-0.011455
-0.001455
-0.005273
0.005600
0.026600
0.016154
0.021037
0.003385
0.006357
-0.000313
-0.014370
-0.012357
-0.008462
-0.010000
-0.014105
-0.006400
-0.012200
-0.020667
0.041181
0.032806
0.036316
0.040493
-0.041061
-0.038250
-0.033647
-0.029746
0.869826
0.867406
0.874638
0.873644
0.017013
0.026747
0.024216
0.018184
-0.014677
-0.025478
-0.019884
-0.021015
0.855200
0.854959
0.853217
0.852818
-0.003600
0.010909
0.007636
-0.012800
-0.000400
-0.001333
-0.003273
-0.008000
-0.000833
-0.001429
0.004909
-0.008545
0.006400
0.007600
0.010000
0.004364
0.011833
0.025400
0.024000
0.009000
-0.020200
-0.024833
-0.036400
-0.013800
0.003800
0.011600
0.013636
0.003000
-0.017200
0.006400
-0.004000
0.013200
-0.012400
0.005167
0.009400
-0.009714
-0.019200
0.007091
0.012167
-0.022000
0.020545
0.027833
0.027818
0.031273
-0.038800
-0.037600
-0.007600
-0.022909
0.002286
0.009625
0.000400
-0.001857
0.002000
0.022571
-0.007571
0.009200
-0.024000
-0.000625
0.007385
-0.016000
-0.017333
-0.006667
-0.001273
-0.005600
-0.001538
-0.008000
0.030364
0.007385
-0.008364
-0.015875
-0.002167
-0.009091
0.010625
-0.000364
-0.002615
-0.005200
-0.010364
0.016286
0.002125
0.000000
-0.010000
-0.002625
-0.003500
0.001067
0.007167
-0.010133
-0.007556
-0.020800
-0.001333
-0.008571
-0.000143
0.017600
0.004400
-0.012933
-0.013500
-0.001455
0.002000
0.004322
0.007750
-0.000123
-0.012304
-0.003056
-0.004854
0.001570
0.810571
0.816950
0.816373
0.814667
0.018400
0.014600
0.021600
-0.010154
-0.020625
-0.009400
-0.011455
-0.001455
-0.005273
0.005600
0.026600
0.016154
-0.001172
-0.004857
0.005840
0.008429
-0.006308
-0.000692
0.009538
0.002091
0.014357
0.006429
0.010364
-0.001333
0.005000
0.012069
-0.010786
0.010071
0.012400
-0.004000
0.001000
0.014000
-0.001200
0.009400
-0.003600
-0.002000
0.019000
0.000200
-0.022400
0.009800
-0.002800
-0.000600
-0.006800
0.011200
-0.001417
-0.007533
0.002000
0.011037
-0.007000
0.003200
-0.013800
-0.011200
0.004600
-0.003200
-0.005800
0.008800
0.020923
0.004800
-0.001000
-0.008400
-0.003200
-0.008000
0.002000
-0.001600
-0.017913
-0.013714
-0.008000
-0.013810
-0.000400
0.007636
0.027200
-0.003200
0.004727
-0.010000
-0.000800
0.008600
0.010800
-0.007200
-0.005400
-0.001000
-0.001600
-0.006400
0.014000
-0.004600
-0.017400
-0.006200
-0.018000
-0.012800
0.015000
0.018800
0.023636
-0.005000
-0.013429
-0.013400
-0.021077
-0.011818
0.004429
0.017862
0.002815
0.003185
0.006467
0.005667
-0.001818
0.000444
0.005071
0.015250
0.008000
-0.001304
0.011545
-0.007077
-0.002800
0.002190
-0.006182
0.005800
-0.000400
0.017800
-0.004600
-0.008000
0.002400
0.015200
0.012200
-0.000200
-0.009000
-0.002200
0.008400
-0.001600
0.004800
0.008400
0.007455
0.000818
0.001154
0.005217
0.002800
-0.000400
0.007800
-0.017273
-0.009091
-0.012000
-0.010400
-0.006000
-0.001600
-0.014400
0.011400
-0.005600
-0.002200
-0.008600
0.001400
0.004800
-0.011000
-0.004323
-0.015267
-0.013053
0.000800
-0.011800
0.001636
-0.010727
0.007000
0.020364
0.026600
-0.011000
0.001200
-0.025200
0.010600
-0.012000
-0.000727
-0.008600
0.005000
-0.003800
-0.015600
0.003000
0.009800
-0.015600
-0.004800
0.001000
-0.003000
-0.007000
-0.006800
-0.012800
0.002600
0.001000
-0.000200
0.001818
-0.007200
-0.012000
0.005091
-0.017231
0.015091
-0.000727
-0.006200
-0.003667
-0.002333
-0.001600
0.001400
0.003333
0.003200
0.013538
0.007800
0.002727
0.010545
-0.002000
0.022200
0.031077
0.020545
0.012600
-0.006727
-0.041667
-0.024769
-0.017600
0.027200
0.029000
0.025600
0.049800
-0.039200
-0.038600
-0.011400
-0.039400
-0.019846
-0.004615
0.004154
-0.010923
-0.024714
-0.007000
0.011273
-0.011333
-0.009778
0.011000
-0.008364
0.008000
-0.000500
0.010600
0.002857
-0.017200
-0.010333
0.005556
-0.011429
-0.008769
0.003818
-0.011167
0.000833
-0.009167
0.004667
0.012182
-0.017000
-0.012333
0.002333
-0.007273
0.000400
-0.018200
0.009091
-0.001538
0.017636
-0.003167
-0.005000
-0.008615
0.000364
0.005091
-0.016000
0.002615
-0.017167
0.016800
0.014615
0.016364
0.004182
0.010000
0.006750
0.010783
0.012240
-0.003083
-0.007917
-0.001091
0.005538
-0.001200
0.014957
0.012500
0.009040
0.008160
-0.005048
0.002148
-0.014435
-0.000182
-0.001565
0.012667
0.007917
0.011905
0.017391
0.012167
0.002071
-0.000870
