-0.007000
-0.015400
-0.024182
0.008800
0.006800
-0.001800
0.026545
-0.021429
-0.000429
0.001800
0.002769
0.001455
0.006857
0.006970
-0.001517
0.002333
-0.000333
0.009226
-0.008286
-0.002720
-0.006500
-0.002424
0.002759
-0.002952
0.012000
0.003200
-0.012000
0.021385
-0.007375
-0.012400
0.003818
-0.005818
0.000000
-0.017600
-0.000200
-0.003846
0.004148
-0.000769
-0.010214
0.003312
0.005407
-0.000714
-0.007077
0.008077
-0.004526
-0.000533
0.000467
-0.004167
-0.000072
-0.000269
-0.001921
0.005096
-0.001364
0.014344
-0.000029
-0.003634
1.000000
1.000000
1.000000
1.000000
-0.000430
0.001520
-0.007459
-0.002053
-0.004862
-0.003565
-0.001188
-0.003877
1.000000
1.000000
1.000000
1.000000
-0.017000
-0.007455
0.007455
0.005600
0.009200
0.004000
0.011273
0.007200
0.010000
0.001000
-0.006545
-0.002545
0.011600
-0.016200
0.011800
-0.012182
-0.008333
-0.000200
-0.002933
0.000000
0.006600
-0.014000
0.002000
0.008200
-0.014000
-0.018400
-0.017818
0.005000
0.004800
-0.006000
-0.013091
-0.015600
0.008400
-0.014333
0.002400
0.000857
-0.022000
0.002909
-0.001500
0.001455
-0.005818
-0.003500
0.000545
0.003455
0.019600
0.005400
-0.000800
0.009091
0.009571
-0.006125
-0.004667
-0.002286
0.009143
0.004714
-0.003429
-0.006133
0.007000
-0.020250
-0.000923
0.000800
-0.000667
-0.008833
-0.000909
-0.004600
-0.015538
-0.006769
0.014545
0.010769
-0.002727
0.000875
0.008500
0.018909
-0.000875
0.000909
-0.004308
0.014000
0.019455
0.015857
0.006125
0.009091
-0.010111
0.012375
-0.004333
-0.009200
0.004667
0.009467
0.007556
0.006800
0.010667
0.004857
-0.005000
-0.001000
-0.020200
-0.011733
0.019500
-0.000909
0.001475
0.001448
0.005075
-0.000568
0.003873
-0.001461
0.000146
0.001797
1.000000
1.000000
1.000000
1.000000
0.012000
0.003200
-0.012000
0.021385
-0.007375
-0.012400
0.003818
-0.005818
0.000000
-0.017600
-0.000200
-0.003846
0.000276
0.005857
-0.005440
-0.004643
0.011538
0.001000
-0.014615
0.003182
0.008857
0.004143
-0.000545
0.008333
0.002364
-0.001862
0.004071
0.012714
-0.013400
-0.002800
0.005400
0.013400
-0.004400
-0.003400
0.012000
-0.002600
-0.010000
-0.012000
-0.002200
-0.001800
0.009600
0.015400
0.004000
-0.007000
0.001833
0.006333
0.006276
-0.000593
0.002200
-0.018600
-0.003400
0.002600
0.007600
0.003000
-0.014400
0.008200
-0.006154
-0.002000
0.012400
0.007000
0.008600
0.012000
0.008400
-0.006400
-0.002348
-0.006071
-0.001484
0.004190
0.016400
0.008727
-0.008000
0.001400
0.003091
0.004200
-0.016200
0.006600
-0.003600
-0.001600
-0.002000
-0.010800
0.010000
0.006000
-0.013600
-0.001800
-0.007000
-0.015400
-0.024182
0.008800
0.006800
-0.001800
0.026545
-0.021429
-0.000429
0.001800
0.002769
0.001455
0.002643
0.010345
0.001852
-0.000444
0.005600
0.004083
-0.001455
-0.009926
0.007214
0.000167
0.003769
-0.002348
0.001364
0.001769
0.013040
-0.012476
0.012727
-0.022400
-0.002200
-0.001200
0.011800
0.000200
-0.000400
-0.015200
-0.005200
-0.005800
-0.007600
0.006400
-0.003400
0.005000
0.012800
-0.023600
-0.001000
0.009545
-0.003923
-0.003391
-0.017000
0.017600
0.008600
0.002364
-0.011818
0.004400
-0.003800
0.014000
-0.011000
0.010000
-0.006400
-0.009000
0.002000
0.025400
0.011800
0.029000
-0.005000
-0.003742
-0.004267
0.006421
-0.009600
0.016600
-0.005455
-0.007091
0.002600
-0.001636
0.012800
0.009400
-0.002400
0.012200
0.010800
0.008200
-0.006727
0.009400
-0.017600
0.004400
-0.001000
0.001667
0.005800
0.002400
-0.013400
0.002833
-0.008200
0.011000
0.007400
-0.002200
0.001000
-0.009400
0.000800
0.031818
-0.006600
0.005091
-0.012364
-0.010615
0.000727
-0.005273
0.014200
0.013167
0.011833
0.004200
0.004000
-0.009500
-0.007800
0.012462
0.005600
-0.016000
0.001091
0.007800
-0.014800
0.017231
-0.000182
-0.007600
0.005818
-0.024667
0.005538
-0.001800
-0.013400
0.004000
0.003400
0.010200
0.030800
0.011400
-0.013600
-0.002600
0.001692
0.009077
0.003692
-0.003692
0.012286
0.005500
0.003818
-0.008000
0.002222
-0.002833
-0.000727
-0.010545
0.023167
0.009400
0.004286
0.010200
0.013667
-0.007667
-0.018714
0.002615
-0.006545
0.002500
0.004333
0.007333
0.010800
0.018364
0.001000
0.005333
-0.011333
0.014727
0.005200
0.002600
0.002000
-0.010000
0.006727
0.013833
0.003400
0.002615
-0.004000
-0.001455
0.005077
-0.006308
-0.010667
0.013400
0.008615
-0.005455
0.012727
-0.008600
-0.004667
-0.000435
-0.008240
-0.002333
0.000917
0.007000
0.006692
0.009680
0.000783
0.010583
-0.002800
0.005360
0.013143
0.014963
-0.001217
-0.005273
0.004696
0.004286
-0.009917
-0.000190
0.004435
-0.000333
0.006286
-0.004087
