-0.012000
-0.027400
-0.003091
0.001800
0.009000
-0.002400
0.008545
0.001857
-0.047429
-0.021800
-0.043385
-0.038000
0.008643
0.008667
0.008000
0.010056
0.013733
0.010581
0.017071
0.011200
-0.018000
-0.029515
-0.030207
-0.020762
0.017400
0.010600
0.021200
0.022462
-0.030625
-0.025200
-0.031636
-0.036909
0.008545
0.013800
0.009600
0.032462
0.014000
0.012385
-0.007786
0.002125
-0.039333
-0.038357
-0.041000
-0.036692
-0.011737
-0.002067
-0.009067
-0.006250
0.091904
0.087910
0.090053
0.093808
-0.040788
-0.031969
-0.031176
-0.028197
0.501188
0.508594
0.500116
0.507096
0.060051
0.062933
0.060459
0.065789
-0.004554
-0.001768
-0.002899
-0.007631
0.462246
0.466384
0.465942
0.467424
0.008400
0.000364
0.008182
0.009600
0.009400
-0.003000
0.007273
0.011400
0.027667
-0.007714
0.002000
0.000364
0.013600
-0.010000
-0.005800
0.008909
0.009333
-0.001000
-0.007600
-0.008400
-0.024400
-0.023833
-0.003600
-0.025200
-0.009600
0.012000
0.008182
0.012200
0.003600
-0.003200
0.018182
-0.007000
0.019400
-0.009000
-0.008800
0.004286
0.008200
-0.004909
0.004667
-0.012545
0.020545
0.036333
0.035455
0.016545
-0.015000
-0.028600
-0.008200
-0.024727
-0.002429
-0.020625
-0.002000
0.001857
0.010429
0.005429
0.008714
0.018933
-0.003857
0.005750
0.001231
-0.012400
0.012833
-0.007833
-0.023818
-0.023200
0.006154
0.013385
0.039455
0.016000
-0.001273
-0.008125
-0.016333
-0.016727
-0.005875
-0.012545
-0.004000
0.011200
0.016545
0.019571
0.009875
0.007091
-0.007444
-0.015625
-0.007000
-0.012800
-0.013667
-0.001333
-0.022333
-0.007000
0.018533
0.014571
-0.005286
-0.000200
-0.002400
0.001333
-0.026000
-0.011636
0.017575
0.013195
0.022450
0.016099
-0.027013
-0.027618
-0.028634
-0.033747
0.419221
0.422825
0.415867
0.411744
0.017400
0.010600
0.021200
0.022462
-0.030625
-0.025200
-0.031636
-0.036909
0.008545
0.013800
0.009600
0.032462
-0.006759
0.000214
-0.001760
0.003286
0.015308
0.010692
0.010923
0.010818
-0.014214
-0.014071
0.002273
-0.000833
0.004182
0.000000
0.004214
-0.002143
0.017000
-0.019200
0.010400
-0.004800
0.002600
-0.008600
0.005000
0.001600
0.008667
0.022400
0.008000
0.007400
-0.005400
0.001200
0.016200
0.025600
0.002167
0.004600
0.003310
0.001556
-0.009800
0.013200
-0.009200
0.001600
-0.008800
0.008200
-0.003200
0.020600
0.009077
-0.008800
0.007800
0.002800
0.012400
0.022600
-0.011600
0.010600
-0.019391
-0.026214
-0.021742
-0.018667
0.001000
-0.019273
-0.014800
0.002600
0.006000
0.007000
-0.012400
0.004800
-0.002800
0.004800
-0.003200
-0.007200
0.011200
0.007400
0.020600
0.029000
-0.012000
-0.027400
-0.003091
0.001800
0.009000
-0.002400
0.008545
0.001857
-0.047429
-0.021800
-0.043385
-0.038000
0.017786
0.027517
0.010593
0.025926
-0.030533
-0.025667
-0.016000
-0.021111
0.013571
0.012667
0.001462
0.013739
-0.003091
0.001231
0.005200
0.005810
0.002000
-0.000600
-0.019200
-0.002000
-0.012800
-0.023800
-0.015200
0.006000
0.002600
0.017600
-0.022000
0.019600
-0.005600
-0.012600
0.012600
0.011600
-0.016455
-0.005091
-0.007231
0.000087
-0.015800
-0.017200
-0.005000
-0.000364
-0.008000
0.011800
-0.021600
-0.010000
0.003600
0.006400
-0.011400
-0.004400
0.028800
0.007000
0.014200
0.012600
0.002385
-0.009032
-0.004000
-0.006316
0.000200
0.008800
0.001455
0.000182
0.010200
0.032545
0.007200
0.013600
-0.011200
-0.016600
0.002600
-0.003600
-0.006364
0.016800
0.006600
0.004600
-0.005400
0.011000
-0.001800
0.002200
0.019800
0.015667
-0.008200
-0.010600
0.012800
0.012200
-0.004200
0.017800
-0.014000
-0.020727
-0.014000
0.004000
-0.003636
-0.000615
-0.011273
0.007636
0.006800
0.007333
0.007333
0.002800
-0.001400
-0.008500
0.001800
-0.000615
-0.002000
0.008182
0.001818
0.004200
0.002800
0.001692
0.029091
0.006200
-0.007636
-0.013500
-0.007846
-0.003600
0.021600
0.037714
0.025600
0.024000
-0.005800
-0.038600
0.000200
-0.024400
-0.004923
-0.011077
-0.008923
-0.000154
0.008857
-0.004667
0.012182
-0.003000
-0.009000
-0.004833
0.006364
0.005091
0.019333
0.007000
0.011429
0.021000
-0.006667
0.004556
0.011857
0.017077
0.012909
-0.005833
-0.004667
0.004167
0.002533
0.008909
-0.011800
0.016000
-0.000333
-0.011818
-0.009333
-0.004000
0.016727
0.004000
0.016364
0.014333
0.005800
-0.022308
-0.016727
-0.019455
0.009692
0.015846
0.013667
-0.002000
-0.016000
-0.011636
-0.021636
-0.004000
0.000750
-0.001304
0.005920
-0.003833
0.011083
0.009000
0.004462
0.018080
-0.005478
-0.010083
-0.007520
-0.008320
0.011143
0.016593
0.015565
0.022818
-0.015652
0.005905
-0.004750
0.004762
0.000783
0.005583
-0.002500
-0.006261
