-0.019600
-0.008000
-0.011818
-0.017800
0.015600
0.012600
-0.001455
0.010143
-0.027143
-0.010000
-0.032769
-0.037636
-0.001571
0.011576
0.005724
-0.006056
0.025467
0.014968
0.024857
0.018640
-0.011083
-0.012545
-0.014414
-0.018095
0.013800
0.021600
0.027400
0.033385
-0.001500
-0.016400
-0.004545
-0.019091
0.014909
-0.006000
0.004200
0.022154
0.001778
0.009308
0.016929
0.010438
-0.024593
-0.036500
-0.029769
-0.024154
-0.015474
-0.014933
-0.015800
-0.005167
0.102578
0.099642
0.100263
0.098137
-0.023091
-0.017219
-0.020794
-0.025634
0.253043
0.259750
0.255942
0.250712
0.068405
0.069547
0.076324
0.077974
0.002646
-0.005942
0.000696
0.007323
0.228615
0.225288
0.230174
0.221970
-0.000400
0.006000
-0.009273
0.000200
0.006800
-0.004667
-0.001455
-0.011200
0.017833
0.022000
0.006545
0.013455
0.010600
0.002400
0.004200
-0.000364
0.017333
0.007000
0.003733
-0.003200
0.002200
-0.017000
-0.005200
-0.012400
-0.004400
0.002000
0.009455
0.001200
0.010000
-0.006600
0.003818
-0.010000
0.003200
-0.001500
0.024400
0.013857
0.011000
-0.011455
0.009167
0.005273
0.002182
0.009500
0.004545
0.005636
0.004400
-0.015600
-0.010600
-0.000909
0.007571
-0.001750
-0.002133
-0.013143
0.007857
0.013429
0.004143
0.024400
-0.017571
-0.009500
-0.005231
-0.016800
-0.005000
-0.005667
-0.015091
-0.008200
0.021231
0.001538
0.012909
0.000000
-0.007818
-0.001500
-0.004167
-0.005818
0.024875
-0.002000
0.007846
0.013800
0.011455
0.001714
0.014750
0.017273
0.001667
-0.002625
-0.001667
-0.022533
-0.002000
0.006400
-0.007778
-0.010400
-0.001733
0.021571
0.010571
0.011000
-0.007600
-0.019200
-0.011167
0.002000
0.024975
0.026598
0.026150
0.026617
-0.028759
-0.027348
-0.023293
-0.026405
0.178935
0.180000
0.170320
0.181436
0.013800
0.021600
0.027400
0.033385
-0.001500
-0.016400
-0.004545
-0.019091
0.014909
-0.006000
0.004200
0.022154
0.009034
-0.008500
-0.005920
-0.002929
0.008692
0.022231
0.007077
0.025818
-0.006857
-0.008500
0.000273
-0.011083
-0.005182
-0.007517
0.007643
0.011214
-0.007800
0.018800
-0.017400
0.000400
-0.001800
0.005000
-0.006800
-0.003600
-0.012167
-0.011400
-0.000600
-0.003600
0.000400
0.011600
0.004000
0.013600
0.000250
0.010133
0.001793
0.009778
-0.006800
-0.001600
0.005400
-0.002200
0.008600
0.005400
0.000800
-0.005800
-0.002923
0.012000
-0.000400
0.000600
-0.004600
0.005200
0.007200
-0.006200
0.000696
-0.007357
-0.006968
-0.010476
0.004200
-0.004545
0.010600
-0.009400
-0.002909
-0.023000
-0.001400
0.002600
0.001600
-0.002400
-0.000400
-0.009200
0.001600
0.018200
0.018000
0.002000
-0.019600
-0.008000
-0.011818
-0.017800
0.015600
0.012600
-0.001455
0.010143
-0.027143
-0.010000
-0.032769
-0.037636
0.007429
0.002690
0.010593
0.012148
-0.000667
-0.014833
-0.007182
-0.010296
-0.008214
-0.008833
0.002385
0.013652
0.009545
0.014846
0.010800
0.007238
-0.015091
-0.003200
-0.004000
-0.010400
0.001000
0.012000
0.017800
-0.008800
0.017400
-0.008000
-0.011800
0.023200
0.010800
-0.020600
0.004400
-0.001200
-0.006455
-0.023909
-0.002462
-0.003130
0.003000
0.008800
-0.016600
-0.006182
0.006727
-0.012200
0.003000
0.021167
0.011400
0.004800
0.005200
-0.001000
-0.006400
-0.007600
0.023600
0.004800
-0.002385
-0.004065
-0.002400
-0.022737
-0.001200
-0.000200
-0.001091
0.010000
0.009600
0.007091
0.004600
0.003400
-0.005000
0.013000
-0.011800
-0.001000
0.026000
-0.009400
-0.007800
0.012600
0.001400
-0.009667
-0.002200
0.003200
-0.000600
0.012000
-0.020000
0.010200
-0.005600
0.003600
0.000600
-0.005000
0.002200
-0.007273
0.008600
-0.002545
0.004000
0.015846
-0.014000
-0.004000
0.004200
-0.007333
-0.001333
-0.012200
-0.001600
0.007500
0.000400
-0.018923
-0.000800
-0.004727
-0.002364
0.018200
0.014000
0.008462
0.004000
0.016800
0.000182
0.001500
-0.013385
-0.004000
0.016200
0.021857
0.005800
0.015200
-0.004000
-0.008600
0.004400
0.003400
0.020615
0.009846
0.003538
-0.010462
-0.011143
0.006833
0.013636
0.011833
-0.011333
-0.010500
0.001091
0.010909
0.020167
-0.015200
0.013714
0.002800
-0.005333
-0.005667
0.002286
0.005231
-0.002909
-0.005167
-0.011833
-0.012833
-0.008133
0.014364
-0.003600
-0.003333
0.017333
0.000364
-0.007867
-0.023600
0.016545
0.014154
0.033818
0.024833
-0.012400
-0.006000
-0.014545
-0.005273
-0.008923
-0.001846
0.003500
0.007000
-0.024769
-0.007636
-0.019091
0.000800
0.000750
-0.004348
-0.003120
0.013417
0.006500
0.010727
0.001000
0.002480
-0.012783
0.011250
-0.014800
-0.000720
0.001810
0.001259
0.001565
0.011000
-0.007913
-0.004476
-0.009750
-0.003905
0.000000
-0.016667
0.005500
-0.005565
