-0.031600
-0.018800
-0.017273
0.000200
0.021800
0.013000
0.011091
0.008571
-0.035714
-0.029800
-0.038308
-0.034182
0.000429
-0.006667
0.013724
0.006333
0.016400
0.013871
0.018786
0.004800
-0.022250
-0.022303
-0.014069
-0.018952
0.023800
0.031200
0.021800
0.009538
-0.016375
-0.024600
-0.010545
-0.010182
-0.000182
0.021200
0.012800
0.000923
0.007481
0.013308
0.004000
0.013500
-0.030815
-0.031429
-0.027000
-0.035000
-0.017526
-0.011533
-0.002133
-0.020250
0.095036
0.090448
0.102158
0.089945
-0.025212
-0.022125
-0.031206
-0.023239
0.338580
0.336781
0.343333
0.337014
0.071646
0.072453
0.064243
0.065711
0.003262
0.003391
-0.000870
-0.005385
0.311015
0.294849
0.309159
0.301727
-0.003200
0.003091
-0.007636
0.020800
-0.003200
0.003333
-0.005455
0.022600
0.023500
0.006286
-0.006364
0.002909
0.008400
-0.010800
0.006800
-0.005273
0.010667
0.004200
-0.001600
0.005400
-0.008200
-0.016000
-0.009200
-0.018200
0.007400
-0.018400
0.005636
0.001000
0.007200
0.006400
0.006000
-0.000400
0.004800
0.005833
-0.001800
0.002714
-0.002400
-0.003636
0.000833
-0.011091
0.009455
0.020833
0.020364
0.013091
-0.012800
-0.012800
-0.018600
-0.017455
0.007714
-0.012125
-0.004533
0.006429
0.017571
0.034286
0.018714
0.038533
-0.010286
0.000250
0.006462
-0.019800
-0.011833
-0.028000
-0.022000
-0.007600
0.032462
0.027077
0.013091
0.013846
-0.013818
-0.022375
-0.023333
-0.008909
0.002625
-0.018364
-0.017385
0.007000
0.019636
0.014286
0.010625
0.030182
-0.000667
-0.006125
0.000000
-0.004933
-0.023000
-0.016267
-0.013889
-0.005800
0.009067
0.007429
-0.002571
0.007600
-0.013000
-0.004400
-0.020500
-0.010545
0.022175
0.026092
0.023150
0.028765
-0.025342
-0.029191
-0.029317
-0.028177
0.261169
0.258425
0.254747
0.259538
0.023800
0.031200
0.021800
0.009538
-0.016375
-0.024600
-0.010545
-0.010182
-0.000182
0.021200
0.012800
0.000923
-0.003310
-0.012786
-0.006080
-0.000500
0.005846
0.014000
0.007154
0.001727
-0.014429
-0.008143
-0.005182
-0.010167
0.013636
-0.007310
-0.005429
0.010571
-0.010000
0.014800
0.012800
0.006000
-0.003400
0.006200
0.010800
0.007000
-0.015667
0.014000
-0.011000
-0.006800
0.001400
0.003800
0.013000
0.011200
0.012583
0.011533
0.010000
0.014074
0.004600
0.010600
0.003800
0.002800
-0.001400
-0.013400
-0.002000
0.014600
0.026000
0.007400
0.016400
0.003000
0.011600
0.007600
-0.007000
-0.002200
-0.016000
-0.006357
-0.014387
-0.019714
-0.012800
0.001091
-0.012600
-0.009000
-0.002182
0.013000
-0.010600
0.004800
-0.016200
-0.004800
0.016600
0.003000
0.016400
-0.002400
0.012200
0.004600
-0.031600
-0.018800
-0.017273
0.000200
0.021800
0.013000
0.011091
0.008571
-0.035714
-0.029800
-0.038308
-0.034182
0.012500
0.014000
0.014148
0.015481
-0.028933
-0.014500
-0.017364
-0.012593
0.002214
-0.006667
-0.004000
-0.013043
0.004364
0.009385
0.002560
0.004667
-0.012364
-0.021600
0.005600
0.016400
-0.008200
-0.001800
0.010800
-0.010000
-0.006000
-0.010800
-0.011800
-0.002600
0.008800
0.017400
0.004800
0.010800
-0.003545
-0.013000
-0.007231
-0.006348
0.012200
0.001400
-0.017400
-0.006182
-0.012909
-0.006400
-0.001200
0.015333
0.013400
0.001400
0.016600
-0.030000
-0.002400
0.009400
0.003000
0.002000
-0.001615
-0.005226
-0.002667
-0.010947
0.005400
-0.001600
-0.002364
0.002364
0.009800
0.011091
0.003200
0.009400
0.003600
0.007200
-0.009200
-0.007800
-0.002182
-0.004800
-0.018200
-0.011800
-0.007600
0.003833
-0.009200
0.006000
0.011800
0.002333
0.003600
0.017800
0.012000
-0.012000
0.014600
-0.005200
-0.000600
0.006727
-0.011200
-0.015636
0.016364
0.011692
0.016727
-0.014364
0.006800
0.015667
0.024333
-0.020800
0.002000
-0.001000
-0.002400
0.001538
0.009600
0.002182
0.021818
0.004000
0.002400
0.010000
0.010364
0.023800
0.016000
0.003667
0.001077
-0.007000
0.008000
0.020286
0.001800
0.013400
-0.013000
-0.019400
-0.006200
-0.000400
0.011692
-0.008154
-0.003077
-0.009231
0.004143
0.004000
0.015273
0.001000
0.001444
0.003333
0.005455
-0.002545
0.018167
0.024400
0.007143
0.006400
0.006167
-0.007333
0.007286
0.005385
-0.005455
-0.004833
-0.002833
-0.016167
-0.010133
-0.010909
-0.011000
-0.007167
-0.020000
-0.003273
-0.004000
-0.021400
0.022182
0.021846
0.031818
0.013167
-0.011400
-0.022769
-0.001091
-0.008909
0.010462
0.012154
0.010667
-0.010800
-0.006769
-0.001091
-0.011273
-0.007000
-0.001833
-0.012000
0.011520
0.003250
0.016250
0.002273
0.005462
0.000640
-0.006957
-0.003750
-0.001120
0.010400
0.011619
0.006741
0.013565
0.011364
-0.012174
-0.003905
-0.003917
-0.002095
-0.000870
-0.002917
-0.007214
0.001913
