-0.026200
-0.016200
0.004364
-0.027000
0.011200
0.018600
0.007273
0.003286
-0.057143
-0.017400
-0.023385
-0.028364
0.010571
-0.003576
-0.001724
-0.000389
0.007933
0.007484
0.015857
0.019280
-0.023583
-0.030788
-0.022069
-0.028857
0.003600
0.015200
0.027200
0.022615
-0.011875
-0.020200
-0.015091
-0.018545
0.005818
-0.002800
-0.001600
0.007231
0.018593
0.012692
0.005857
0.008750
-0.030815
-0.039071
-0.035692
-0.036692
-0.006579
-0.015600
-0.020533
-0.007917
0.084771
0.099433
0.097474
0.093233
-0.031303
-0.036781
-0.033706
-0.038704
0.447362
0.444000
0.442725
0.451781
0.058506
0.066987
0.060135
0.064132
-0.009477
-0.002986
-0.006870
0.000338
0.409169
0.407562
0.412696
0.406364
-0.000200
0.007091
0.008909
0.015400
0.017800
-0.016167
-0.007091
-0.001800
0.011333
0.017714
0.000545
0.018000
-0.011800
-0.002000
-0.018200
-0.007273
0.007667
-0.017800
0.007867
0.016400
-0.024200
-0.009667
-0.016400
-0.019200
0.009200
0.002200
-0.010727
0.010600
0.017200
0.007000
-0.002909
0.008400
0.002000
0.004167
0.009000
-0.003429
0.001200
-0.003818
-0.014333
-0.005818
0.029636
0.011667
0.030727
0.016909
-0.034000
-0.025800
-0.012200
-0.010000
0.001000
-0.008625
-0.006667
-0.015143
0.014571
0.013000
0.011571
0.033867
-0.013571
-0.012750
-0.008923
-0.006800
-0.018167
-0.006667
-0.021455
-0.006800
0.013231
0.009538
0.008000
0.027231
-0.019455
-0.024875
-0.003000
-0.013636
-0.003125
0.007455
0.001692
-0.008600
0.004545
0.004857
0.012750
-0.000182
0.004000
0.000375
-0.010833
-0.003467
-0.016667
-0.023200
-0.012556
-0.015200
0.006400
0.009000
0.019857
-0.011000
-0.023200
-0.006933
-0.008333
-0.018909
0.013875
0.021057
0.017125
0.022988
-0.027342
-0.028202
-0.030098
-0.026759
0.357532
0.363025
0.359413
0.360692
0.003600
0.015200
0.027200
0.022615
-0.011875
-0.020200
-0.015091
-0.018545
0.005818
-0.002800
-0.001600
0.007231
0.000000
0.000214
-0.021760
-0.014286
0.017846
0.020846
0.013692
0.010273
-0.010357
-0.014214
-0.000727
-0.005333
-0.008455
0.001862
-0.003429
-0.006571
-0.001400
0.007000
0.001400
0.007200
0.001800
0.008200
0.007200
-0.019000
-0.021667
0.000600
-0.009000
0.005800
-0.008200
0.005800
-0.003800
0.025800
0.006417
0.014733
0.002414
0.019333
0.005600
0.010200
0.009200
0.002400
-0.009000
-0.006200
0.004800
0.016600
-0.001538
0.006400
0.000800
0.000400
-0.013200
0.009200
0.014800
0.010000
-0.021391
-0.022214
-0.012387
-0.013524
0.004200
0.022364
-0.013000
-0.008000
0.006182
0.009000
-0.013800
-0.014000
-0.000600
0.010400
0.011400
-0.002000
0.011400
0.006400
0.014200
0.006400
-0.026200
-0.016200
0.004364
-0.027000
0.011200
0.018600
0.007273
0.003286
-0.057143
-0.017400
-0.023385
-0.028364
0.010786
0.019862
0.016667
0.016444
-0.025933
-0.018000
-0.014182
-0.006074
0.001214
-0.000583
0.006231
-0.004174
0.004909
0.006923
0.004960
0.010762
-0.014727
-0.000800
0.002200
-0.009800
-0.008200
-0.024000
0.002000
-0.007800
0.007800
0.007600
0.001600
0.005800
0.005000
0.005600
0.020200
0.022400
-0.000545
-0.004455
0.005154
-0.012696
-0.006000
0.005000
-0.005800
0.001455
0.007636
-0.000800
0.011800
0.008500
-0.009200
0.009000
-0.006000
-0.012600
-0.004200
-0.007000
0.002800
0.004600
-0.013538
-0.013032
-0.002067
0.006632
0.009600
-0.000800
0.009818
0.012182
0.023000
0.010909
-0.002400
0.005200
-0.001000
0.001200
0.031200
0.017400
0.004727
0.000400
-0.020200
0.002800
0.018600
0.005667
0.010200
-0.009200
0.015800
-0.001333
-0.001400
-0.001400
-0.004000
-0.010800
0.000600
0.009200
0.007200
0.014182
-0.010600
0.002727
0.004727
-0.004769
-0.002727
-0.002909
0.017600
0.009667
-0.014833
-0.001200
0.008800
0.013500
-0.006800
0.004308
0.001200
-0.005091
0.004182
-0.008200
0.009600
0.003538
0.007818
0.005200
-0.024909
-0.006167
-0.016000
-0.014600
0.025200
0.027857
0.031800
0.018400
-0.022800
-0.021600
-0.023200
-0.013600
-0.002154
-0.011692
-0.003846
0.002615
0.011714
0.009667
0.026000
0.012000
-0.003000
0.014500
-0.011273
-0.004909
-0.003667
0.001600
0.025571
0.014600
0.014833
-0.013778
0.001571
0.001846
-0.005636
-0.007833
-0.013500
-0.015833
-0.004800
-0.016545
0.009200
-0.007167
-0.023667
-0.008909
-0.014933
0.000200
0.006364
0.018308
0.018000
0.016167
0.004600
-0.020923
-0.001818
-0.009455
-0.006154
-0.005692
0.009500
0.008400
-0.009846
-0.000909
-0.009818
0.004600
0.006917
-0.006174
0.008800
-0.004000
0.010750
0.013455
0.005000
0.001360
-0.004783
-0.004500
-0.008880
0.008480
0.005524
-0.000519
-0.004522
0.013909
0.006870
-0.001429
-0.001500
-0.001429
0.002609
-0.003417
0.001000
0.000087
