-0.010200
-0.022000
-0.008545
-0.008600
0.002800
0.018200
0.014364
0.012714
-0.037143
-0.014800
-0.022462
-0.023273
0.002357
0.005394
-0.002414
-0.001833
0.019867
0.021161
0.025429
0.020080
-0.018417
-0.014303
-0.014483
-0.012381
0.019800
0.020800
0.024200
0.013538
-0.016750
-0.010000
-0.018545
-0.021091
0.000364
0.018200
0.003400
0.012462
-0.003259
0.004077
-0.000286
0.012063
-0.020593
-0.023714
-0.029538
-0.035154
-0.011684
-0.007200
-0.006133
-0.011500
0.099084
0.104239
0.101895
0.095014
-0.017576
-0.017375
-0.022912
-0.020958
0.277333
0.279594
0.278957
0.285151
0.070354
0.069120
0.071595
0.068500
-0.003415
0.002725
-0.001246
0.005046
0.253385
0.248082
0.253072
0.245273
0.002600
-0.001818
-0.005455
0.008400
-0.003600
0.010167
-0.006000
-0.007600
0.015167
0.006429
-0.009273
0.026000
0.000800
0.003800
0.011800
-0.010000
-0.007000
0.006200
-0.003467
0.011800
-0.010800
-0.012667
-0.014400
-0.004200
-0.001800
0.010200
-0.007273
-0.006800
-0.004600
0.004000
0.007636
0.008800
-0.005200
0.013833
0.024400
0.010857
0.003600
-0.008364
0.007333
0.018182
0.016000
0.031667
0.012182
0.002545
0.002600
-0.010000
-0.010400
-0.020909
-0.014286
-0.000750
0.003867
0.001857
0.027429
0.015429
0.016429
0.014533
-0.011571
0.002500
-0.000154
-0.004200
-0.009833
-0.000667
0.000000
-0.019400
0.022308
0.026769
0.010909
0.005538
-0.008545
-0.002875
-0.005167
-0.001273
-0.008750
-0.002364
-0.003077
-0.035000
0.011818
0.025429
0.001625
0.005273
-0.000222
-0.001250
-0.008000
-0.000533
0.007500
-0.006000
-0.017333
-0.007600
0.007733
0.005286
-0.008571
0.009400
-0.007200
-0.021733
-0.003167
0.000727
0.021250
0.028920
0.023300
0.025827
-0.026354
-0.021640
-0.027390
-0.026405
0.197091
0.201325
0.200560
0.205282
0.019800
0.020800
0.024200
0.013538
-0.016750
-0.010000
-0.018545
-0.021091
0.000364
0.018200
0.003400
0.012462
0.002552
0.003643
0.002400
-0.008143
0.012000
0.006154
0.010154
0.016909
-0.001857
-0.010071
-0.003455
-0.001083
-0.004182
0.006759
0.002714
-0.003071
-0.008000
0.013000
0.008000
0.013400
-0.006800
-0.005400
0.006200
0.010400
-0.006167
0.001400
-0.015600
-0.008800
-0.002800
-0.006200
0.001600
0.000000
0.008667
0.010867
0.012759
-0.001630
-0.015400
0.000600
-0.008000
0.014800
-0.005000
-0.002600
0.005200
0.010400
-0.004154
0.013000
-0.013200
-0.030000
0.003600
-0.000400
0.007000
0.010800
-0.003043
-0.004500
-0.006903
-0.015905
-0.005600
0.004909
0.015400
0.006200
-0.009636
0.012400
-0.016000
0.005800
0.009800
0.000400
-0.005200
0.017400
-0.008200
0.006600
0.002600
-0.006200
-0.010200
-0.022000
-0.008545
-0.008600
0.002800
0.018200
0.014364
0.012714
-0.037143
-0.014800
-0.022462
-0.023273
0.012857
0.022621
0.005037
0.010593
-0.019533
-0.010583
-0.013909
-0.026074
0.000714
-0.000500
0.012462
-0.009304
0.012818
0.000615
0.004320
-0.004286
0.000545
0.007400
-0.013000
-0.018000
-0.013000
0.002800
0.011000
0.005800
0.002400
-0.008800
-0.002200
0.015600
0.002800
0.023000
0.007600
0.008600
-0.001273
0.014364
-0.008231
0.000000
0.009600
-0.010200
-0.012800
0.000364
-0.008000
-0.005400
-0.000600
0.002333
-0.002600
0.003200
-0.002200
-0.000400
-0.002600
0.012200
0.010200
0.006800
-0.011923
0.003935
-0.002600
-0.004000
0.000800
0.020600
-0.001273
-0.003636
0.010600
0.005636
-0.000400
0.015400
-0.006200
0.011200
-0.011000
-0.003800
0.023091
0.004600
0.025200
0.012800
0.004200
-0.008333
0.004200
0.005600
-0.003200
-0.018667
-0.004400
-0.010000
-0.015400
0.000000
-0.011400
0.013600
0.005800
-0.003455
0.005800
-0.007818
-0.005273
-0.002000
0.000909
0.004364
-0.012600
-0.014667
-0.014333
-0.015600
-0.002400
0.003500
-0.000400
-0.002154
0.001600
-0.003636
-0.011818
0.013200
0.005800
0.003385
0.005091
-0.001000
-0.001273
0.009500
-0.000923
0.000600
0.021400
0.015714
0.011400
-0.006800
0.008600
-0.016400
-0.009800
-0.011800
-0.009385
0.009077
0.000154
-0.008308
0.003571
0.022833
-0.001636
0.007500
0.000333
0.002333
-0.013455
0.000545
0.007500
-0.015200
0.019286
0.005800
-0.011333
-0.008000
-0.002714
0.000769
0.002545
-0.010333
-0.013667
0.000333
-0.001200
-0.004364
-0.003400
-0.015000
0.001000
0.003091
-0.007067
-0.002400
-0.007273
0.013692
0.012364
0.016167
-0.024400
-0.000923
-0.012909
-0.005273
-0.002923
0.027846
0.000500
-0.007000
0.001231
-0.001091
-0.006182
-0.014000
0.006750
0.000174
-0.000560
-0.007667
0.004167
0.000182
0.000462
0.007520
-0.003217
-0.002417
-0.000880
0.012560
0.009238
0.008741
0.010174
-0.000364
-0.012870
0.002857
0.002750
-0.011810
-0.001652
-0.015250
-0.002000
-0.016000
