-0.002800
0.072000
0.112769
-0.002400
0.048000
-0.023455
0.076000
0.093200
0.109333
-0.016200
0.065800
0.062200
0.069800
0.086182
-0.031636
-0.032400
0.081600
0.101400
-0.025000
-0.018000
-0.028000
0.055600
0.070400
0.051800
-0.028600
-0.047000
-0.009636
0.007800
-0.012600
-0.032400
0.018600
-0.052800
-0.037400
-0.041400
-0.009200
0.046400
0.016200
-0.003200
0.006200
-0.014600
-0.051667
0.005800
-0.037200
-0.023400
-0.071600
0.009200
-0.001600
0.003800
0.048471
-0.022154
0.078235
0.060308
0.103571
0.055867
-0.030133
0.076750
0.070800
0.021385
-0.041600
0.057400
-0.017846
0.081000
0.071000
-0.000400
-0.063400
0.050364
0.053200
-0.017800
0.016167
-0.062923
0.081000
0.043200
