0.027200
-0.020000
0.039538
0.041000
0.037800
0.001818
-0.002800
0.016000
0.044667
0.014600
-0.020000
0.025000
0.004800
0.048000
-0.001091
0.032600
-0.010000
0.050200
-0.007400
0.007800
0.017600
-0.020600
0.003000
0.028800
-0.035000
-0.009200
-0.011091
-0.034000
-0.037400
0.004600
0.040400
-0.009600
-0.006800
-0.014000
0.024200
-0.030000
0.006800
-0.036000
0.009000
-0.003600
-0.031000
-0.011000
-0.011800
-0.041400
-0.000200
0.004000
-0.007800
-0.002200
0.036000
-0.002154
0.014824
0.032692
0.012429
0.028933
0.023067
0.012875
-0.018200
0.010154
0.008400
-0.010200
0.032769
0.015714
0.035000
0.046800
0.002800
-0.015636
0.031600
-0.027800
0.024167
0.008769
0.021200
0.013600
