0.012200
-0.002000
-0.006154
0.004600
0.004800
0.012545
0.012400
0.015200
0.017000
0.005800
0.007000
0.009800
0.004400
0.010727
-0.006182
0.028400
0.015400
0.011400
0.019400
0.038800
0.007200
-0.002200
0.015000
0.019800
-0.030200
-0.000400
-0.005636
-0.012400
-0.025200
0.005800
0.018000
-0.017000
-0.009200
-0.019000
0.014600
-0.005200
-0.003000
-0.001600
0.000200
-0.014800
-0.005833
-0.002200
-0.001000
-0.015800
-0.002200
0.024600
-0.007400
0.003000
0.021882
0.024462
0.001059
0.005538
-0.001857
0.023467
0.025600
0.023375
-0.035400
0.013077
0.017000
-0.000200
0.023538
0.012143
0.004400
0.006800
0.021000
-0.011455
0.004400
-0.005000
0.034167
0.009077
0.001000
-0.009400
