-0.003000
0.012833
-0.003385
-0.006600
-0.016800
-0.000364
0.009600
0.011200
0.006333
0.007800
0.027000
-0.007800
0.027200
-0.001273
0.012727
0.001200
-0.007000
-0.005600
0.010600
-0.005400
-0.005400
0.016200
0.007200
0.004200
-0.006400
0.009000
0.011273
0.022800
0.002200
-0.003800
-0.012200
-0.003800
-0.001200
0.000800
0.017600
0.003200
0.001000
-0.011400
-0.008400
0.016200
-0.005167
-0.007000
0.000400
-0.015200
-0.024800
0.020200
-0.016200
-0.005800
-0.002000
-0.000923
-0.001882
-0.000308
0.014429
-0.001600
-0.002933
0.001750
-0.013200
-0.008154
0.001800
-0.021800
-0.002923
0.008143
-0.002400
0.019600
0.005200
-0.002909
-0.002600
-0.001000
0.003500
-0.012000
-0.016200
0.002200
