0.291600
0.139833
0.027231
0.490400
0.106800
0.480000
0.092800
-0.026200
-0.066167
0.444200
0.106000
-0.028200
0.071200
0.082727
0.442909
0.243200
0.067600
0.018200
0.459600
0.144200
0.407200
0.088200
0.078200
-0.296200
-0.145600
-0.069600
-0.008727
-0.029600
0.041400
-0.004000
-0.055600
0.166600
-0.052200
-0.007000
-0.046800
0.073400
-0.073200
0.032600
-0.000200
-0.125800
0.179500
-0.025800
-0.030200
-0.058400
0.011200
-0.051400
0.039000
-0.045600
0.456353
0.207077
-0.039176
-0.125769
-0.049429
-0.087200
0.212800
0.091750
0.022000
-0.121385
0.173800
0.070000
0.194154
-0.062714
-0.097000
0.426000
0.127400
-0.036909
-0.111600
0.234200
-0.231500
0.205846
-0.066200
0.080000
