-0.017000
0.000833
0.013692
-0.009400
0.001800
0.005091
0.019800
0.017200
-0.004333
-0.006400
0.000400
0.007000
-0.015000
-0.004727
0.008727
0.003000
0.024000
-0.007000
0.005400
-0.003000
0.006000
-0.011200
0.011600
0.005000
0.012400
0.008800
-0.011091
-0.010400
-0.005600
0.000200
-0.002200
-0.006400
0.003800
-0.013000
-0.014200
-0.016000
0.006000
0.010800
-0.006800
-0.008400
-0.008833
-0.001600
-0.016200
-0.010400
-0.012600
-0.020200
0.001200
0.006200
0.008706
-0.009077
-0.000941
0.019615
0.014429
0.000267
-0.011600
0.006500
0.012600
-0.018000
0.006800
-0.002600
-0.001846
0.002714
0.005400
0.008600
0.012200
0.003091
0.009200
0.004400
-0.009667
0.007385
0.005800
0.012400
