0.009400
0.000667
-0.021538
0.021400
0.002200
0.003273
0.011600
-0.013400
0.008833
0.006600
-0.000200
0.007800
-0.002200
0.011636
-0.000727
-0.008000
-0.023800
-0.006400
0.015400
-0.011800
0.013800
0.004000
-0.006000
0.007200
-0.001400
0.007000
-0.012909
0.003000
0.001400
-0.027200
0.007800
-0.023400
-0.017600
0.011000
-0.002000
0.015400
-0.010800
-0.012800
-0.022000
-0.009400
0.010333
-0.002400
-0.010800
0.000000
-0.006800
-0.000600
-0.006200
0.003400
0.006000
-0.002615
-0.000471
0.010000
0.008571
0.010267
0.016800
0.006375
0.018800
-0.008308
-0.001800
-0.005400
-0.007077
0.003429
0.017600
-0.006400
-0.004000
-0.018364
-0.007600
-0.011600
-0.011500
0.006615
0.005400
-0.002800
