-0.006000
-0.002000
-0.002769
0.993000
0.000000
0.993818
0.004000
0.004800
-0.004500
0.992000
0.005000
0.012000
0.007000
0.002909
0.994000
-0.021800
0.004800
0.015200
0.994000
-0.010400
0.992000
0.005400
-0.010600
-0.001800
0.009400
-0.019000
0.007818
-0.008200
-0.011400
-0.010200
0.002000
-0.008200
-0.009800
-0.012000
0.004400
0.011600
0.011600
-0.027800
0.014000
-0.013800
-0.002667
0.015600
-0.003200
-0.014400
-0.007600
-0.005800
-0.005200
0.007200
0.994941
0.007538
0.001882
-0.007000
-0.008286
-0.008800
0.006267
-0.009125
-0.001600
-0.002769
0.016600
0.000800
-0.000923
0.006714
0.006400
0.991200
-0.005400
0.007818
-0.004600
-0.006400
0.003667
-0.010154
-0.000800
-0.008800
