-0.002600
0.004833
0.003846
-0.002200
0.003600
0.002000
0.004400
0.008400
-0.002167
-0.015600
0.004400
-0.022000
0.005000
-0.010909
0.002727
0.006600
0.005800
-0.003200
-0.010200
-0.001400
0.004400
-0.003200
0.015400
0.002200
-0.010200
-0.019200
0.009455
0.001800
-0.010600
0.006800
-0.005000
0.000800
-0.013600
-0.008600
-0.008600
0.015400
0.001600
-0.009200
0.013200
0.003200
-0.007500
0.006400
0.005600
0.006000
-0.008200
-0.004200
-0.011200
0.021400
-0.007294
0.006615
-0.000471
-0.001769
-0.010286
0.006800
0.004667
0.000875
0.014200
0.001077
0.003200
0.012000
0.002154
0.009143
-0.003200
0.005400
-0.010800
0.014727
-0.006400
-0.011400
0.001833
-0.009692
-0.002800
-0.001000
