0.028200
-0.011500
-0.000308
0.001200
0.009600
0.000364
-0.002200
-0.000200
0.006500
0.001400
-0.001200
0.025000
0.011400
-0.007273
-0.001273
0.017800
0.009600
-0.002400
-0.004800
-0.002000
-0.000800
-0.010400
-0.001200
0.003600
-0.002200
-0.016000
-0.018909
-0.003800
-0.005200
-0.011400
0.006600
-0.001400
0.009000
-0.006800
-0.003800
-0.002000
0.007400
-0.010800
0.004200
0.003000
-0.006667
-0.004200
0.003400
0.016600
-0.005000
-0.004600
-0.005200
0.014800
-0.011412
-0.003692
0.000118
0.001462
0.009143
-0.000400
-0.012800
-0.003250
-0.003200
-0.006154
-0.017600
-0.016400
0.005846
0.009286
-0.012400
0.013200
0.001600
-0.019273
-0.006400
0.011600
-0.005167
0.003077
-0.008600
-0.006200
