0.017800
0.003500
-0.002462
-0.008000
0.007600
0.001273
-0.015200
-0.006200
0.009500
-0.010000
0.002000
0.006600
-0.005400
0.012182
0.009636
-0.000600
0.000200
0.000200
-0.016600
0.005200
0.011200
-0.011200
0.006000
0.009400
-0.004600
0.012600
-0.003455
-0.007600
0.001800
-0.002600
0.015000
-0.014600
0.013600
-0.002200
-0.013200
0.006200
0.006000
-0.004800
0.007600
-0.017800
-0.009833
0.021800
-0.019800
0.006600
-0.009800
0.007400
-0.006400
0.004600
-0.006000
-0.015846
-0.008706
0.001077
0.005143
-0.001733
-0.013200
0.007875
0.020000
-0.004154
0.008600
-0.001000
-0.019385
0.003286
-0.003800
0.004400
-0.007000
0.001455
-0.011400
-0.000200
0.019333
0.005077
-0.009800
-0.006200
