0.019000
-0.017167
-0.001846
0.006600
0.011800
-0.004727
0.016600
-0.004200
0.011167
0.006400
-0.014800
0.011000
0.001400
0.004364
-0.002182
-0.002400
0.006200
0.017800
0.007800
0.008000
0.012600
0.009800
0.003800
0.019600
-0.016800
0.004200
-0.003636
-0.016400
-0.022000
0.015600
0.012600
0.010600
-0.015200
-0.012800
0.000200
-0.003800
-0.002200
-0.006000
-0.014400
-0.016200
-0.012167
0.018800
-0.021800
0.001000
0.003000
0.002800
0.007600
-0.010400
0.021529
0.004769
0.016353
0.006538
0.014571
0.004800
0.008533
0.015250
0.005600
0.005538
-0.010600
-0.013000
0.003846
0.019429
0.017000
0.001200
0.015200
0.015455
-0.002000
-0.006400
0.013833
-0.004000
0.003400
0.004000
