0.023800
0.016500
0.008462
-0.003600
0.016200
-0.003818
0.006600
0.008600
0.005500
0.013400
-0.008400
0.033600
0.034600
0.010364
-0.003636
0.015400
0.014000
0.011800
0.015600
0.014400
0.005600
0.012400
0.020600
-0.003200
-0.002400
0.007600
-0.008909
-0.011600
-0.014000
0.006000
0.003000
-0.006800
-0.004600
-0.003600
0.008000
-0.015000
0.022400
0.004800
0.004200
-0.007600
-0.011000
0.013400
-0.003800
-0.013200
-0.013800
0.000800
-0.002200
-0.031400
-0.005059
0.022462
-0.010706
0.016462
0.010714
0.010800
0.017600
0.022250
0.001200
0.014000
0.026600
0.007600
0.025538
-0.005714
-0.007400
0.028200
-0.012600
0.004909
0.005600
-0.002800
0.023500
0.013231
-0.010200
0.001200
