0.123000
0.231333
0.063846
0.114000
0.087000
0.057818
0.258400
-0.007000
0.036000
0.054200
0.248200
-0.040000
0.218200
0.081273
0.051818
0.148800
0.190200
0.072400
0.068000
0.138800
-0.019400
0.235400
0.077800
-0.154400
-0.124600
-0.085400
0.006000
-0.029400
0.043800
-0.051000
-0.080800
0.095400
-0.017800
-0.058000
-0.093000
0.099600
-0.112200
0.075000
-0.042400
-0.061200
0.044000
-0.010200
-0.062400
-0.038800
-0.044800
-0.074800
0.078400
-0.087800
0.052588
0.155385
0.001882
-0.056308
-0.064714
0.011467
0.146667
0.220125
0.039800
-0.017692
0.113000
0.209400
0.068308
-0.022429
0.017400
-0.001200
0.156600
0.004909
-0.018000
0.098000
-0.059500
0.126769
-0.020400
0.046600
