-0.004200
-0.005667
-0.002462
0.002200
-0.029600
0.004727
0.006600
-0.012800
-0.007167
0.000400
-0.015600
0.011200
-0.020400
-0.004364
0.000182
-0.003400
-0.010000
-0.000600
0.009400
0.006400
-0.000600
-0.013200
-0.013000
-0.000400
-0.002400
-0.002800
0.007091
-0.024400
-0.008200
0.009800
-0.005600
-0.010000
-0.016600
-0.003400
0.002200
0.000600
-0.005800
0.007200
0.008400
0.016600
0.001167
0.016600
0.005000
-0.004400
-0.007800
0.007400
-0.008800
-0.018000
0.011059
0.007692
-0.001294
0.008923
0.011571
0.010533
-0.005333
0.012750
0.009600
0.013077
-0.005200
-0.015600
-0.009385
0.017714
-0.001000
0.016800
-0.007800
0.009636
-0.010400
-0.000400
-0.003000
-0.000769
-0.003000
-0.009400
