-0.013800
0.019333
0.008308
0.000200
0.007400
-0.000364
0.006400
-0.003200
0.010500
0.002600
0.011200
0.002800
-0.001000
0.010000
0.002182
0.007200
0.011000
0.018200
0.013000
-0.015800
-0.001600
-0.004800
-0.007400
0.002400
0.002200
0.002800
0.016182
0.004600
-0.012400
0.001800
-0.014600
0.011000
0.003400
-0.005800
-0.013000
-0.004000
-0.008400
0.012600
0.005200
0.006200
-0.000833
-0.008400
-0.014200
-0.011200
0.012200
-0.008400
-0.018200
-0.010800
-0.005882
0.002462
-0.000941
0.006769
0.014000
-0.002933
0.028933
0.009625
0.012200
-0.001692
0.008800
-0.009200
-0.018154
0.003000
0.009000
-0.010400
-0.004600
0.014727
0.011800
0.012600
-0.006167
0.012462
0.008400
-0.000800
