0.005000
0.008500
0.001692
0.001600
-0.005600
0.015455
-0.013800
0.000600
0.007167
0.012200
-0.006000
0.021400
0.005000
-0.005091
-0.006909
-0.005200
-0.019000
-0.001600
0.016400
-0.002200
0.014000
-0.011800
-0.011600
0.017600
-0.003000
-0.012400
-0.000364
-0.005200
0.013200
-0.005400
-0.014600
0.002000
0.006400
-0.003600
-0.008800
-0.002600
0.002800
-0.009600
-0.003200
0.005800
-0.006833
-0.014600
-0.015600
0.011600
-0.001800
-0.002400
-0.004400
-0.010000
0.009059
0.002615
-0.006353
-0.003615
-0.011000
0.008267
0.003333
0.005375
-0.000600
0.001385
0.006600
-0.005400
0.009846
-0.011286
-0.000400
0.003800
0.015000
0.005273
0.003600
0.007800
-0.001333
-0.010462
-0.010400
0.005200
