0.018600
0.003167
0.084000
0.006400
0.072800
-0.032909
0.001600
0.030200
0.092000
0.002000
-0.004400
0.053800
-0.001000
0.077818
-0.017455
0.001200
0.007600
0.055400
-0.026400
0.001200
0.006800
0.004600
0.040800
0.035800
-0.008400
-0.016600
-0.001091
-0.018600
-0.033400
0.010400
0.053200
-0.040000
-0.038200
-0.051800
0.005800
0.003600
0.020800
-0.029600
-0.009800
-0.019000
-0.029667
-0.007200
0.001000
-0.028000
-0.007000
0.007600
-0.010400
0.002200
0.048941
-0.024769
0.020000
0.065846
0.048857
0.039867
-0.009733
0.020250
0.005400
0.022154
-0.016200
0.009600
0.014308
0.035000
0.061000
0.023000
-0.020200
0.015636
0.040200
-0.020000
0.026167
-0.009077
0.024000
0.041000
