-0.043400
0.179833
0.096923
0.001200
0.034400
-0.059273
0.180600
0.093400
0.051333
-0.038000
0.186000
0.027200
0.190000
0.057091
-0.047455
-0.005200
0.193000
0.100400
-0.044600
0.029800
-0.059200
0.185800
0.056000
-0.000600
-0.058000
-0.071000
-0.011273
0.015400
0.042600
-0.082600
-0.051600
-0.012600
-0.009600
-0.038000
-0.057800
0.068600
-0.041200
0.027600
-0.057800
-0.041400
-0.093167
0.030400
-0.055800
-0.023600
-0.085400
-0.056600
0.059400
-0.034800
0.025765
0.005385
0.074588
0.004462
0.044429
0.065467
-0.001200
0.222500
0.096600
0.021846
-0.016600
0.180800
-0.044462
0.051286
0.054000
-0.058400
0.017200
0.060727
0.050000
-0.006800
0.032500
-0.002769
0.067400
0.008800
