0.005400
-0.018000
-0.008000
-0.013800
0.004000
0.008000
0.004200
-0.012400
0.021333
0.020800
0.014600
-0.003400
0.016800
-0.012545
0.005455
0.009200
-0.000800
-0.007200
0.002600
-0.011400
-0.003600
0.003000
0.010200
0.010600
-0.004600
0.004600
0.004727
-0.013400
-0.012800
-0.011000
0.007400
-0.010000
0.013600
0.009800
-0.010600
-0.010800
0.013000
0.018200
-0.001800
0.009200
-0.001167
-0.011200
-0.008000
-0.000600
-0.001200
0.013400
-0.002000
-0.018600
0.008941
-0.001385
-0.005765
0.001462
0.010143
0.003067
0.006133
0.004500
-0.004000
0.006000
0.005600
0.010800
-0.001077
0.022143
0.003200
-0.009400
0.014000
0.012909
-0.001600
0.007200
-0.006000
-0.001231
-0.003600
0.002200
