-0.003400
-0.004833
0.002462
0.007800
0.000200
0.015091
0.004400
0.008400
0.009333
-0.017600
0.001600
0.011600
-0.001200
-0.011818
-0.010182
0.004200
0.003000
0.003000
0.003400
0.008200
-0.020000
0.000600
-0.000800
0.002000
0.003200
0.007000
-0.014909
0.002400
0.003600
0.009400
-0.018600
0.003400
-0.005800
0.001200
0.009800
0.022800
0.000800
0.003400
-0.013200
0.008800
-0.010833
0.003000
-0.003800
0.002600
-0.003000
0.008600
-0.000200
0.007000
0.004588
-0.000462
-0.001294
-0.005154
0.005857
0.001067
-0.000667
0.008625
-0.010800
-0.002923
-0.001400
-0.004400
-0.001692
0.007143
-0.015000
-0.023400
0.019400
-0.000364
-0.004200
-0.004000
-0.015000
0.002308
-0.011000
-0.005200
