0.0 -6.025050366200951
0.30933624960962325 -4.0772789175984885
0.6186724992192465 -2.8844215152318347
0.9280087488288697 -1.9804705776315539
1.237344998438493 -1.3742486332473571
1.5466812480481162 -0.8097570793581539
1.8560174976577395 -0.6674630553756609
2.1653537472673627 -0.3968848851412944
2.474689996876986 -0.36367562362452666
2.7840262464866092 -0.2372763383832606
3.0933624960962325 -0.16427100496719077
3.4026987457058557 -0.13678618110878007
3.712034995315479 -0.15918956649914384
4.021371244925103 -0.06143294576440183
4.3307074945347255 -0.1066690464473421
4.640043744144348 -0.021546288780072198
4.949379993753972 -0.13098211414365343
5.258716243363596 0.022325638173465966
5.5680524929732185 -0.12652163172433428
5.877388742582841 -0.044500294656968364
6.186724992192465 0.06058279229210021
