0.015400
0.046800
-0.008833
0.071600
-0.016800
0.006364
0.081455
0.001800
0.004800
0.002364
-0.015400
0.008600
0.054182
0.097455
-0.013600
-0.008000
-0.030167
0.009600
-0.116600
-0.012200
-0.068000
-0.034200
0.028000
-0.006800
0.057000
-0.014000
-0.057800
-0.033400
0.019000
-0.121091
-0.089600
-0.115818
-0.021200
0.040200
0.007600
-0.046800
0.073385
0.017818
-0.021600
0.086800
-0.006727
0.030182
-0.025800
-0.038000
-0.017600
0.029273
-0.001200
-0.019600
0.030000
0.099455
0.033400
0.037273
0.010545
0.081636
