-0.006600
-0.015600
0.026167
-0.013000
0.017400
0.001455
-0.018000
0.021200
0.018600
0.009636
-0.000600
0.001000
0.007636
-0.006182
-0.005000
0.004600
-0.027500
0.019000
-0.001600
0.005400
-0.007800
-0.007400
0.013600
-0.015200
-0.006600
0.020400
-0.005600
0.013600
0.004400
-0.011818
-0.014200
-0.024182
-0.025400
-0.017400
0.022200
-0.016400
0.002154
-0.005091
0.013000
0.006200
-0.020727
-0.004364
0.000400
-0.004600
-0.011800
0.018182
-0.011200
-0.010400
0.030800
0.021818
0.040400
-0.004364
0.000000
0.008909
