-0.008800
0.004600
-0.009833
0.007000
-0.008200
-0.003455
-0.001455
0.003400
-0.000400
0.012364
-0.005600
0.005600
-0.008545
-0.017636
0.007200
-0.026600
-0.043167
0.001200
0.008800
0.011200
-0.010600
0.001200
-0.001000
0.007800
0.001200
0.004600
-0.010000
0.003800
0.018400
-0.020545
0.015400
0.000364
-0.016200
0.023400
0.020600
-0.014000
-0.008923
0.006909
-0.001000
0.023400
-0.034364
-0.009818
0.007800
0.016400
-0.012800
-0.012364
-0.026600
0.001400
0.022000
0.032909
0.043600
0.012727
-0.001636
0.043273
