0.038000
-0.042600
0.030333
0.049800
0.002200
-0.012727
0.031455
0.029000
0.005600
0.030727
0.043200
0.031600
0.012909
0.018545
0.016400
-0.009000
0.008333
0.014200
-0.015800
-0.002200
0.046000
-0.007200
0.065400
0.031600
0.002200
0.014200
-0.025800
-0.028200
0.016200
0.024909
-0.000200
-0.005636
-0.060400
0.010800
-0.009800
-0.042000
0.056462
0.003091
0.009200
0.000000
0.033636
0.042000
-0.013000
0.027200
-0.062800
0.060182
-0.011400
0.005600
0.012000
-0.000182
0.101000
0.033091
0.060545
0.060364
