0.937400
-0.001000
0.000667
-0.004600
0.962400
0.015091
0.005636
0.954200
-0.000800
-0.006182
0.003800
0.946400
0.003636
0.004727
0.953800
0.943000
-0.007833
0.003000
0.009000
0.009000
0.006600
-0.003800
0.022600
0.010800
0.005000
-0.007800
-0.001000
0.017600
-0.017000
-0.000727
-0.001000
0.023091
-0.009800
0.015000
-0.023200
-0.005000
-0.025231
0.018182
0.011800
-0.014200
0.009273
-0.022000
0.003600
0.020400
-0.063000
0.060727
-0.010400
0.000400
0.014200
-0.005273
0.078800
0.006000
-0.055455
0.002727
