0.118000
0.156000
-0.141167
0.058200
0.181000
0.061091
0.034000
0.175200
0.015800
-0.075636
-0.053000
0.201600
0.132364
-0.068182
0.173600
0.110600
0.123500
-0.066400
-0.084800
0.099600
-0.139000
-0.232800
-0.002600
-0.044600
0.056800
-0.254000
-0.084400
-0.024200
0.012000
-0.242000
-0.230800
-0.068727
-0.041800
0.140800
-0.139800
-0.049800
-0.148308
0.083818
-0.049800
0.049200
-0.084364
0.034727
0.072000
0.000600
0.080200
0.062000
-0.002200
0.130800
0.243600
0.145818
0.027000
0.025091
0.241636
-0.057091
