0.625200
0.059200
-0.037000
0.081200
0.577200
0.022727
0.004545
0.567000
0.041800
-0.054545
0.059800
0.601000
0.067455
-0.048909
0.620800
0.549400
0.053167
0.011200
-0.024800
-0.001800
-0.109800
-0.115600
0.068200
-0.003600
0.062000
-0.134000
-0.014200
-0.012400
0.012800
-0.115636
-0.055000
0.032182
0.026600
0.075200
-0.076400
-0.008800
-0.190000
0.165636
-0.054800
0.002200
-0.185818
-0.078000
0.048400
0.017600
0.035400
0.036182
-0.001000
0.120600
0.283200
0.040909
0.027800
-0.067636
0.223818
-0.069455
