0.022200
-0.019400
0.029000
-0.005400
0.005200
-0.024364
0.028727
0.004200
-0.011800
-0.003818
0.030600
0.012600
-0.009273
0.007273
0.017000
-0.011200
0.002167
0.016800
0.017800
-0.009600
0.040800
-0.006600
0.008400
0.001400
-0.004600
0.019200
-0.002000
0.020400
-0.024800
0.001273
0.016600
0.021636
-0.077800
-0.006200
-0.010600
0.009400
0.016154
-0.030545
-0.005400
-0.039600
0.000182
0.025455
0.001600
-0.013000
-0.027400
0.066000
0.007000
0.008000
0.053800
0.023636
0.096600
0.009636
0.017273
0.035636
