0.011800
-0.009800
0.006333
0.005600
-0.007200
0.004182
0.007091
-0.001400
0.032800
-0.029636
-0.013000
0.016800
0.007455
-0.012909
-0.014800
-0.014000
-0.001667
0.012400
0.002000
0.011200
-0.020600
-0.000600
-0.002600
0.014800
-0.011800
0.017400
0.005200
-0.002400
0.005200
-0.006727
-0.028400
-0.002545
-0.040000
-0.008400
0.018800
-0.000200
0.010154
-0.003091
0.001800
0.001800
-0.026545
-0.008364
-0.005400
-0.015200
-0.004400
-0.029636
-0.016200
-0.001400
0.038800
0.028000
0.062200
0.011273
0.025636
0.023818
