-0.028800
0.004400
0.041667
0.069800
-0.006000
-0.010727
0.070545
0.030400
0.017400
0.030182
0.006000
0.042200
0.050727
0.083091
-0.027000
-0.039200
-0.056000
0.032200
-0.064000
-0.005400
0.020800
-0.008400
0.057200
0.025600
0.006000
-0.013800
-0.055400
-0.021600
0.009200
-0.048909
-0.034200
-0.060182
-0.046200
0.021600
0.009200
-0.021200
0.059077
-0.003636
-0.013200
0.066400
-0.004727
0.028000
0.034800
0.015000
-0.046600
0.033636
-0.023800
-0.028400
-0.023200
0.029636
0.084200
0.006909
0.042182
0.099636
