-0.007400
0.002800
-0.005500
0.006000
0.025600
0.006364
0.010000
-0.005600
0.015400
-0.007455
-0.013400
0.002200
-0.010182
-0.022727
0.015200
-0.000400
-0.008333
-0.007800
-0.005800
0.038000
0.001800
0.024000
-0.017400
-0.002000
-0.013200
-0.005200
-0.010400
-0.030600
-0.006600
0.003636
-0.002800
-0.001455
-0.030000
-0.006000
-0.009800
-0.007000
-0.020923
0.011818
0.013200
0.011000
-0.017091
-0.004909
-0.000800
0.009200
0.007400
0.007455
-0.010400
-0.015600
0.042600
0.033455
0.017400
-0.005455
-0.011636
0.035273
