0.000400
-0.023800
0.011167
-0.024400
0.007200
-0.005818
-0.006727
-0.013800
0.003000
0.002182
0.007400
-0.008600
0.000545
-0.030182
0.004800
0.008800
-0.020167
-0.003200
0.008200
-0.001600
-0.022800
0.003600
0.022600
-0.000400
-0.016200
0.009800
0.010800
-0.000400
0.003200
-0.010182
-0.002400
0.011091
-0.032400
-0.015000
0.024800
0.007400
-0.003077
0.003091
0.014400
0.008600
-0.012545
-0.016364
0.004400
-0.011800
-0.004400
0.006909
-0.025600
0.012400
0.033600
0.023818
0.011600
-0.003636
-0.015455
0.008000
