0.021000
0.011600
0.010833
-0.014800
-0.002600
-0.002364
0.007455
-0.004200
0.000400
0.018545
-0.000800
-0.001800
-0.010727
-0.021818
0.003600
-0.007800
-0.004000
0.011600
0.011600
0.002200
-0.007400
0.009000
0.014000
-0.026600
-0.019800
-0.002800
-0.003000
-0.011200
-0.002400
0.002364
-0.006400
-0.007636
-0.001800
-0.000600
0.005400
-0.022800
-0.013538
0.003091
0.012000
0.010000
-0.022364
-0.009273
-0.004600
-0.002600
0.010600
0.008364
-0.008600
-0.014600
-0.012600
0.017636
0.029000
-0.004545
-0.001273
0.021636
