-0.004600
0.006600
0.000333
-0.033600
0.002400
-0.003636
0.004364
-0.003400
0.022000
0.006727
-0.000600
0.022000
0.010182
-0.010000
0.002600
-0.002400
-0.029833
-0.002400
0.008800
0.005400
-0.012000
-0.015800
-0.001200
-0.010800
-0.029800
0.000400
0.005800
-0.009200
0.005600
-0.004909
-0.025200
0.012000
-0.027600
-0.030400
0.001800
0.019000
0.009846
0.027273
-0.020200
-0.006400
-0.006909
-0.010182
-0.005000
-0.003200
-0.014400
0.014909
-0.040400
-0.013800
0.032200
0.031636
0.046600
0.003636
0.030909
0.024000
