-0.002400
-0.017000
0.005500
-0.010200
-0.023000
-0.001636
0.019636
0.017800
-0.000600
-0.019091
0.004600
0.000200
0.021455
-0.026909
-0.013600
-0.017800
-0.030833
-0.016000
0.018200
-0.018000
0.027800
0.002000
0.029000
-0.009000
-0.029000
-0.006200
0.006000
0.001800
-0.017200
0.009636
0.007000
-0.002000
-0.057600
0.000200
0.008600
-0.002800
0.000923
-0.019273
0.012200
-0.007000
-0.012364
-0.013636
-0.016800
-0.011600
0.004600
0.021273
-0.005600
-0.008800
0.071400
0.031273
0.074400
0.009636
0.028000
0.048182
