0.023800
0.141200
-0.088833
0.020200
-0.044000
0.066364
0.078000
-0.000800
0.010000
-0.029091
-0.045800
0.052600
0.124364
0.007455
0.021800
-0.016000
0.071333
0.001600
-0.105800
0.067000
-0.088400
-0.111400
-0.030400
-0.007600
0.085000
-0.125800
-0.022400
-0.056800
-0.040200
-0.188727
-0.234000
-0.125273
-0.037000
0.127200
-0.064600
-0.065200
0.013385
0.013273
-0.041400
0.069400
-0.032364
0.037455
0.010200
-0.054200
-0.004800
0.048545
0.023400
0.006600
0.071000
0.172000
0.022400
0.065636
0.072000
0.032909
