0.0 7.456772402513102
0.30933624960962325 4.543593072165787
0.6186724992192465 2.759134366597252
0.9280087488288697 1.612965272532366
1.237344998438493 0.6792995853826825
1.5466812480481162 0.15681306536891937
1.8560174976577395 -0.0974098029500761
2.1653537472673627 -0.3430994205509278
2.474689996876986 -0.4386180132119705
2.7840262464866092 -0.6571682440856772
3.0933624960962325 -0.6523104219008483
3.4026987457058557 -0.8088402012591084
3.712034995315479 -0.842792641875306
4.021371244925103 -0.7790855521711697
4.3307074945347255 -0.9151849530461263
4.640043744144348 -0.85282959467372
4.949379993753972 -0.9053745606701095
5.258716243363596 -0.9417106196216019
5.5680524929732185 -1.0007666149070484
5.877388742582841 -0.9357211461959654
6.186724992192465 -0.82380855257043
