0.089800
0.089385
0.089667
0.109889
-0.028800
-0.032600
-0.028800
-0.029200
0.390800
0.418400
0.412400
0.404400
0.060308
0.064667
0.060667
0.067500
0.011000
-0.010600
0.011000
0.000600
0.365200
0.353800
0.378000
0.380400
-0.016800
-0.025000
0.010800
-0.025000
0.020200
-0.000200
0.001200
-0.002800
-0.031400
-0.019600
-0.036200
-0.035000
0.025800
0.023600
0.015600
0.014000
-0.017800
-0.027200
-0.006400
-0.017000
0.002200
-0.017200
0.011000
-0.002000
0.028462
0.025167
0.021833
0.014667
-0.032200
-0.043333
-0.019400
-0.036200
0.315600
0.318267
0.330800
0.324000
