0.113400
0.086615
0.095000
0.099222
-0.025200
-0.012400
-0.027800
-0.028400
0.242800
0.238400
0.234600
0.228800
0.077077
0.055667
0.074111
0.073900
-0.007400
0.014200
0.011800
-0.017800
0.213000
0.191400
0.197600
0.202600
-0.019200
-0.018200
-0.020000
-0.019200
0.011000
0.007600
-0.005400
0.013200
-0.022400
-0.028800
-0.021400
-0.008000
0.011800
0.026400
0.023600
0.028600
-0.024000
-0.004400
-0.023400
-0.016600
0.015800
0.021600
0.006000
0.007200
0.020923
0.016333
0.039000
0.022444
-0.022200
-0.011833
-0.036800
-0.015400
0.177000
0.170133
0.163600
0.148200
