0.102100
0.092154
0.105667
0.083222
-0.025800
-0.013000
-0.024000
-0.023600
0.353000
0.352600
0.348600
0.331200
0.074769
0.062000
0.066556
0.077900
0.009600
-0.007400
0.011400
0.017400
0.306000
0.295600
0.317600
0.312000
-0.024200
-0.028400
-0.013600
-0.010800
0.019200
-0.005200
-0.004400
0.003800
-0.034400
-0.035200
-0.028600
-0.006800
0.011800
0.004800
0.024800
0.015400
-0.027400
-0.028400
-0.008600
-0.025000
0.002000
0.024600
-0.001800
0.009200
0.030462
0.020333
0.032833
0.018778
-0.033000
-0.036667
-0.043400
-0.023000
0.270200
0.253867
0.264400
0.270400
