0.030600
0.043846
0.033500
0.037222
-0.014200
-0.031600
-0.042600
-0.032200
0.879800
0.866200
0.877200
0.876200
0.028000
0.030000
0.026778
0.017200
-0.023000
-0.025200
-0.030600
-0.026800
0.853400
0.862400
0.855200
0.862800
-0.004400
-0.013200
-0.012000
0.004400
0.005000
-0.005000
0.018600
0.000600
-0.002800
-0.011200
-0.020000
-0.007200
0.006200
-0.008800
0.007800
-0.000600
0.002200
-0.009000
-0.010000
-0.007000
0.027400
0.035600
0.032600
0.017000
-0.002923
0.006833
0.012500
0.005778
-0.005200
-0.000500
-0.006400
-0.002600
0.815600
0.812000
0.822000
0.831400
