0.095100
0.109385
0.091333
0.088111
-0.034200
-0.019000
-0.004000
-0.024000
0.263400
0.252400
0.249600
0.244600
0.067538
0.062667
0.072556
0.069200
0.006000
-0.008800
-0.001000
-0.000600
0.219600
0.211800
0.231600
0.199200
-0.007000
-0.010600
-0.004200
-0.015800
0.007200
0.008800
0.026400
-0.001000
-0.016800
-0.016600
-0.039400
-0.022600
0.011400
0.023600
0.009200
0.021600
-0.008800
-0.036800
-0.006800
-0.018400
-0.004400
0.019200
-0.002600
0.003200
0.018154
0.010667
0.051500
0.025111
-0.036600
-0.014833
-0.013800
-0.039000
0.167800
0.166933
0.181000
0.171400
