0.094300
0.086154
0.096667
0.095333
-0.031000
-0.045000
-0.038400
-0.017800
0.497600
0.519600
0.513200
0.513000
0.052769
0.056833
0.061222
0.073900
0.008000
-0.010200
-0.001400
-0.023400
0.481400
0.494200
0.465400
0.471400
0.008200
-0.006200
-0.000200
-0.024800
0.018800
0.000000
-0.008000
-0.006200
-0.045000
-0.025800
-0.037200
-0.046000
0.008200
0.013400
0.017000
0.008800
-0.028000
-0.026200
-0.020000
-0.033200
0.019800
0.016400
0.014200
-0.008400
0.018308
0.018667
0.010833
0.023000
-0.023800
-0.010333
-0.043000
-0.008000
0.427000
0.436933
0.414600
0.432400
