0.097700
0.095692
0.098000
0.103778
-0.025600
-0.030200
-0.022600
-0.027400
0.294400
0.290200
0.292400
0.287800
0.084615
0.066000
0.067111
0.065200
0.008800
0.012000
-0.014800
0.008000
0.262600
0.268800
0.251600
0.277800
-0.025800
-0.030400
-0.016200
-0.031600
0.000000
0.000600
-0.005200
0.011800
-0.028400
-0.023400
-0.027800
-0.029000
0.029800
0.020600
0.018200
0.046000
-0.014000
-0.037600
-0.014800
-0.009200
0.004600
0.011000
0.004800
0.005400
0.036154
0.021833
0.021167
0.026889
-0.024000
-0.020167
-0.037400
-0.017000
0.214200
0.222133
0.208200
0.222400
