0.104100
0.101538
0.098833
0.090111
-0.015800
-0.026400
-0.034400
-0.013800
0.219000
0.216400
0.235600
0.214200
0.075692
0.073333
0.077556
0.072600
0.007800
0.000000
-0.018600
0.000200
0.186800
0.210600
0.192600
0.178800
-0.023600
-0.002000
-0.006600
-0.013800
-0.014000
0.025400
0.017600
0.012800
-0.025200
-0.028400
-0.036000
-0.039200
0.019600
0.023000
0.025600
0.017000
-0.014800
-0.005400
-0.004200
-0.015400
0.019000
0.003000
0.007600
-0.007800
0.033385
0.045833
0.028333
0.009444
-0.040400
-0.031333
-0.018200
-0.024800
0.142600
0.132800
0.141600
0.151000
