0.111400
0.091692
0.099500
0.109222
-0.018000
-0.010000
-0.040000
-0.033800
0.250200
0.217200
0.239000
0.236600
0.064462
0.082000
0.060000
0.076200
0.007800
-0.009200
-0.002200
0.000800
0.192600
0.185000
0.200400
0.215600
-0.018000
-0.005600
-0.018000
-0.032800
0.010800
-0.004600
0.011200
0.010400
-0.029400
-0.025000
-0.021400
-0.019400
0.023200
0.014400
0.025000
0.012800
-0.022800
-0.014200
-0.024200
-0.019400
-0.013800
-0.003400
0.008400
0.005800
0.021538
0.025167
0.016833
0.024333
-0.003400
-0.024000
-0.026200
-0.030200
0.163200
0.155467
0.170400
0.161000
