0.091000
0.094462
0.085333
0.090222
-0.024800
-0.029400
-0.026600
-0.037800
0.232600
0.226600
0.229800
0.237400
0.069692
0.077167
0.090667
0.077100
-0.000200
0.003000
0.008200
-0.009000
0.201600
0.194200
0.201600
0.200200
-0.023200
-0.018200
-0.004800
-0.015200
0.004600
0.011400
0.000000
-0.005400
-0.013000
-0.020000
-0.029200
-0.021800
0.016800
0.024200
0.021000
0.018400
-0.004400
-0.011600
-0.013800
-0.026200
0.016200
0.005400
0.009000
0.013400
0.007846
0.034833
0.018833
0.028444
-0.035800
-0.030667
-0.031600
-0.028000
0.134600
0.134800
0.152600
0.152000
