0.105600
0.113231
0.107500
0.100778
-0.027200
-0.040400
-0.022200
-0.019200
0.260800
0.256400
0.227200
0.239400
0.060923
0.083667
0.069667
0.071800
0.002000
-0.002400
0.011000
-0.019800
0.210600
0.209600
0.205400
0.228200
0.009400
-0.043600
-0.010800
-0.008800
0.010600
-0.002200
0.016200
0.007200
-0.005800
-0.020400
-0.027800
-0.026200
0.017600
0.006200
0.024200
0.024400
-0.017400
-0.001000
-0.023400
-0.007800
0.020200
0.024800
0.007200
0.005600
0.031077
0.043333
0.019333
0.028222
-0.004000
-0.016833
-0.016000
-0.041000
0.185800
0.165333
0.172800
0.155200
