0.085800
0.078923
0.084167
0.100333
-0.039000
-0.038600
-0.026600
-0.028800
0.579400
0.576000
0.574600
0.567000
0.057846
0.048000
0.051222
0.063400
-0.008400
-0.011000
-0.000800
-0.009000
0.531200
0.531600
0.534600
0.528400
-0.031000
-0.009000
-0.015400
-0.017200
0.003800
0.005400
0.003600
0.003800
-0.036800
-0.029800
-0.045600
-0.036200
0.021200
0.007800
0.018600
0.019000
-0.033000
-0.023400
-0.022800
-0.030600
0.011400
0.020400
0.008400
0.009600
0.023385
0.028667
0.014500
0.020778
-0.034200
-0.025667
-0.033800
-0.039400
0.481000
0.475200
0.481600
0.491000
