-0.002700
0.014000
0.000833
0.002667
0.012200
0.007200
0.008800
0.003000
1.000000
1.000000
1.000000
1.000000
0.013692
-0.003000
-0.003333
-0.004500
-0.014000
-0.005200
0.005400
-0.011200
1.000000
1.000000
1.000000
1.000000
0.005000
0.005200
0.007400
0.015000
0.003200
-0.004800
-0.001200
0.003200
0.006800
-0.007600
0.004200
0.009400
-0.028800
0.013200
0.000600
0.008600
-0.003400
0.001800
-0.004400
0.002600
0.000600
-0.010600
0.012000
-0.004600
0.000769
-0.009833
-0.000667
0.003222
0.006600
0.000500
0.003000
0.010600
1.000000
1.000000
1.000000
1.000000
