0.103200
0.091231
0.101333
0.087556
-0.039400
-0.026000
-0.022200
-0.006800
0.273600
0.263600
0.260400
0.262200
0.074462
0.078500
0.083222
0.071300
0.005000
-0.013200
0.005600
0.007200
0.255000
0.236400
0.255200
0.245400
-0.001400
-0.009800
-0.013800
-0.023200
0.018400
0.014200
0.014400
0.003000
-0.023800
-0.033000
-0.038400
-0.022200
0.013000
0.014400
0.028800
0.037600
-0.003200
-0.020000
-0.007000
-0.019200
-0.002000
-0.005400
0.012800
-0.007200
0.015231
0.008667
0.029500
0.034889
-0.029600
-0.017667
-0.013800
-0.014400
0.207400
0.192267
0.189200
0.192800
