0.059000
0.038769
0.055000
0.055778
-0.052200
-0.033000
-0.041600
-0.038400
0.750400
0.752200
0.768800
0.756200
0.043692
0.025167
0.024333
0.032400
-0.023600
-0.041800
-0.028800
-0.013600
0.723000
0.720400
0.721600
0.726200
-0.018200
-0.025000
-0.015400
-0.020400
0.015400
0.005800
-0.005200
0.009400
-0.029200
-0.026600
-0.018400
-0.031200
0.013000
0.004000
0.009600
0.007200
-0.034400
-0.040000
-0.032800
-0.013000
0.005400
0.012400
0.020800
-0.001800
0.013231
0.019000
0.008167
0.007333
-0.012600
-0.035333
-0.009600
-0.030000
0.672200
0.670000
0.674600
0.669600
