0.108100
0.096462
0.109833
0.099556
0.006400
-0.010200
-0.010800
-0.018800
0.248600
0.241000
0.234600
0.235000
0.063692
0.069667
0.057667
0.057800
0.013600
0.012800
-0.009400
-0.006400
0.209000
0.200800
0.210400
0.224000
-0.005400
-0.001600
-0.007800
-0.024000
0.008000
-0.007000
0.020400
0.004400
-0.024600
-0.030600
-0.015800
-0.023000
0.024800
0.035600
0.015200
0.025400
-0.014600
-0.013600
-0.020400
-0.035600
0.002400
0.004400
0.020000
0.026800
0.026000
0.025333
0.048167
0.032111
-0.033200
-0.018333
-0.034200
-0.013600
0.176400
0.152933
0.159000
0.154600
