0.099800
0.097231
0.096833
0.094333
-0.014200
-0.002200
-0.005400
-0.031000
0.316800
0.320600
0.296600
0.326400
0.074000
0.068333
0.066667
0.083200
0.016000
0.007200
-0.008400
0.011000
0.291600
0.279400
0.298800
0.260800
-0.010400
-0.009800
-0.017000
-0.030200
0.007800
0.018400
-0.007400
0.011400
-0.024600
-0.040800
-0.013800
-0.020200
0.034000
0.016400
0.028200
0.007800
-0.016800
-0.019400
0.004200
-0.000400
0.002000
0.002600
0.010200
0.026000
0.026000
0.025667
0.026833
0.006778
-0.015400
-0.013167
-0.040200
-0.028800
0.246800
0.239733
0.218400
0.235600
