0.105600
0.094923
0.105667
0.109333
-0.020800
-0.015600
-0.022600
-0.020600
0.275400
0.277400
0.285000
0.262800
0.071077
0.063167
0.081333
0.068400
0.000800
-0.004000
-0.001800
-0.012400
0.271200
0.250600
0.246200
0.256000
-0.004000
-0.003600
-0.007800
-0.014200
-0.013000
-0.000600
0.009800
0.006600
-0.035600
-0.043600
-0.046800
-0.018000
-0.003000
-0.001400
0.011200
0.015000
-0.008600
-0.022800
-0.018400
-0.019200
-0.017200
-0.001200
0.014600
-0.001600
0.030154
0.038000
0.029667
0.029000
-0.035600
-0.032167
-0.043600
-0.018600
0.216600
0.210133
0.184400
0.191600
