0.094100
0.095231
0.080167
0.101778
-0.030400
-0.035800
-0.033400
-0.032600
0.382600
0.377800
0.367000
0.370200
0.065231
0.079333
0.080222
0.069700
-0.011800
0.023200
0.013600
0.001000
0.324800
0.335800
0.328800
0.342600
-0.024800
-0.010600
-0.021600
-0.015000
0.003600
-0.006600
-0.000400
-0.007600
-0.044600
-0.025600
-0.040000
-0.028000
0.026600
0.047000
0.003400
0.008200
-0.024600
-0.018800
-0.031600
-0.000400
-0.000600
0.027000
-0.005800
0.006400
0.013231
0.023167
0.031500
0.022333
-0.026200
-0.043333
-0.016200
-0.020400
0.290600
0.277733
0.287400
0.302400
