0.082600
0.066462
0.073167
0.067000
-0.055000
-0.047800
-0.048600
-0.052800
0.657800
0.661400
0.661200
0.655400
0.052308
0.041000
0.032222
0.044500
-0.017800
0.003000
-0.017400
0.010200
0.622800
0.625600
0.618000
0.624200
-0.000600
-0.027000
-0.021200
-0.023400
-0.011200
-0.007000
0.014600
0.023200
-0.040200
-0.025400
-0.031800
-0.022600
0.005200
0.001000
0.022400
0.010600
-0.028200
-0.028800
-0.033000
-0.042800
0.026800
0.011400
0.028000
0.015000
0.008308
0.018500
0.017667
0.014222
-0.041600
-0.024000
-0.026000
-0.027400
0.570200
0.570667
0.572800
0.575200
