0.094900
0.099077
0.085833
0.091222
-0.023600
-0.037400
-0.042600
-0.042600
0.458200
0.438200
0.427600
0.429800
0.058923
0.063000
0.074333
0.067400
0.000000
0.003000
-0.003800
-0.003200
0.417800
0.405400
0.406600
0.415200
-0.027400
-0.021200
-0.022000
-0.012800
-0.003800
0.000400
-0.007200
-0.002200
-0.042400
-0.050600
-0.044600
-0.042200
0.022000
0.001200
0.005600
0.028400
-0.028000
-0.005800
-0.006200
-0.009600
0.007800
0.003200
0.012400
-0.002600
0.019077
0.021833
0.009833
0.035667
-0.038400
-0.028167
-0.032400
-0.045800
0.362800
0.352267
0.351400
0.367000
