-0.013727
-0.019333
-0.030143
0.014000
-0.001739
-0.021565
0.039043
-0.021913
-0.027043
0.176261
-0.006800
-0.020200
-0.042200
0.001800
-0.025600
-0.021200
0.001200
0.011400
0.000200
0.173400
0.037200
-0.023800
0.039600
0.044200
0.042800
0.005600
0.025800
-0.025200
-0.006000
0.194600
0.015200
-0.035733
-0.011263
-0.014435
-0.009391
-0.012435
-0.043478
-0.013304
-0.015739
-0.001000
-0.022800
-0.038000
-0.019000
-0.008400
-0.009800
-0.021600
-0.009800
-0.012400
-0.002400
0.000200
0.004800
-0.010000
0.014200
0.003000
0.005400
0.035000
0.003800
0.000400
0.037800
0.035000
0.008400
-0.003200
-0.014200
0.010400
-0.002200
0.011200
0.023800
-0.005400
-0.013400
0.026800
-0.001400
0.009600
0.002400
-0.025600
0.033600
-0.008800
-0.011000
0.004200
0.001000
0.039200
0.010400
0.010800
0.009400
0.012000
0.009600
-0.007000
-0.024200
0.015000
-0.004000
0.036600
-0.021400
0.002800
0.019400
-0.023600
-0.004400
-0.003400
0.010200
-0.006000
-0.014000
0.005600
-0.015600
0.006000
0.000000
-0.007600
-0.013400
0.009400
-0.013800
-0.024600
-0.006200
-0.009200
-0.000200
0.002400
0.001000
0.005600
-0.024400
0.019600
0.014400
-0.001200
-0.000800
0.036400
0.002571
-0.006000
0.006429
0.007053
0.006957
-0.004261
-0.002696
-0.000609
-0.002087
0.012273
-0.018000
0.004143
0.005400
0.003000
-0.012200
0.007600
-0.005800
0.010200
0.002200
0.021200
0.003600
0.009714
0.017000
0.015200
0.015000
0.007400
0.011200
-0.001600
0.030600
0.051200
