-0.091000
-0.001867
-0.090429
-0.099158
-0.084435
-0.159826
-0.002174
-0.043478
-0.058000
0.135478
-0.061400
-0.016200
-0.030400
-0.048800
-0.041400
-0.116800
-0.009600
-0.023400
-0.027000
0.149600
-0.065400
-0.056400
-0.076000
-0.022400
-0.087400
-0.144000
0.010000
-0.050400
-0.029400
0.128600
-0.048933
-0.072667
-0.062000
-0.086522
-0.128609
-0.098261
-0.003304
-0.037391
-0.039826
-0.041818
-0.027600
-0.067400
-0.062800
-0.073200
-0.129200
-0.076000
-0.036200
-0.063800
-0.032000
-0.044000
-0.047600
-0.096800
-0.069800
-0.114400
-0.142600
-0.260800
-0.056200
-0.075000
-0.089200
-0.077600
-0.006800
-0.012600
0.069800
0.049800
0.073800
0.000400
0.013800
-0.005800
0.024200
0.029800
0.001400
-0.032800
0.045200
0.002000
0.021200
-0.027000
0.009400
0.014000
0.008800
0.034200
0.009400
-0.003600
0.009200
0.057200
0.065800
0.003600
0.031600
-0.008400
0.044000
0.078200
-0.015200
0.036800
-0.046400
-0.034800
-0.031800
0.017400
0.003000
0.027400
-0.000200
-0.014800
0.009400
-0.010400
-0.067000
-0.044600
-0.081000
-0.038200
-0.028200
-0.022800
-0.013800
-0.010800
0.017200
-0.007200
-0.001200
-0.017800
-0.095600
0.019800
-0.027200
-0.003000
-0.031400
-0.034400
0.002429
-0.051067
0.046286
-0.010737
-0.003652
0.010609
0.001478
0.003826
0.018000
-0.012455
0.003000
-0.029714
0.024600
0.023200
-0.030200
-0.017600
0.008200
-0.012400
-0.008200
-0.007200
0.029800
-0.025857
-0.040800
-0.029600
-0.039200
0.026000
-0.005800
-0.016200
-0.015800
0.000600
