-0.134182
-0.041200
-0.060143
-0.052316
-0.035304
-0.149391
-0.010435
-0.063913
-0.072609
0.128957
-0.136200
-0.056800
-0.025200
-0.097800
-0.060200
-0.170800
0.020800
-0.066000
-0.062200
0.101000
-0.170200
-0.182800
-0.105000
-0.150000
-0.140800
-0.171000
-0.000800
-0.099800
-0.107800
0.082200
-0.203600
0.175733
-0.115053
-0.142000
-0.309217
-0.192174
-0.064522
0.106174
-0.007130
-0.206364
-0.227200
0.241200
-0.135200
-0.161400
-0.367400
-0.094600
-0.091800
0.018000
-0.011200
-0.208000
-0.204000
-0.123600
-0.194800
-0.325200
-0.348400
-0.325400
-0.081800
-0.194200
-0.230600
-0.214000
0.024600
-0.158400
-0.027000
-0.116000
0.041200
-0.110800
0.077200
-0.109000
-0.088600
0.090000
0.094200
-0.171800
0.094200
0.015600
0.095400
0.037400
0.031600
-0.047400
-0.017200
0.088200
0.063800
0.049600
0.119000
0.252000
0.197800
0.153200
0.026000
0.070200
0.093800
0.105000
-0.080000
0.133000
-0.077400
-0.077200
-0.194600
-0.049400
-0.032800
0.084600
0.002600
-0.051400
-0.041800
0.164000
0.046800
0.097800
-0.045400
0.098400
-0.066400
0.080000
0.074800
-0.060800
-0.079800
-0.066400
-0.158800
-0.208000
-0.157800
-0.111600
-0.034400
-0.166400
-0.110000
-0.120200
0.057286
0.105467
0.117143
0.101895
0.033565
0.092348
-0.008174
0.076696
0.108957
-0.036455
0.017400
0.082286
0.113200
0.078400
0.022000
0.070600
-0.021000
0.094800
0.103800
-0.031800
-0.013000
-0.101286
-0.112800
-0.096800
0.032800
-0.018400
-0.039000
-0.073200
-0.066400
-0.101400
