-0.014000
-0.045200
-0.035571
0.000000
0.008348
-0.029304
0.022522
-0.011565
-0.017652
0.175391
-0.010400
-0.020200
-0.055800
0.023400
-0.047000
-0.042200
-0.024800
0.007400
-0.001200
0.184000
0.036600
-0.028000
0.017000
0.045800
0.033800
-0.033600
0.075800
-0.009200
0.000000
0.188400
0.003200
-0.030133
-0.026632
-0.020261
-0.015391
-0.048000
-0.060261
-0.024957
-0.017652
-0.019636
-0.019600
-0.031200
-0.012200
-0.012400
-0.035200
-0.011200
-0.008000
-0.003600
-0.021000
-0.009400
0.000400
-0.005400
0.009000
-0.000400
-0.023800
-0.005200
0.016800
-0.014200
0.009600
0.033200
0.017600
0.002400
0.001000
0.026800
0.017400
-0.004200
-0.001000
0.000000
-0.003400
0.025600
0.021000
0.033400
0.001600
0.000000
-0.003400
-0.016000
0.003200
0.000600
0.015000
0.009000
0.001000
0.004200
0.007800
0.012400
0.004000
0.000000
-0.010000
0.027000
0.009600
0.052000
-0.010600
-0.008600
0.018200
-0.016800
-0.010200
0.031600
-0.009200
-0.012400
-0.008000
0.012600
-0.008800
-0.010600
0.002400
-0.011000
-0.019600
0.016400
-0.005000
-0.008000
-0.008000
0.000400
0.003800
0.011600
-0.003400
0.014200
-0.018000
0.003400
-0.014200
-0.001200
-0.006000
0.024800
-0.007429
0.006000
-0.007143
-0.001368
0.006696
0.000783
0.001565
-0.007478
0.003826
-0.001545
-0.019200
0.002143
0.012200
0.015800
-0.004600
-0.003800
-0.012000
-0.003000
0.013400
-0.004200
0.010600
0.023143
0.025800
-0.002200
0.002800
0.022000
0.018200
0.005400
0.010000
0.038400
