-0.115273
-0.030667
-0.054429
-0.119895
-0.075478
-0.209913
0.020087
-0.041739
-0.084522
0.109130
-0.133600
-0.049600
-0.010200
-0.138000
-0.184600
-0.173000
0.027800
-0.026600
-0.052800
0.127200
-0.098200
-0.058400
-0.049600
-0.033800
-0.101000
-0.144800
0.071400
-0.013800
-0.016600
0.113600
-0.121600
0.049333
-0.080421
-0.071652
-0.194957
-0.131304
0.006435
0.047913
-0.016174
-0.109727
-0.120000
0.062200
-0.122600
-0.144400
-0.226400
-0.149400
0.006600
-0.021400
-0.029600
-0.098400
-0.079200
-0.109800
-0.108600
-0.174400
-0.204600
-0.264600
-0.006600
-0.090200
-0.116200
-0.157200
0.051000
-0.076400
0.066400
0.025200
0.099400
-0.018400
-0.005400
-0.030800
0.014400
0.117800
0.056800
-0.177200
0.109000
-0.006200
0.087400
-0.020200
0.001200
-0.041600
-0.022000
0.051600
-0.007000
-0.014600
0.036200
0.078800
0.098400
0.015600
-0.004800
-0.020200
0.023400
0.085400
-0.035200
0.133400
-0.071800
-0.051800
-0.105600
0.034600
0.032200
0.073600
0.029200
-0.032400
-0.031200
0.090000
-0.059400
-0.047200
-0.122600
-0.007800
-0.035200
0.002800
-0.015200
-0.067800
0.015200
0.003600
-0.031000
-0.021400
-0.099000
0.001600
0.003600
-0.053400
-0.039800
-0.022200
0.039857
-0.026667
0.062286
0.060632
-0.014435
0.014609
0.017478
0.051565
0.050783
-0.030364
-0.026400
0.015286
0.027000
0.066400
0.019800
0.012000
0.008400
0.021200
0.054800
-0.014000
0.001000
-0.063571
-0.046200
-0.079400
-0.002400
0.007800
0.010800
-0.029200
-0.059600
-0.002800
