-0.030909
-0.059333
-0.050143
-0.020737
-0.027217
-0.065826
0.011739
-0.008783
-0.031913
0.161217
-0.032800
-0.062800
-0.044800
-0.001200
-0.023000
-0.053600
0.004200
-0.016000
-0.009200
0.165400
0.022400
-0.046400
-0.024200
0.037800
-0.027800
-0.056800
0.007200
-0.024600
-0.009600
0.189200
-0.003733
-0.028667
-0.043789
-0.038435
-0.060783
-0.058609
-0.036609
-0.014696
-0.010435
0.005364
-0.025200
-0.045000
-0.016600
-0.014000
-0.055600
-0.034200
0.000000
0.005000
-0.006600
-0.024800
-0.000600
-0.037200
-0.032600
-0.004600
-0.047600
-0.044200
0.002000
-0.005000
0.011200
0.006800
0.015400
0.028800
0.015800
0.004800
0.028600
-0.013400
0.000000
0.008000
0.002600
0.011800
0.017800
0.016400
0.012400
0.008000
0.007200
0.018400
0.009000
0.000400
0.003600
0.022800
0.012600
0.015800
0.004400
0.003400
0.019600
0.013400
-0.023800
-0.001600
-0.004000
0.039800
-0.002200
-0.014400
0.010600
-0.007000
-0.022400
0.006000
-0.009200
0.014800
-0.003000
0.011800
-0.011400
-0.003800
-0.016800
-0.001600
-0.016400
0.002800
0.002400
0.010200
-0.011000
0.015400
0.018400
-0.007800
-0.005400
-0.010200
-0.030600
-0.003600
0.011800
-0.007800
-0.013200
0.036600
0.004571
0.009067
0.004000
-0.015684
-0.007304
0.020087
-0.006957
-0.003304
0.008957
-0.004182
-0.005600
0.007143
-0.004000
-0.002800
-0.014600
0.008200
-0.024600
-0.019000
0.014600
-0.001800
0.024200
0.003714
0.023800
-0.010400
-0.005000
0.012600
0.010400
0.010400
0.002400
0.019600
