-0.012545
0.016133
0.046429
0.006737
-0.004174
0.031391
-0.004783
0.007478
-0.012783
0.196000
-0.045800
-0.010400
0.015000
0.008000
-0.005800
-0.060200
-0.023400
-0.004600
-0.026000
0.167200
-0.317600
-0.518200
-0.445200
-0.567400
-0.461400
-0.510200
-0.154800
-0.287600
-0.389600
-0.108600
-0.210000
0.165333
-0.074211
-0.151565
-0.294957
-0.144609
-0.311478
0.060609
-0.008435
-0.164818
-0.226800
0.185600
-0.093200
-0.196400
-0.350400
-0.137000
-0.241200
-0.053800
0.021200
-0.205400
-0.487000
-0.486200
-0.517600
-0.560200
-0.654800
-0.631800
-0.335800
-0.428400
-0.339400
-0.434800
-0.071200
-0.265600
-0.249000
-0.228000
-0.186600
-0.291000
0.083200
-0.160200
-0.181000
-0.103000
0.049600
-0.056200
0.046200
0.042800
0.055200
0.000000
0.041600
-0.007600
0.005000
0.019800
0.199200
0.223200
0.303400
0.317400
0.220400
0.249800
0.117000
0.199400
0.216800
0.111000
-0.037000
0.072600
-0.047400
-0.060800
-0.051000
-0.076200
-0.068800
0.012400
-0.026400
-0.056200
0.089200
0.238200
0.214600
0.215000
0.174200
0.289600
-0.043000
0.139800
0.195800
0.115400
-0.188200
-0.226600
-0.346600
-0.349600
-0.223400
-0.221800
-0.106200
-0.243800
-0.187600
-0.256200
0.034286
0.070533
0.091857
0.052421
0.069913
0.046087
-0.010870
0.057826
0.085913
0.000727
0.020200
0.075286
0.100400
0.082800
0.024600
0.078400
-0.021000
0.051200
0.073600
0.005400
0.177400
0.232286
0.226600
0.316800
0.390600
0.344000
0.152200
0.126400
0.090600
0.034200
