-0.009455
-0.050533
-0.013429
-0.001368
-0.005565
-0.041217
0.039043
-0.007043
-0.020522
0.173739
-0.028000
-0.042600
-0.053800
-0.004600
-0.041400
-0.078600
-0.015600
-0.001200
-0.021000
0.152800
0.033600
-0.038200
0.026400
0.007800
-0.001200
-0.041000
0.025000
-0.036200
-0.007400
0.191400
-0.030400
-0.023467
-0.030737
-0.014000
-0.021652
-0.046783
-0.040348
-0.012348
-0.022696
-0.024182
0.008800
-0.046600
-0.028800
-0.047600
-0.065400
-0.026000
-0.012000
-0.025800
-0.021400
-0.010400
-0.001800
-0.038400
-0.024800
-0.047200
-0.038200
-0.045400
0.023000
-0.013000
0.004000
0.036200
0.007000
0.018400
-0.015200
-0.003600
-0.005000
-0.013200
-0.000400
-0.003000
0.012600
0.016000
-0.000800
0.028400
0.023000
0.004000
0.005200
-0.006400
0.006600
0.006800
0.000200
0.030600
0.002200
-0.019400
0.026400
0.005000
0.013600
-0.014600
-0.007200
0.018000
0.005200
0.048600
-0.012400
-0.008000
-0.006600
-0.001400
-0.019000
0.022400
-0.000600
-0.000800
-0.007000
0.035800
-0.004200
0.002200
-0.018400
-0.003400
-0.022800
0.023600
0.008600
0.008800
0.002400
0.011600
0.004800
-0.004000
0.005600
0.009600
-0.023400
0.023600
0.006200
0.008200
-0.008800
0.046200
-0.010857
0.001733
0.002286
0.003789
0.006696
0.002087
0.002870
-0.000087
0.003739
-0.000909
-0.012400
-0.010000
0.011000
0.007800
0.004400
0.008600
-0.001200
-0.005800
0.010000
0.013600
-0.002200
0.004143
0.015800
0.006600
-0.001000
0.005600
0.032800
0.016000
0.027000
0.059200
