0.001364
-0.001200
0.015571
0.040737
0.001652
-0.003130
-0.030087
-0.005565
-0.003565
0.176783
-0.008000
0.008000
-0.003400
0.038800
0.008400
-0.004600
-0.019800
-0.006600
-0.002400
0.198200
-0.648600
-0.873800
-0.973400
-0.919800
-0.807200
-0.962000
-0.871600
-0.946800
-0.907800
-0.464400
0.028400
0.000667
0.003895
0.013478
0.008087
0.014087
-0.007043
0.000087
-0.003565
0.000545
0.029600
-0.010000
0.016400
-0.000800
0.015200
0.012200
-0.005600
-0.010200
0.013200
-0.003800
-0.884600
-0.978400
-0.909600
-0.808000
-0.923000
-0.921400
-0.889600
-0.929600
-0.431400
-0.650400
-0.023800
0.009400
-0.016200
0.010200
-0.009000
-0.010800
-0.001200
0.011000
-0.015600
0.011000
-0.005600
0.020200
0.007600
-0.004000
-0.005400
-0.004200
0.001200
-0.005200
-0.015000
0.026000
0.018600
0.019800
-0.006800
-0.014600
0.005800
-0.001800
-0.012800
0.025400
0.007800
-0.121800
0.013400
-0.001200
0.004800
-0.016400
-0.002000
-0.014600
0.003600
0.011800
-0.021800
-0.003800
-0.007200
-0.003600
0.022800
-0.000600
-0.013000
-0.000400
0.016800
0.010200
0.007200
0.020000
-0.002000
0.000400
0.011600
-0.027400
-0.004400
0.000200
0.005200
-0.009600
-0.007200
-0.132000
-0.002000
-0.000267
-0.000429
0.001895
0.000696
0.004174
0.009478
-0.010000
-0.020870
0.006636
0.002800
0.002286
0.019400
0.010000
-0.004800
-0.005200
-0.007400
-0.013200
-0.013600
0.006800
0.638000
0.870714
0.914800
0.781000
0.837400
0.914200
0.891200
0.890000
0.419200
0.332400
