-0.009818
-0.027600
-0.020000
0.015263
0.011304
-0.025391
0.006087
-0.012783
-0.010174
0.180348
-0.012600
-0.029400
-0.020000
0.018600
-0.026000
-0.025200
-0.027400
-0.002600
0.009200
0.170000
0.016800
-0.013800
0.023600
0.065600
0.039800
-0.009600
0.047000
-0.009200
-0.007000
0.204600
-0.002267
-0.041200
-0.002000
0.001304
-0.028870
-0.037913
-0.026870
-0.011913
-0.008696
0.003818
-0.029200
-0.041400
-0.006400
0.007800
-0.016000
-0.007600
0.007600
-0.005800
-0.035200
-0.019000
-0.006000
-0.017600
0.017400
0.024800
0.009400
-0.005600
0.020000
-0.005600
0.012600
0.037000
-0.015600
0.019400
0.004600
-0.003800
0.009000
0.001800
0.015600
0.003000
0.013800
0.010400
0.012400
0.011400
0.003000
0.010800
0.008800
0.022600
0.006400
0.000000
-0.006200
0.001400
0.012400
0.028800
0.004800
0.007000
-0.004000
-0.000400
0.003000
0.010000
0.013200
0.045600
0.013200
-0.022000
0.014000
-0.001400
0.003000
0.022200
-0.005000
-0.005000
0.004400
0.035400
-0.025600
0.002600
-0.001000
-0.018800
-0.033200
0.016000
-0.024200
-0.031000
0.000200
0.013800
0.007800
0.008400
-0.000400
0.009800
-0.008200
-0.003600
-0.006600
0.004200
0.007600
0.041000
0.013000
-0.001867
-0.017143
-0.004526
0.016696
0.002783
0.005652
0.001739
-0.012783
-0.000727
-0.011400
-0.011429
-0.008400
0.007600
0.006800
-0.004800
0.017000
-0.012000
-0.019600
-0.011800
0.010800
0.012429
0.028400
0.013600
0.016800
0.006400
0.017000
0.007200
0.028000
0.032800
