-0.036000
-0.072267
-0.075571
-0.067579
-0.051826
-0.090696
0.023478
-0.019913
-0.036348
0.134870
-0.035600
-0.039400
-0.063400
-0.072200
-0.062200
-0.109600
-0.050200
-0.009200
-0.027800
0.137800
-0.018800
-0.042000
-0.068400
-0.050600
-0.061600
-0.079200
0.037000
-0.008800
-0.006200
0.146600
-0.013600
-0.064400
-0.041684
-0.041217
-0.105130
-0.066783
-0.001391
-0.024870
-0.035652
-0.043000
0.004000
-0.028400
-0.061200
-0.095800
-0.125200
-0.033000
-0.019800
-0.006200
-0.040200
-0.050800
-0.020400
-0.084600
-0.091400
-0.060800
-0.098400
-0.102800
-0.018600
-0.017400
-0.047200
-0.047000
-0.015000
0.035800
0.040400
0.045800
0.060000
0.015200
0.010000
0.015600
0.040000
0.010000
-0.025000
0.013000
0.018000
0.019000
0.034200
0.012600
-0.004600
0.028800
0.003800
0.028600
0.010000
-0.002200
0.007600
0.041400
0.071000
-0.000800
-0.007400
0.009800
0.035800
0.051000
0.004800
-0.023400
-0.032000
-0.033400
-0.051000
-0.001200
-0.001800
-0.024400
-0.013600
-0.005000
0.013000
-0.013200
-0.028800
-0.045600
-0.026800
0.027400
-0.016200
-0.017200
-0.026800
0.010000
0.024000
-0.029000
-0.003600
-0.022000
-0.036600
-0.023200
0.013600
0.022600
-0.037600
0.012000
-0.005857
-0.005467
0.005143
-0.018526
-0.014000
0.012435
-0.001739
-0.008261
0.004522
0.003909
0.011600
-0.023000
0.034800
0.007600
0.005400
-0.026600
0.017200
-0.014200
-0.017600
0.001000
0.011600
-0.004857
-0.009800
-0.021800
-0.010000
-0.007200
0.016000
0.009000
-0.024600
0.024000
