-0.017273
-0.027600
-0.004000
0.043053
0.006435
-0.003739
0.021478
-0.022957
-0.017739
0.181913
-0.036600
-0.000400
-0.009800
0.034000
0.003600
-0.063400
0.007400
-0.007600
-0.023600
0.163400
0.044800
-0.023600
0.043000
0.099400
0.047600
0.008000
0.001000
-0.019200
0.029000
0.198200
-0.006000
-0.035333
-0.007579
-0.002435
0.002261
-0.039652
-0.029913
-0.013043
-0.014174
-0.003091
-0.008800
-0.035000
0.003400
0.006400
0.011800
0.009400
0.006800
-0.021000
-0.022400
-0.012200
0.023400
-0.025000
0.051000
0.027800
0.002400
0.010600
0.015800
-0.013200
0.031400
0.043800
0.015000
0.000600
-0.003000
0.002600
0.009200
-0.013800
0.009200
-0.003800
0.005200
0.010200
-0.005400
0.031200
-0.002600
0.009200
0.000400
0.002200
-0.001000
0.003000
-0.012600
0.007800
-0.001800
0.006200
-0.008400
0.009400
0.017000
-0.008800
-0.006600
0.003000
0.014400
0.018200
-0.017600
-0.018000
-0.004200
0.006200
-0.010600
-0.005600
0.007400
-0.002600
-0.011600
0.010400
0.006400
-0.008000
-0.012200
-0.008000
-0.028200
0.018600
-0.018000
-0.011600
-0.015000
0.016200
-0.002200
-0.007400
-0.002800
0.006000
-0.031600
0.015600
0.014400
0.007800
0.008600
0.058600
-0.008714
-0.008000
0.005571
0.009789
-0.017043
-0.004087
0.002696
-0.006435
-0.007565
-0.005455
0.014200
0.012429
-0.000800
-0.021600
0.007800
-0.002000
-0.005000
0.008200
-0.000400
-0.010800
0.011400
0.028286
0.032400
0.024000
0.011600
0.025000
0.000000
-0.009600
0.011200
0.032400
