-0.016545
-0.028667
-0.023571
0.041053
0.031043
-0.001826
0.022000
-0.024435
-0.035478
0.171304
-0.026800
-0.015400
-0.009000
0.012000
-0.017200
-0.013000
-0.025400
0.014200
-0.003600
0.188200
0.046400
-0.009200
0.055800
0.096600
0.073600
0.005000
0.028400
-0.025000
0.019000
0.194800
0.013867
-0.021467
0.003368
-0.002348
-0.009652
-0.037826
-0.007217
-0.008261
-0.015130
-0.005545
-0.013800
-0.022800
-0.015400
-0.002000
-0.008200
0.000200
-0.027200
0.003600
-0.012600
0.005800
0.016800
-0.000800
0.065600
0.045400
0.009200
0.017200
0.005000
0.021400
0.021800
0.047000
0.015000
0.010400
-0.022000
0.008400
0.008400
0.010600
0.001000
-0.001800
-0.017600
0.000400
-0.002800
0.027800
0.000800
-0.000200
-0.018600
0.017800
-0.001200
0.002200
-0.009000
0.013200
-0.000200
-0.002000
-0.007400
0.002800
0.003200
0.000400
-0.017000
-0.005800
-0.014600
0.064800
0.004600
-0.018800
-0.005000
0.009600
0.008200
0.013200
-0.003000
-0.013600
-0.019000
0.014000
-0.016200
-0.013800
-0.001000
-0.003800
-0.015000
-0.013600
-0.008800
-0.012400
0.000400
0.020400
0.000400
-0.012800
0.014600
0.007600
-0.019000
0.022400
-0.023400
0.005000
0.007000
0.037200
0.010000
-0.000800
0.006571
-0.004000
0.006435
-0.009391
0.002783
0.001739
-0.004870
-0.000091
0.007800
-0.002714
-0.004000
-0.010400
-0.012600
-0.000400
0.009800
0.003000
0.002600
-0.008400
0.015200
0.017714
0.052400
0.024000
0.029200
0.019800
0.007000
0.006000
0.026000
0.031000
