-0.025636
-0.026800
-0.056000
-0.018947
-0.024783
-0.023304
0.026087
-0.000783
-0.027826
0.163043
-0.042400
-0.042600
-0.033600
-0.009000
-0.047600
-0.046400
0.002400
-0.016000
-0.031600
0.156800
0.019000
-0.016600
-0.001000
-0.014000
-0.013400
-0.045000
0.062000
-0.018400
-0.031600
0.204400
0.004133
-0.045600
-0.034421
-0.027217
-0.037565
-0.052174
-0.017043
-0.010348
-0.018435
-0.034818
-0.016600
-0.042200
-0.052200
-0.042600
-0.046400
-0.019600
-0.013600
-0.030200
-0.008800
-0.010800
0.001600
-0.028600
-0.021400
-0.048000
-0.053200
-0.053600
0.020600
0.018400
-0.007800
0.016000
-0.003800
0.012400
0.008400
-0.012800
0.005600
-0.007600
-0.013600
0.000200
-0.001600
0.010200
0.002000
0.025800
0.016600
0.000800
0.024000
0.013400
-0.009600
-0.008200
0.003600
0.002200
-0.006000
0.008200
0.034400
-0.013200
0.027400
0.006200
-0.010800
-0.003000
0.009800
0.029200
-0.003400
-0.022000
-0.014600
-0.009800
-0.023400
0.007000
-0.018600
-0.013400
-0.018400
0.007600
-0.012800
-0.009200
0.002800
-0.013800
-0.014800
0.000200
0.013600
-0.003800
-0.023600
0.002800
-0.004400
-0.002200
-0.010000
-0.022400
-0.028200
0.009400
-0.007600
0.004000
0.002800
0.045200
0.003429
-0.000933
0.005857
0.008842
-0.004435
-0.005913
-0.001913
-0.007304
0.002087
0.006000
-0.010200
-0.005429
-0.006600
0.005200
-0.013200
0.031600
-0.008800
0.009000
0.017200
0.012000
0.008200
0.012143
0.006200
0.010000
0.002600
-0.000600
0.005400
-0.000800
0.006200
0.042400
