-0.039364
-0.058533
-0.081000
-0.023158
-0.012522
-0.109913
0.016435
-0.020348
-0.022870
0.160435
-0.026600
-0.068000
-0.073000
0.005800
-0.001800
-0.089400
-0.018200
-0.025000
-0.033000
0.133400
-0.007200
-0.056400
-0.019400
0.001000
-0.041800
-0.075800
-0.002400
-0.005800
-0.024000
0.155400
-0.012267
-0.027467
-0.028105
-0.005043
-0.066435
-0.060261
-0.034783
-0.007391
-0.022435
-0.012818
0.010600
-0.027200
-0.031400
-0.029200
-0.060800
-0.026400
-0.019000
-0.032400
-0.016400
-0.015400
-0.025800
-0.057400
-0.036000
-0.013200
-0.071600
-0.092200
-0.013400
-0.008400
-0.013800
-0.029200
-0.000200
0.005400
0.015200
0.028800
0.039000
-0.003400
0.016800
-0.000800
0.013600
0.017000
-0.014200
-0.000600
-0.013800
-0.006000
0.026800
-0.025200
0.020400
0.008400
0.021800
0.025600
0.008200
0.017200
-0.009000
0.016400
0.027800
-0.011600
0.002800
-0.008800
0.008000
0.052600
-0.007800
-0.022800
0.000400
0.009800
-0.034200
0.001400
0.018000
-0.013600
-0.010000
0.018000
0.003200
-0.008200
-0.009800
-0.034000
-0.020400
0.017000
-0.015200
0.001800
-0.035600
0.026600
0.007800
-0.003200
0.005400
-0.014600
-0.027400
0.017800
-0.002800
-0.007200
-0.027200
0.002400
0.012571
0.027600
-0.004714
-0.001474
-0.002435
0.011043
-0.019391
-0.003391
0.003913
0.017364
-0.014400
0.001143
-0.004800
-0.003400
-0.017400
0.025400
0.000000
-0.001400
-0.005800
0.002800
0.001400
0.022000
0.012200
-0.032600
-0.016600
-0.015600
-0.008200
-0.005800
-0.014200
0.021000
