0.003636
-0.024533
-0.046571
0.026211
0.020522
-0.006696
0.021652
-0.014696
-0.015217
0.175565
-0.010000
-0.015600
-0.028000
0.017200
-0.023600
-0.004200
0.004800
-0.002200
0.010400
0.157400
0.018000
-0.018000
0.036800
0.087200
0.050600
0.018200
0.041000
-0.027600
0.008400
0.181600
0.007333
-0.016667
0.004000
0.003565
0.006609
-0.034783
-0.042087
-0.006696
-0.012087
-0.001727
-0.006000
-0.032800
-0.007600
-0.005400
0.002400
0.020800
0.002200
0.006200
0.000200
0.001400
0.015600
0.003000
0.016200
0.020400
0.021400
0.023800
-0.003800
-0.012600
0.023000
0.036000
-0.003400
0.015800
-0.001400
-0.016600
0.025000
-0.003200
0.004400
0.012400
0.019400
0.024400
0.007000
0.001200
-0.018200
0.024200
0.011400
0.015400
0.003800
-0.000800
0.019000
0.004200
0.002800
-0.014000
0.004600
0.002400
0.017200
-0.007800
0.005600
0.014600
-0.007800
0.031800
0.001400
-0.008600
0.026000
0.013200
-0.024000
-0.004400
-0.006600
-0.001600
-0.014800
-0.005800
-0.020400
-0.002800
-0.016800
0.019400
-0.007000
0.021000
0.012800
-0.001000
0.016400
0.004800
0.008600
0.011400
-0.018600
0.011800
-0.015400
0.009400
-0.002200
-0.007600
-0.001800
0.039600
-0.001000
0.002267
0.015286
0.003368
0.005043
-0.010348
0.000609
-0.012870
-0.000522
0.006364
0.009600
0.006429
-0.013200
-0.027000
-0.002000
-0.001400
0.000600
-0.005200
-0.000600
-0.006400
0.004400
0.016143
0.052400
0.034400
0.022000
0.021600
0.024000
-0.003000
0.007800
0.053200
