0.0 7.460696408657632
0.30933624960962325 5.492524016260637
0.6186724992192465 4.175078953665075
0.9280087488288697 3.062539468532053
1.237344998438493 2.218921054536809
1.5466812480481162 1.731858008710622
1.8560174976577395 1.303425004509203
2.1653537472673627 1.005871644916714
2.474689996876986 0.7519739966327307
2.7840262464866092 0.48555701208935653
3.0933624960962325 0.4571560367684056
3.4026987457058557 0.39935634708003165
3.712034995315479 0.4164032333999211
4.021371244925103 0.20117792473300888
4.3307074945347255 0.10403612364826112
4.640043744144348 0.1487040328617822
4.949379993753972 0.01428667841507678
5.258716243363596 0.05159411697137501
5.5680524929732185 0.048147556090439796
5.877388742582841 -0.06548350316780466
6.186724992192465 0.014641020047010508
