0.0 41.69911722483487
0.30933624960962325 29.756592739925814
0.6186724992192465 22.575115273962634
0.9280087488288697 17.61015717331592
1.237344998438493 13.155890259599875
1.5466812480481162 10.092464393924127
1.8560174976577395 7.2675019598381665
2.1653537472673627 5.700091609904875
2.474689996876986 3.9605742977707834
2.7840262464866092 3.3118242418066437
3.0933624960962325 2.5910252089783237
3.4026987457058557 1.6145105140122233
3.712034995315479 1.5396994838845641
4.021371244925103 1.3516897749432109
4.3307074945347255 0.9963683288206577
4.640043744144348 0.8041936317463684
4.949379993753972 0.2138648999850997
5.258716243363596 0.8405005159786145
5.5680524929732185 0.9038447758374976
5.877388742582841 -0.23264406412126093
6.186724992192465 1.1764418900821139
