-0.017000
-0.011200
-0.018182
-0.006200
0.015200
0.018600
-0.004182
0.011429
-0.035143
-0.024200
-0.018308
-0.019455
0.010000
-0.000121
0.013724
0.000222
0.016000
0.018000
0.023571
0.015840
-0.008667
-0.016182
-0.020345
-0.015905
0.011800
0.031200
0.023800
0.014308
-0.017750
-0.006200
-0.013818
0.002909
0.024364
0.012800
0.009200
-0.006923
0.016370
-0.003538
0.009214
0.015813
-0.020667
-0.019786
-0.023154
-0.013846
0.005105
-0.015467
-0.012267
-0.005083
0.086313
0.086149
0.086684
0.084877
-0.028303
-0.031969
-0.034735
-0.025859
0.139623
0.138406
0.146435
0.150904
0.066785
0.065573
0.063027
0.061289
0.001692
-0.009072
-0.005275
-0.002677
0.119600
0.116411
0.112667
0.113485
-0.005800
0.014727
0.024000
-0.003800
-0.039200
-0.000167
-0.006909
0.004200
0.030500
0.006143
0.017091
0.003636
-0.003800
0.008400
0.017600
0.012182
0.002500
0.008200
0.004800
-0.003000
-0.013200
-0.004500
-0.020600
0.013200
-0.005800
-0.011400
0.004364
-0.004400
-0.004400
-0.018600
-0.015455
-0.016800
0.000000
-0.005167
0.006200
0.007571
0.019400
0.001273
0.000667
-0.007273
-0.000182
-0.017667
-0.000545
0.013091
-0.011600
-0.010600
-0.001800
0.000182
0.004714
0.005000
0.005467
-0.003714
0.013571
0.007429
0.008000
-0.004800
-0.011571
-0.003625
0.002462
-0.006000
-0.018000
-0.003000
-0.006000
-0.010000
0.008923
0.023077
0.000364
0.005692
-0.007273
-0.001375
-0.014167
-0.011273
-0.005375
-0.026000
0.000154
0.009600
0.017273
0.009714
0.011375
-0.007636
0.001556
0.005500
-0.006000
-0.016933
-0.007000
-0.019200
-0.012778
-0.002400
-0.007600
0.007857
0.004571
0.003000
0.009000
-0.011200
0.012167
-0.006545
0.022050
0.029954
0.032300
0.020025
-0.018278
-0.018090
-0.023195
-0.019494
0.074545
0.075700
0.077173
0.080795
0.011800
0.031200
0.023800
0.014308
-0.017750
-0.006200
-0.013818
0.002909
0.024364
0.012800
0.009200
-0.006923
0.002000
-0.002214
0.005920
-0.002786
0.014615
0.012231
0.001231
-0.000455
-0.008000
-0.000500
-0.008909
0.003000
-0.000182
-0.008483
-0.004786
-0.004929
-0.001000
0.014000
0.002000
-0.009600
0.005200
0.009800
0.003800
-0.012000
0.013833
0.008600
0.002600
-0.003400
0.013400
-0.000800
-0.003000
-0.001800
0.006500
-0.002333
0.004621
0.006519
-0.005000
0.002600
-0.002600
-0.013400
-0.023400
0.020200
-0.002000
0.017200
-0.004000
-0.003800
0.004600
-0.007400
0.017600
-0.009200
0.003800
0.004400
-0.010174
-0.014857
-0.013032
-0.000857
-0.008400
-0.002545
-0.010800
0.001400
-0.005091
-0.010800
0.003000
-0.003200
-0.011800
-0.008200
0.011200
-0.000200
-0.004400
0.001400
0.004400
-0.014600
-0.017000
-0.011200
-0.018182
-0.006200
0.015200
0.018600
-0.004182
0.011429
-0.035143
-0.024200
-0.018308
-0.019455
0.002571
0.017655
-0.001630
0.008889
-0.004133
-0.016750
0.003091
-0.020074
0.006357
-0.004250
-0.004308
-0.001826
-0.004636
-0.003077
0.005520
0.001524
-0.006364
0.011000
-0.014000
0.009400
-0.008800
0.007800
-0.011000
0.006200
-0.012600
0.012600
-0.001200
0.017000
-0.004000
0.015200
0.011000
-0.016800
-0.010818
0.006000
-0.004615
0.002435
0.003400
-0.000800
-0.005200
0.010182
0.003273
-0.024200
-0.013600
0.006000
-0.014200
-0.007800
0.010600
0.008600
0.002800
0.003400
0.007000
-0.003400
0.003308
-0.000387
-0.003933
-0.000526
0.003800
0.014800
0.002545
0.010364
-0.006200
-0.005091
0.003600
-0.007200
-0.011800
0.001400
0.017000
0.008000
0.004727
0.018800
0.009600
0.018600
0.001400
0.009500
-0.001800
-0.012000
-0.003600
0.015333
-0.008000
0.012400
-0.007600
-0.002800
0.013600
-0.006600
0.007400
0.008182
-0.010400
0.002364
0.000727
-0.002000
0.010545
-0.024182
-0.003800
0.004000
-0.006667
-0.009600
0.018400
-0.000333
0.018600
-0.007538
-0.001600
0.012000
-0.001455
0.011200
-0.005600
-0.001385
0.011818
0.009600
0.014000
-0.015000
0.003846
-0.011600
-0.003800
-0.007429
0.002600
0.005400
0.023400
-0.002000
-0.004800
-0.014400
0.014308
-0.000769
-0.002000
0.009846
-0.001571
-0.010333
0.014364
-0.009500
-0.010444
-0.012667
0.013273
0.000182
0.007167
0.011400
0.011143
0.000000
-0.002167
-0.015222
0.004857
0.029538
0.001091
-0.004000
0.003167
-0.003667
0.001200
-0.005455
-0.004200
0.002500
-0.003000
0.009091
-0.002533
-0.006800
0.019636
0.001077
0.005455
-0.000833
0.003400
-0.005538
0.000545
-0.007455
-0.017385
0.009692
0.011333
-0.002000
-0.011231
0.003455
-0.002364
0.009000
0.003417
-0.003652
-0.004320
-0.003250
0.000000
-0.010091
-0.001615
0.001360
0.002609
-0.007583
-0.010320
0.009920
0.010190
0.002889
-0.003130
0.005273
-0.008000
0.003810
0.000000
-0.010095
0.003652
-0.000417
0.013000
0.001478
