-0.005800
-0.024800
0.002182
-0.015600
0.017200
0.010800
0.000000
0.017000
-0.016571
-0.032400
-0.010769
-0.028364
0.015714
0.003455
0.005724
0.014444
0.018133
0.027419
0.017286
0.012640
-0.000417
-0.009273
-0.023724
-0.016381
0.016800
0.018400
0.025200
0.023692
-0.010875
-0.023200
-0.015455
-0.009091
0.001636
0.004400
0.016000
0.014000
0.016370
0.014385
0.011929
0.006125
-0.022667
-0.024929
-0.022000
-0.011385
-0.004053
-0.011467
-0.007933
-0.016833
0.093904
0.099881
0.103579
0.099918
-0.022606
-0.017219
-0.019412
-0.024620
0.189188
0.190219
0.197014
0.184301
0.075241
0.069520
0.072405
0.075237
0.003723
0.003594
0.005739
-0.004185
0.151723
0.161123
0.157391
0.159909
0.005600
-0.006364
0.000364
0.012600
-0.007600
0.004333
0.001818
0.014600
-0.005000
-0.003429
0.010000
0.018727
0.017000
0.021000
0.017600
-0.003455
-0.004167
-0.003200
0.002533
0.013800
0.021000
-0.004000
0.000200
0.011800
0.003600
0.022200
-0.001091
0.011600
0.000800
-0.007600
-0.001818
0.006200
0.016000
-0.009667
-0.001800
0.013143
0.002600
0.001091
0.015667
-0.003273
0.002545
0.009167
0.002000
0.000182
0.003800
-0.005800
0.012800
-0.018000
0.007429
-0.005750
0.000133
-0.001429
0.015286
0.004429
0.020000
-0.000800
-0.009857
-0.001500
0.004000
-0.026400
-0.012500
-0.019333
-0.010909
0.001600
0.005385
-0.007846
0.019455
-0.002000
-0.013091
-0.007000
-0.016000
-0.012727
0.008125
-0.008000
-0.006923
-0.000800
0.010727
0.020429
0.003625
0.005818
-0.003333
-0.004125
0.006333
0.007067
-0.004833
-0.006667
0.002222
0.019600
0.007733
0.007571
0.016571
-0.004400
0.013000
0.001200
0.004833
0.002727
0.024000
0.024989
0.022475
0.025580
-0.020658
-0.024697
-0.025707
-0.015544
0.117247
0.116375
0.111787
0.117564
0.016800
0.018400
0.025200
0.023692
-0.010875
-0.023200
-0.015455
-0.009091
0.001636
0.004400
0.016000
0.014000
-0.004621
-0.009071
0.001760
-0.002500
0.026692
0.003692
0.015846
0.002818
-0.010714
-0.012357
-0.018182
-0.005917
-0.007909
-0.001034
0.002000
0.007000
-0.001800
0.001400
0.012400
0.015000
-0.007000
0.012600
0.018800
-0.001800
0.011000
-0.015200
-0.022600
0.001000
-0.000400
-0.009800
-0.006400
-0.014800
0.016250
0.006733
0.011172
-0.001852
-0.011400
0.017200
-0.002200
-0.005400
-0.001400
-0.007000
0.003200
0.001000
0.015231
0.009000
-0.008000
-0.007200
0.004800
0.004200
0.001600
-0.008000
-0.017130
-0.013857
-0.009548
-0.006571
0.006600
0.003455
-0.015400
-0.014800
-0.012182
0.001200
0.004000
0.003200
0.002400
-0.003200
0.005200
0.008600
0.022800
-0.012800
0.005000
0.011400
-0.005800
-0.024800
0.002182
-0.015600
0.017200
0.010800
0.000000
0.017000
-0.016571
-0.032400
-0.010769
-0.028364
0.013214
0.018690
0.023407
0.014741
-0.009133
-0.016250
-0.007545
-0.013259
-0.003500
-0.005500
-0.003923
0.014696
0.009636
0.010154
-0.000560
-0.001143
0.007273
-0.003200
0.000400
-0.024400
-0.008800
-0.005000
-0.000600
0.012800
-0.000400
0.000200
0.018600
0.007600
0.012800
-0.002600
0.006400
-0.011200
-0.011273
-0.001818
-0.002308
0.007478
-0.011400
-0.018000
0.002400
-0.001636
0.008000
0.008000
0.003200
-0.008500
-0.004200
0.001600
0.002400
0.015200
-0.011800
-0.000600
-0.011600
-0.010200
-0.004231
0.002645
-0.004733
-0.004632
0.024200
-0.007800
-0.013091
0.013273
0.004800
0.001273
-0.008800
0.024400
-0.004200
-0.008200
0.010000
-0.001800
0.004364
0.009400
0.008600
0.006800
-0.002800
-0.001333
0.023200
-0.014200
-0.008800
-0.005833
-0.010800
-0.009600
0.012000
-0.004200
0.010400
0.009600
-0.007200
-0.016182
-0.022200
0.019455
0.001273
-0.001077
-0.008909
-0.007091
0.003000
0.008333
-0.004667
-0.009600
0.000400
0.005833
-0.017400
-0.002615
0.005400
0.000545
-0.002364
0.000200
-0.012800
-0.003538
-0.004182
0.015200
0.007091
0.003167
-0.011231
-0.008200
-0.007800
-0.004429
0.021400
0.005600
0.006600
-0.009200
-0.020600
-0.011200
-0.009385
0.002923
-0.005692
-0.007385
0.000286
0.007000
-0.008182
0.012333
-0.011778
-0.004667
0.000364
0.000364
0.002667
0.026400
-0.000571
0.005200
-0.004167
-0.001778
-0.008286
-0.023385
0.016000
-0.006667
-0.001333
-0.010333
0.006000
-0.005455
0.008800
-0.013167
-0.004667
-0.034364
-0.008267
0.003400
-0.013091
-0.004615
-0.002909
-0.015000
0.003000
0.004615
0.005636
-0.014727
0.013231
-0.013538
0.007000
-0.013800
0.001077
-0.010727
0.005091
-0.005800
0.002583
0.007043
0.006080
-0.006583
0.000833
0.006636
-0.004769
-0.006720
-0.009652
0.002833
0.002160
0.007040
0.017810
-0.003556
0.010435
0.002636
-0.010174
-0.002667
0.005917
-0.003905
0.003478
0.004833
0.003143
0.010261
