-0.027600
-0.010600
0.003273
-0.019400
-0.006200
0.017200
0.009091
0.020000
-0.030857
-0.013800
-0.021231
-0.033091
-0.003714
0.007394
0.015172
0.002944
0.019067
0.025161
0.025071
0.016160
-0.007833
-0.020848
-0.001448
-0.019143
0.041200
0.026400
0.030200
0.009692
-0.003750
-0.018600
-0.006000
-0.030545
0.018909
0.011000
0.019600
0.007846
0.017704
0.010308
0.001714
0.013625
-0.022444
-0.020429
-0.023385
-0.016000
-0.006737
-0.006133
-0.000133
-0.010083
0.096795
0.095940
0.093500
0.097918
-0.022758
-0.025906
-0.027029
-0.018254
0.162203
0.163062
0.165014
0.164329
0.069165
0.060640
0.066459
0.065711
-0.000462
-0.001304
-0.002609
0.002523
0.134831
0.137205
0.153478
0.140606
0.000800
-0.002545
0.013091
0.006800
-0.022600
-0.007833
-0.006182
0.009400
0.007000
0.000143
-0.009091
0.002364
0.021200
0.008400
0.023400
0.013818
0.002667
-0.015800
-0.007733
0.008200
-0.002600
-0.016500
-0.008800
0.007400
-0.014000
0.001000
-0.001455
-0.002400
-0.009600
0.000400
-0.008182
0.016000
0.006200
0.015833
0.002000
-0.010714
-0.004600
0.008000
0.007000
-0.004000
0.008909
0.002833
0.011636
-0.004182
0.008800
-0.009000
0.005200
-0.012182
0.010143
-0.004500
-0.009200
-0.012000
0.013000
0.009000
0.008429
0.011733
0.010857
0.002875
-0.005538
-0.002600
-0.001333
-0.001667
-0.015818
-0.008400
0.012308
0.023385
0.013636
0.006308
-0.008182
-0.009750
-0.012000
-0.012182
0.000375
0.007818
0.014923
-0.012400
0.014545
0.000429
-0.001750
0.011818
-0.006556
0.001250
0.001833
-0.001067
-0.018833
0.005600
0.002889
0.000400
0.005467
0.012000
-0.001143
0.008000
0.011400
-0.008667
-0.009500
0.004909
0.022850
0.018575
0.018975
0.024074
-0.027595
-0.022831
-0.021366
-0.020759
0.091740
0.095025
0.098373
0.096897
0.041200
0.026400
0.030200
0.009692
-0.003750
-0.018600
-0.006000
-0.030545
0.018909
0.011000
0.019600
0.007846
0.006966
0.007571
-0.002000
0.003857
0.007231
0.000077
-0.000077
0.003818
-0.015714
-0.009929
-0.012636
-0.008417
-0.002273
0.007379
0.004000
0.008071
0.009600
-0.020000
-0.008600
-0.023400
0.000600
-0.011600
0.009600
-0.005400
-0.009500
-0.004000
-0.012000
0.014000
-0.003800
0.000000
-0.002200
-0.006400
0.002167
0.000133
0.002000
0.005259
-0.009400
-0.013400
0.015800
0.020000
0.005600
0.013600
0.008800
-0.007800
-0.000769
-0.004800
0.009600
-0.015600
-0.001200
0.003200
0.014600
0.003200
-0.009565
-0.011929
-0.004903
0.002857
0.000600
0.003091
0.013600
-0.004200
0.006364
-0.000400
-0.006200
0.000400
-0.011800
0.003600
-0.001000
0.010200
0.001800
0.025600
0.013600
0.007800
-0.027600
-0.010600
0.003273
-0.019400
-0.006200
0.017200
0.009091
0.020000
-0.030857
-0.013800
-0.021231
-0.033091
0.010071
0.008138
0.015630
0.010222
-0.012333
-0.009833
-0.010182
-0.006074
0.001857
-0.007583
0.009231
0.003043
-0.003727
0.001462
0.009360
-0.001905
-0.005273
-0.005600
0.000200
-0.008600
0.024400
-0.000200
-0.003800
0.010200
0.000000
-0.014600
0.014400
-0.014800
0.007800
0.003600
0.004800
-0.009000
-0.006818
-0.010091
-0.006846
-0.008957
-0.005400
-0.003400
-0.001400
-0.002364
-0.006727
0.001000
-0.013000
0.001000
-0.011600
-0.013800
0.000800
-0.012000
-0.001600
0.010800
-0.002000
0.006200
-0.003769
-0.005935
-0.001800
0.006526
0.001400
-0.009000
-0.009636
-0.005455
0.021800
-0.007273
0.002000
0.011800
0.003400
0.014000
0.018600
0.013400
0.000182
-0.012600
0.002000
0.007800
0.004200
-0.013500
-0.021200
0.001800
-0.009000
-0.017500
-0.003800
0.019400
-0.011200
0.008200
-0.004800
0.003000
-0.012400
-0.004545
-0.025600
-0.008364
-0.008545
-0.008462
-0.013455
-0.005818
0.015000
0.011167
-0.002167
0.003800
-0.008400
0.000333
-0.012000
0.016615
-0.003200
-0.009273
0.010727
0.001600
-0.002000
0.003846
0.001636
-0.019200
-0.010909
0.023000
0.003846
0.002600
0.008200
0.004571
0.017600
0.001000
-0.000800
-0.002000
-0.002600
-0.027200
-0.007846
-0.004462
0.004154
0.009538
0.006429
0.014500
0.004000
0.010000
-0.003444
-0.011333
0.004545
0.002727
0.026667
-0.002800
-0.001571
0.011800
-0.009000
-0.014556
0.007000
0.002615
0.002909
0.001000
-0.011333
-0.006833
-0.005067
-0.012545
0.001800
-0.004167
0.000000
0.007091
-0.001467
-0.010800
0.002000
0.012615
-0.002727
0.001667
-0.009600
-0.015385
0.000364
-0.001455
0.006000
-0.009692
0.010000
0.027000
-0.010615
-0.006182
-0.007818
-0.008000
-0.005250
-0.000696
0.003200
0.001250
0.004750
0.006364
-0.000154
0.002640
-0.009478
0.004833
-0.013040
-0.003040
0.001238
0.007778
0.009478
0.001182
-0.001130
0.000000
-0.001083
-0.003143
-0.011913
-0.004583
-0.011857
-0.015652
