0.002800
0.013000
0.007818
0.028400
0.015800
0.027000
0.022545
0.022714
0.011714
-0.012400
0.006308
-0.007273
-0.000857
0.005697
-0.002276
0.003556
0.021000
0.015806
0.014714
0.016480
-0.018583
-0.028303
-0.025586
-0.027524
0.022600
0.031400
0.006800
0.029692
-0.020875
-0.023600
-0.014545
-0.015818
-0.017091
-0.003200
-0.010200
-0.004308
0.007407
-0.001769
0.006071
0.003312
-0.005778
-0.012857
-0.003692
-0.010154
0.014421
0.011667
0.018067
0.004833
-0.004578
-0.005970
-0.004553
-0.007699
-0.090667
-0.086906
-0.087765
-0.088085
0.009333
0.010656
0.012116
0.004000
-0.005468
0.000427
-0.009486
-0.001974
-0.054769
-0.048029
-0.054609
-0.052677
-0.025046
-0.031699
-0.021101
-0.029091
-0.024600
-0.023818
-0.019273
-0.017400
-0.012400
-0.017500
-0.022182
-0.023600
-0.008167
-0.006857
-0.008545
-0.008727
-0.000600
0.013200
0.015400
0.008909
-0.016500
-0.027000
-0.014400
-0.017400
-0.017800
-0.021500
-0.000600
-0.023600
-0.009000
-0.000600
-0.013455
0.008800
-0.009600
-0.025200
-0.011273
-0.016600
0.016200
0.016167
0.015600
-0.000857
-0.019000
0.014727
0.011500
-0.007818
0.004727
-0.006167
0.005091
0.006909
0.004000
-0.005800
0.015800
-0.001455
0.003714
0.003125
0.010133
0.008429
0.025571
0.024143
0.019000
0.024267
0.007143
0.009875
0.010154
0.003000
0.011500
0.014333
0.007818
0.018200
0.027692
0.015846
0.030545
-0.001231
0.002182
-0.002875
0.008833
0.005636
0.006250
0.000182
-0.003231
-0.004400
0.006364
-0.001000
0.000875
-0.011091
-0.009556
-0.008125
-0.006833
-0.008000
-0.019000
0.008800
0.000222
-0.022600
0.016133
0.003714
0.004000
0.017800
-0.011800
0.018267
0.016667
0.007091
0.033000
0.033885
0.030425
0.033309
0.008937
0.002944
-0.000756
0.003899
0.034208
0.033850
0.037227
0.034128
0.022600
0.031400
0.006800
0.029692
-0.020875
-0.023600
-0.014545
-0.015818
-0.017091
-0.003200
-0.010200
-0.004308
0.022621
0.013643
0.019280
-0.001929
0.003462
-0.013154
-0.025231
-0.007909
-0.013143
-0.020071
-0.019273
-0.007083
0.020364
0.006483
0.008500
-0.009929
0.032400
0.006800
0.022600
0.001800
-0.007600
0.002800
0.004600
0.016000
0.005833
-0.003600
0.002400
0.010600
-0.018800
0.009200
-0.011000
-0.014600
0.009917
0.022667
0.011241
0.021407
0.009200
0.022000
0.023400
0.012200
0.022800
0.019200
0.007400
0.017000
0.007692
-0.008200
-0.006400
-0.020200
0.008200
-0.012200
0.006200
0.008200
-0.008783
-0.015357
-0.012581
-0.020095
0.001800
-0.003636
-0.001600
0.009000
-0.000364
-0.007200
0.018400
-0.003400
0.003200
0.003600
0.005600
0.018600
-0.003600
-0.021600
-0.023800
-0.006600
0.002800
0.013000
0.007818
0.028400
0.015800
0.027000
0.022545
0.022714
0.011714
-0.012400
0.006308
-0.007273
0.024286
0.016414
0.031407
0.023630
-0.013667
-0.004667
-0.008364
-0.012741
0.006714
-0.001167
0.015231
-0.009826
-0.003364
-0.012077
-0.007280
-0.010667
-0.025818
-0.020600
-0.034200
-0.029600
-0.028400
-0.000200
-0.017400
-0.008000
-0.005600
0.001000
-0.003000
-0.000400
0.006600
0.010800
0.019200
0.002400
-0.004818
-0.003909
0.002769
-0.002087
0.004800
0.000800
-0.000600
-0.012364
0.007636
-0.004800
-0.017600
0.006667
0.003600
0.018000
0.021400
-0.005200
-0.002200
-0.007800
-0.007200
0.000200
0.002923
0.012323
0.008200
0.015053
0.009600
0.003800
-0.011818
0.013636
0.007600
0.016727
0.002000
0.016600
0.004000
0.007200
0.019400
0.008800
-0.011091
0.002200
0.013800
0.016400
-0.014600
-0.016833
-0.004400
-0.024600
-0.015400
0.029000
0.016200
-0.015400
-0.012400
-0.017000
-0.004800
-0.003000
-0.008800
0.000909
0.003200
-0.001818
-0.003273
0.010615
-0.009455
-0.011273
-0.002600
-0.009167
0.007333
-0.015600
-0.012800
0.016167
-0.001000
0.023846
0.007600
-0.000545
0.000000
0.021400
0.022200
-0.005692
0.008909
0.020400
0.014545
0.014167
0.006154
0.005800
0.020800
0.004000
0.007800
0.005800
0.001200
0.013000
0.010600
0.001600
0.003385
0.000154
-0.006769
0.018769
0.003429
0.006000
0.002000
0.002167
-0.005111
-0.007333
0.001455
0.005455
-0.012000
-0.011200
-0.016714
-0.004400
-0.001000
-0.005778
0.003429
-0.002000
-0.003636
0.006167
-0.005500
-0.005167
-0.004667
0.006727
0.003400
0.002667
-0.004500
0.008364
-0.000533
-0.006200
0.003818
-0.006923
-0.009818
-0.006667
-0.006800
0.010615
0.010727
0.004545
0.007692
0.004154
0.003333
0.005000
0.002308
0.010909
0.004727
0.018200
0.001500
-0.001478
0.000640
-0.012583
0.000500
0.008091
0.011923
0.003840
0.003826
0.008000
0.010240
0.017120
-0.002952
-0.012074
-0.008609
-0.008000
0.008696
0.001810
-0.001083
0.003048
-0.001652
0.000500
0.010643
-0.003043
