-0.007800
-0.010800
-0.015455
-0.009800
0.006200
0.021200
0.030727
-0.004143
-0.017429
-0.018600
-0.015692
-0.015455
0.019643
0.004485
0.004621
-0.003889
0.014200
0.016774
0.023000
0.016000
-0.019250
-0.013152
-0.003448
-0.028476
0.027600
0.021200
0.028800
0.025077
-0.003375
-0.019200
-0.014909
-0.038545
0.002182
0.012000
0.009200
0.017692
0.004667
0.015462
0.011786
0.014563
-0.025556
-0.022786
-0.010769
-0.021615
-0.003579
-0.010667
-0.008933
0.002917
0.095181
0.099254
0.101132
0.097342
-0.017848
-0.018156
-0.019794
-0.016282
0.192290
0.188500
0.189855
0.198164
0.073899
0.068453
0.071649
0.073605
0.006308
-0.001797
0.006609
-0.000646
0.164585
0.159123
0.161072
0.159909
-0.010600
-0.020182
-0.019455
-0.010800
0.006000
-0.004833
-0.007818
-0.019600
0.007667
0.016571
0.007273
0.013091
0.002400
-0.007400
0.027200
0.002727
-0.021000
-0.005000
0.004400
0.000200
-0.016800
-0.003833
-0.001200
0.011800
-0.001000
0.002600
0.013091
-0.006800
-0.023800
0.001400
0.014000
0.007800
0.001000
0.011667
-0.009000
0.006286
-0.001400
-0.002545
-0.002167
0.006727
0.026182
0.010167
0.011818
0.017818
-0.011800
-0.013400
-0.007200
0.005273
-0.009714
-0.003375
-0.016400
-0.011571
0.009286
0.004143
0.011714
0.018533
-0.002000
-0.005000
-0.023846
-0.008400
0.003167
-0.006833
-0.001091
-0.014200
0.016923
0.013846
0.012182
0.011538
-0.000909
-0.000375
0.011000
-0.024000
-0.003625
0.002182
-0.018615
-0.002400
0.015818
0.008286
-0.000625
0.008364
-0.011111
0.009000
0.011000
0.001867
-0.009000
-0.016000
-0.007444
-0.008000
0.016800
0.000143
-0.013571
-0.004200
-0.013600
0.007467
0.000000
0.004182
0.023650
0.025379
0.025325
0.024123
-0.026987
-0.023798
-0.019293
-0.023646
0.121662
0.112525
0.119920
0.111692
0.027600
0.021200
0.028800
0.025077
-0.003375
-0.019200
-0.014909
-0.038545
0.002182
0.012000
0.009200
0.017692
0.005655
0.011143
-0.000080
-0.005286
0.004385
0.001923
0.008692
0.005818
-0.006214
-0.016071
-0.011909
-0.009833
0.000636
0.003379
-0.004000
0.010929
0.015400
0.004400
-0.010400
0.004000
-0.012000
-0.007200
0.016800
-0.005400
0.007000
0.000000
-0.018600
-0.003000
-0.025600
-0.002400
0.011600
-0.002800
0.007500
0.001133
0.005586
-0.001037
-0.007400
-0.000400
-0.011600
0.007000
-0.003400
-0.016400
0.007600
0.008400
0.001077
-0.017400
0.009200
-0.004000
0.000400
0.008200
-0.003800
-0.000600
-0.004957
-0.009143
-0.003097
-0.016476
-0.014400
-0.003636
-0.000400
0.009200
-0.010182
0.000400
-0.004400
0.016800
-0.009800
0.014000
0.003600
-0.003400
-0.000200
-0.001400
0.012000
-0.008800
-0.007800
-0.010800
-0.015455
-0.009800
0.006200
0.021200
0.030727
-0.004143
-0.017429
-0.018600
-0.015692
-0.015455
0.016143
0.001862
0.004815
0.012889
-0.007533
-0.004083
-0.010273
-0.005778
-0.000786
0.001333
-0.001000
0.009391
0.005545
0.007308
0.005920
0.011714
-0.000545
0.021600
-0.002400
-0.006400
-0.007200
0.006000
-0.008000
0.000800
0.007800
-0.007000
0.003000
-0.002000
0.003000
0.009800
-0.012400
0.013400
-0.010182
-0.007273
-0.007462
0.001304
0.002000
0.022200
-0.021400
-0.002545
-0.001636
0.000000
0.006800
-0.017833
-0.008000
-0.002400
-0.005800
-0.004200
0.009200
0.001800
0.012200
-0.002400
-0.002000
-0.007871
0.006600
0.010632
-0.001000
-0.003200
-0.010364
0.002364
0.018200
-0.004000
0.000600
0.016400
0.011200
0.003800
-0.006800
0.016800
-0.010545
0.009800
0.002400
0.015400
-0.002400
-0.020167
0.008800
-0.004800
-0.012400
-0.007333
-0.001800
-0.003600
-0.014000
0.006800
-0.012200
-0.016800
-0.009000
-0.004364
0.012200
-0.015636
0.019273
0.000769
0.007455
-0.011091
-0.001800
0.010000
-0.012167
0.003600
0.015200
-0.000333
0.010600
0.005538
-0.002400
0.002000
-0.020545
-0.020400
-0.014800
0.001846
-0.000364
-0.000200
0.009091
-0.003833
0.001692
-0.007800
0.008600
0.016000
0.001000
0.012200
0.020400
0.006800
0.004800
-0.013400
-0.009846
0.026000
-0.011231
0.001692
0.017571
-0.006000
0.009455
-0.010333
0.005111
-0.007000
0.003818
-0.003091
0.002000
0.010200
0.033000
-0.017800
0.002167
0.010778
-0.001857
-0.006769
0.006909
-0.013167
-0.015500
0.007500
-0.012133
-0.028727
0.003800
-0.009167
-0.014333
0.017091
-0.008400
-0.010200
-0.008182
0.009077
-0.013818
-0.004500
-0.012600
0.000308
0.006364
-0.016000
-0.000923
0.005846
0.005667
0.008200
0.007231
0.006182
0.000000
-0.014600
0.003250
-0.005217
-0.002640
-0.001583
0.003083
0.003273
0.001769
0.005680
-0.006609
0.002250
-0.000160
-0.012080
0.016190
0.005333
0.005217
0.009364
-0.004435
-0.000952
-0.002417
0.002571
-0.001217
-0.002167
0.007429
0.005739
