-0.006200
0.007800
0.003455
-0.012600
0.003600
0.007800
0.016727
0.005143
-0.009571
-0.012200
-0.007077
-0.010909
0.006071
0.018970
0.008897
0.010444
0.026000
0.018968
0.016429
0.027120
-0.022583
-0.032909
-0.034207
-0.011048
0.004000
0.013200
0.019800
-0.002154
-0.007125
-0.004600
-0.029818
-0.021273
0.005455
0.009600
-0.027600
-0.004308
0.001481
0.026692
0.006143
0.008937
-0.015259
-0.011571
-0.022615
-0.026615
0.005684
0.007933
0.004733
0.011167
0.023614
0.037821
0.029789
0.034986
-0.062364
-0.059812
-0.064235
-0.068620
0.044000
0.040344
0.039159
0.045726
0.016481
0.024267
0.013162
0.012684
-0.034246
-0.035768
-0.032667
-0.041138
0.009446
0.003507
0.011072
0.013545
0.001000
0.003273
-0.007455
-0.002600
0.001400
-0.002833
-0.004000
0.007400
-0.022500
0.002143
0.006000
0.003636
0.008000
0.017800
0.018000
0.008545
-0.007667
-0.018800
-0.021200
0.000000
-0.002800
-0.006167
-0.009800
-0.017800
0.000000
-0.018800
-0.016364
-0.002200
-0.007200
-0.008200
0.003455
-0.010000
-0.002000
0.000333
0.007200
-0.000571
-0.001600
0.008545
0.005500
-0.013455
-0.013455
-0.015833
-0.002000
-0.007455
0.004400
0.006600
0.020400
0.017818
-0.000857
0.005500
0.019333
-0.002143
0.006143
0.002714
0.005143
0.001467
0.000714
0.014000
0.001692
0.004200
-0.007333
-0.013500
-0.025455
0.004000
0.012000
-0.000154
0.010182
0.013846
0.000909
0.018000
-0.011667
0.001273
0.004750
0.019455
0.003231
0.008200
0.000909
0.010143
0.010375
-0.001455
0.023000
0.003750
0.006333
0.012267
0.010500
0.008533
0.003000
0.015600
-0.006533
0.011000
-0.005571
0.023200
-0.010400
0.000800
-0.002667
-0.000364
0.035575
0.030506
0.035475
0.034691
0.001190
0.005506
-0.001805
-0.002861
0.028571
0.022200
0.031600
0.019513
0.004000
0.013200
0.019800
-0.002154
-0.007125
-0.004600
-0.029818
-0.021273
0.005455
0.009600
-0.027600
-0.004308
0.002897
0.018929
0.013760
0.005071
0.010385
0.016846
0.011462
0.004000
-0.000143
0.001071
-0.000727
-0.001500
0.006727
0.005103
-0.001071
0.005214
-0.013800
0.001600
0.001000
0.004400
0.010800
0.014200
0.004400
0.023000
-0.014000
0.008000
0.013200
-0.002600
0.001600
0.003200
-0.009800
-0.014800
0.006667
0.010267
-0.001103
0.008815
-0.011600
0.008400
0.012000
0.006600
0.001000
0.029000
-0.000400
-0.019200
-0.000154
0.001200
0.009600
0.015800
0.001400
-0.016400
0.001800
-0.003400
-0.011217
-0.010286
-0.017742
-0.009810
0.022600
-0.001091
0.005800
-0.000600
0.002545
0.015400
0.007200
0.015400
-0.007000
0.005600
0.009400
-0.009600
-0.004000
0.001600
-0.004400
0.010800
-0.006200
0.007800
0.003455
-0.012600
0.003600
0.007800
0.016727
0.005143
-0.009571
-0.012200
-0.007077
-0.010909
0.016714
0.011655
0.012815
0.015185
-0.012267
-0.018833
-0.015364
-0.001852
0.000214
-0.020583
0.002462
-0.011652
-0.011273
-0.008769
-0.001360
0.002190
-0.013636
-0.021200
-0.005200
-0.005000
0.006800
0.001800
-0.024600
-0.003800
-0.006600
0.005200
-0.016600
0.007200
0.016200
-0.003800
-0.009200
0.020000
-0.006000
-0.007182
-0.003077
-0.002957
0.010200
0.009800
-0.000600
0.000364
-0.003636
0.002200
-0.013000
-0.009167
-0.003000
0.005400
-0.007000
-0.016400
0.020200
0.000000
-0.014000
-0.001000
0.017692
0.011032
0.001400
0.010842
-0.007000
-0.000800
0.010000
0.009636
0.004400
0.016727
-0.003800
0.011400
0.011000
0.000400
-0.002800
-0.012200
-0.007636
0.001600
0.005400
0.000600
-0.011800
-0.004667
-0.001800
-0.005800
-0.015400
-0.004500
0.010400
0.003200
0.002000
0.002200
0.011400
-0.027600
0.001000
0.009091
0.004200
-0.002909
-0.006727
0.014615
0.005455
-0.004182
0.023000
-0.001500
0.005167
0.000200
0.003000
0.025833
0.020600
-0.015846
0.010800
-0.006545
0.016182
0.011000
-0.000800
-0.016462
-0.021818
-0.017400
-0.008000
-0.012500
0.000154
-0.002600
-0.013400
0.013857
-0.003000
-0.029800
0.008800
0.010800
-0.006600
0.000200
0.008462
0.012769
0.014000
0.001077
0.002714
-0.011500
0.003455
0.012167
0.011556
-0.000833
0.011455
0.009455
0.017333
0.002800
-0.015714
0.006400
-0.008833
0.008000
-0.001714
-0.002923
-0.021818
0.000333
-0.006667
0.003500
0.016667
-0.005455
-0.012200
0.005500
0.012333
-0.018727
0.007600
0.010200
0.002000
-0.008462
0.004909
-0.000333
0.019000
0.011692
-0.000909
0.010000
-0.012615
0.021077
0.008333
0.003800
-0.009231
-0.002000
0.005636
0.008200
-0.012083
-0.005652
-0.004240
-0.003667
-0.004500
-0.001727
0.016462
-0.008560
0.016522
-0.001583
0.002480
0.019360
0.011238
0.002519
-0.016696
0.001909
-0.011391
0.002000
-0.007250
0.005619
0.000087
-0.001000
-0.002071
0.008261
