-0.003600
-0.001800
-0.005636
-0.014600
0.019000
0.011200
0.000909
0.012286
-0.023571
-0.013800
-0.015077
-0.024545
0.005714
0.015273
-0.000966
0.004000
0.021467
0.019742
0.029786
0.019280
-0.020500
-0.007818
-0.015793
-0.015905
0.010400
0.023400
0.024200
0.026462
-0.008750
-0.016800
-0.008182
-0.004364
0.003455
-0.000800
0.010800
0.008154
0.021556
0.009846
0.011429
0.011250
-0.028593
-0.022857
-0.018000
-0.023000
0.007579
-0.006933
-0.010533
-0.007250
0.091687
0.090985
0.091684
0.089014
-0.026727
-0.024000
-0.023794
-0.023465
0.151304
0.156750
0.147478
0.152493
0.065823
0.068480
0.057838
0.067395
0.001877
-0.003681
0.001565
0.000585
0.124246
0.127397
0.126783
0.128848
-0.010400
-0.018545
0.000182
0.003000
-0.002800
-0.010667
-0.010000
0.002400
0.011167
0.009429
-0.002000
0.015273
-0.005600
0.029800
0.015400
0.004545
-0.002000
0.000400
-0.007200
-0.016200
0.000600
0.007167
0.000400
-0.007000
0.009000
-0.001800
0.002909
-0.020600
0.015400
-0.014800
-0.018727
0.003400
0.010400
0.019000
0.016600
-0.012143
0.001400
-0.001091
-0.004500
-0.008545
-0.010182
-0.004167
-0.003818
0.013091
0.005600
-0.005800
0.012600
-0.000909
0.001143
0.011000
-0.008133
0.002429
0.002714
0.009286
0.015000
0.005867
-0.006286
0.000000
-0.000615
-0.011000
-0.018333
-0.000833
-0.017636
-0.012200
0.014615
0.009385
0.013273
0.001692
-0.018182
-0.011375
0.005500
-0.011091
0.004500
0.014727
-0.016462
0.003200
0.000182
0.006714
0.007750
0.006364
-0.006333
0.011375
-0.016167
-0.000800
-0.004333
-0.005733
-0.007667
0.010400
-0.002400
-0.001286
-0.002000
0.013800
0.003000
0.002400
-0.014833
-0.004182
0.021975
0.019885
0.028600
0.026617
-0.020608
-0.030225
-0.021390
-0.010937
0.083922
0.087025
0.079733
0.086538
0.010400
0.023400
0.024200
0.026462
-0.008750
-0.016800
-0.008182
-0.004364
0.003455
-0.000800
0.010800
0.008154
0.002276
0.004786
-0.002640
-0.000214
0.002462
0.004077
0.005308
0.015909
-0.011500
-0.006714
-0.007636
-0.006333
-0.002182
-0.003655
-0.006929
-0.013000
0.013400
0.007800
0.023000
0.007200
-0.003600
0.004600
0.021600
-0.012800
0.006333
-0.001000
-0.005600
0.010600
0.001000
-0.002600
-0.005000
0.005800
-0.001250
0.011000
0.000414
0.008370
-0.002600
-0.003400
0.002000
-0.015200
-0.006800
0.014600
-0.005000
0.017400
0.000769
-0.014400
-0.001600
-0.004800
-0.004000
0.012800
0.012600
0.002400
-0.006261
-0.009643
-0.008903
-0.011524
0.011200
0.008364
-0.006000
-0.004600
0.007818
0.009400
-0.004800
0.008400
-0.002200
0.014800
0.009800
-0.018800
-0.004800
0.008000
-0.006800
0.009400
-0.003600
-0.001800
-0.005636
-0.014600
0.019000
0.011200
0.000909
0.012286
-0.023571
-0.013800
-0.015077
-0.024545
0.012929
0.014690
0.022815
0.010444
0.004333
-0.004333
-0.004727
-0.011185
-0.006071
0.002583
-0.004769
0.000609
0.011455
-0.007000
-0.000640
0.011143
-0.012364
-0.004400
-0.002400
0.010800
-0.005400
-0.022600
0.003600
-0.002400
0.005200
0.019000
0.001800
0.001000
-0.008200
0.030000
-0.002600
0.009600
-0.002000
-0.006636
0.003846
-0.006783
-0.006200
-0.010000
0.002800
-0.015273
-0.004182
-0.001200
-0.002400
0.000833
-0.019200
-0.006200
0.019400
-0.006400
-0.008200
0.008000
-0.005200
0.004600
0.001308
-0.006452
0.005333
0.008421
0.001200
-0.000800
0.007455
0.003636
0.012600
0.003636
0.007200
-0.001000
0.011200
0.007200
-0.009000
0.006600
-0.011455
-0.000600
-0.013400
-0.012000
0.009000
-0.009333
-0.001000
0.013800
0.004400
-0.000333
0.007600
-0.003400
0.026400
-0.007000
0.002800
-0.015400
0.009400
0.040182
-0.001000
0.001273
0.000000
0.001231
0.015636
0.001455
-0.002800
-0.001500
-0.000500
0.000400
-0.024400
-0.004167
0.006400
0.000154
0.025800
-0.003091
0.003455
0.004200
0.017600
0.017077
0.010545
-0.002000
0.014545
-0.011833
-0.004923
-0.006400
0.015400
0.003714
-0.003400
-0.004400
0.005400
0.008200
0.022800
-0.002600
-0.004308
0.009231
0.015846
-0.011077
-0.000143
0.008333
0.007818
-0.001500
-0.015111
0.007333
0.019818
-0.005455
0.008500
-0.002400
0.001143
0.009000
0.009000
0.004444
0.003857
0.004769
0.006727
-0.012500
-0.006000
0.001500
0.001333
-0.001636
0.012800
-0.004333
-0.012000
-0.003273
0.005200
0.015600
-0.001455
-0.000769
0.013273
0.005667
-0.000200
0.004308
-0.010364
0.009636
-0.012462
0.016923
-0.001833
-0.001000
-0.022154
0.006727
-0.007091
0.001800
-0.003167
0.010261
-0.005600
0.000167
-0.004583
-0.000909
-0.001846
-0.006480
-0.010783
-0.004500
-0.000480
0.006880
0.008095
-0.000444
0.009826
-0.000273
-0.008870
-0.006571
-0.008333
-0.003524
-0.002174
-0.004333
-0.000786
-0.002696
