-0.010600
-0.028400
0.007091
-0.023200
0.016400
0.029600
0.010909
0.019857
-0.009571
-0.021400
-0.011538
-0.012909
-0.007714
0.009576
0.000138
0.003500
0.022133
0.019871
0.014786
0.017520
-0.006750
-0.013879
-0.004966
-0.021238
0.042000
0.033400
0.010000
0.023692
-0.012500
-0.019800
-0.005091
-0.015091
0.013091
-0.000400
0.004400
-0.007692
0.013481
0.022385
0.022000
0.010125
-0.022000
-0.030429
-0.020462
-0.014538
-0.011789
0.002800
-0.005200
-0.008667
0.082434
0.084388
0.073395
0.081151
-0.030030
-0.027875
-0.030735
-0.031746
0.133043
0.129094
0.126232
0.135260
0.055494
0.053547
0.053351
0.057421
-0.006523
-0.004116
-0.010725
-0.012462
0.101138
0.106685
0.102435
0.096758
0.002400
0.009636
-0.015091
0.015400
-0.018400
-0.000333
-0.003636
-0.003400
0.002667
0.006143
0.023455
0.027636
0.003800
0.019800
0.013400
0.018909
-0.005333
-0.022400
-0.013600
-0.006000
-0.002800
-0.008167
-0.001200
-0.004000
0.017200
-0.000800
0.007091
0.005400
0.000800
0.002200
-0.002000
-0.016800
0.005600
-0.001000
-0.013800
0.009143
0.006600
0.002182
-0.001167
0.002909
0.015273
0.004167
0.005818
0.018182
0.007000
-0.011400
0.005800
-0.000364
-0.010714
0.000625
0.004800
-0.018857
0.016857
0.011429
0.001714
0.009067
0.004571
-0.017250
-0.011231
-0.006600
-0.007833
0.006167
0.015091
-0.003200
-0.005692
0.002462
0.010545
0.006154
-0.016182
-0.002875
-0.022667
-0.004364
-0.004625
-0.006545
0.001077
-0.003000
0.012000
-0.003143
0.008250
-0.000727
0.001222
0.008250
-0.000667
0.000667
0.011833
-0.008133
0.001667
0.009200
0.015733
-0.011571
0.011714
-0.010400
0.001400
-0.008400
-0.008667
-0.016182
0.023150
0.022345
0.017775
0.021877
-0.019975
-0.017551
-0.014561
-0.011848
0.071065
0.070975
0.066587
0.071718
0.042000
0.033400
0.010000
0.023692
-0.012500
-0.019800
-0.005091
-0.015091
0.013091
-0.000400
0.004400
-0.007692
0.003241
-0.002786
0.006880
-0.004786
0.006154
0.010538
0.022077
0.005273
-0.015714
-0.003214
-0.015091
-0.008750
-0.006364
-0.002690
-0.009857
0.001143
-0.008000
-0.001200
-0.018600
0.005000
0.006400
0.015800
0.023200
0.024800
0.007167
0.005400
-0.021000
-0.007800
-0.001600
-0.015200
-0.017000
0.003000
0.001333
0.004667
0.008414
0.010889
0.004400
-0.008600
0.011000
-0.003600
-0.001400
0.013600
0.010600
-0.003200
-0.009077
0.012400
0.007400
0.001200
0.008200
0.009800
0.015800
-0.007600
-0.005826
-0.001429
-0.008710
0.000000
0.012000
-0.003818
0.015400
-0.014400
0.010545
-0.004600
0.005200
0.016600
-0.001400
-0.007800
0.003600
0.009600
-0.002400
-0.001200
-0.009400
0.011000
-0.010600
-0.028400
0.007091
-0.023200
0.016400
0.029600
0.010909
0.019857
-0.009571
-0.021400
-0.011538
-0.012909
0.014000
0.014483
0.017185
0.010000
-0.005400
-0.007083
-0.010818
-0.011185
-0.006143
-0.002250
0.001154
0.000696
0.012636
-0.008385
0.002960
0.004952
0.009091
0.033200
0.005000
-0.000600
0.010000
-0.007000
0.010200
-0.012000
-0.016600
-0.002000
0.027600
-0.017400
-0.013200
0.002600
0.017000
0.019000
-0.006273
-0.008909
-0.014769
-0.010348
0.008800
-0.017200
-0.008400
-0.012364
0.011091
-0.002000
-0.006200
-0.000167
-0.002200
-0.007800
-0.002800
-0.000600
-0.009800
0.010400
-0.003800
0.003200
0.000308
0.003484
0.004933
-0.012842
-0.011600
0.000400
0.001818
-0.003091
-0.006600
0.021273
0.005400
0.006400
0.002200
0.006800
-0.006600
0.013400
0.004364
-0.016200
0.021000
0.027400
0.004600
0.010167
-0.028000
-0.007000
-0.006000
0.011833
0.010000
-0.011600
0.004400
0.016400
-0.005000
-0.011200
-0.012000
0.009091
0.005000
-0.001091
-0.003818
0.012000
0.025273
0.019091
0.004000
0.000000
-0.001167
0.005400
-0.010800
-0.010333
0.009800
0.010462
-0.002600
0.016727
-0.010182
-0.007000
0.007400
-0.008923
-0.014364
0.007600
-0.010545
-0.000500
0.005846
0.012200
0.006200
0.019714
-0.008600
0.003000
0.001000
0.002400
0.006200
0.005800
0.007231
0.002615
0.009231
0.014000
0.009429
-0.002333
0.014364
0.017667
0.013333
0.008500
-0.005818
0.004545
0.016000
-0.006800
0.013714
0.014000
0.011000
-0.011333
0.000429
-0.004154
-0.000182
-0.006333
0.015333
-0.008000
-0.001600
-0.010545
0.002600
0.014333
-0.004833
-0.012545
-0.005467
-0.011800
0.012364
0.005231
0.005636
0.003167
0.024400
-0.005385
0.019273
0.003455
0.006923
-0.003077
0.023333
-0.006200
0.004462
0.004000
-0.021818
0.017000
-0.001083
0.004696
0.005200
-0.005083
-0.003667
0.003818
-0.004538
0.000640
0.010870
0.001417
0.001120
-0.010560
0.000571
0.002519
0.007130
0.002818
-0.002870
-0.011238
0.000333
0.006095
0.005478
0.002917
-0.013571
-0.009217
