0.009200
0.010400
-0.005091
0.005600
0.006400
0.014600
0.020727
0.011714
-0.025286
0.001800
-0.011385
-0.017455
0.002857
0.008667
0.003931
-0.001389
0.017867
0.026968
0.023214
0.011360
-0.023500
-0.015273
-0.017586
-0.004952
0.034200
0.015400
0.011800
0.011538
-0.015875
-0.011800
-0.004545
-0.017273
0.001091
0.013000
0.028800
0.006769
0.015704
0.017231
0.012857
0.002500
-0.001259
-0.014571
-0.001923
-0.025308
0.002947
0.008867
0.010133
0.001083
0.053349
0.058269
0.050632
0.059397
-0.037939
-0.050344
-0.046588
-0.045014
0.065884
0.074094
0.069043
0.070301
0.029291
0.028107
0.036514
0.035605
-0.032154
-0.032493
-0.028551
-0.031262
0.037785
0.039699
0.042870
0.039364
-0.003200
-0.012000
0.004364
-0.020400
-0.027800
-0.013167
-0.015091
-0.007600
0.006500
0.002143
0.007455
-0.006909
0.007400
0.002800
-0.001200
0.004545
-0.001667
-0.012600
-0.009067
-0.004400
-0.007800
-0.004167
0.003400
-0.007200
0.004400
-0.018000
-0.013273
-0.012600
0.008600
0.008800
0.003091
-0.003200
-0.008400
0.006167
0.014800
0.015714
0.018600
-0.013091
0.010000
0.006182
0.008364
-0.006667
-0.020182
0.005818
-0.000600
-0.001400
-0.014600
0.004545
-0.002857
0.002500
0.006667
0.009571
0.005714
0.001857
0.009429
-0.005600
-0.009571
0.007750
0.007385
-0.005200
0.005333
-0.006000
-0.012909
-0.020600
0.008154
-0.003231
-0.002727
0.008923
-0.008364
-0.016750
-0.005333
0.000545
-0.001625
0.013273
-0.000615
-0.000600
0.001273
0.009286
-0.007375
0.016909
-0.004000
0.000250
-0.004167
-0.004400
0.010167
0.006267
-0.013556
0.018400
0.006000
0.002000
-0.007429
-0.011200
-0.002400
0.000533
0.001000
-0.006727
0.036450
0.025517
0.028075
0.024296
-0.002506
-0.010449
-0.011976
-0.003620
0.032623
0.038850
0.029680
0.031077
0.034200
0.015400
0.011800
0.011538
-0.015875
-0.011800
-0.004545
-0.017273
0.001091
0.013000
0.028800
0.006769
0.002483
-0.006500
0.008560
0.010071
0.015846
0.005385
0.002538
0.006636
-0.003714
-0.007500
0.005000
-0.008583
0.005727
-0.000483
0.003429
-0.008286
-0.003800
0.003600
-0.005600
-0.003200
0.002000
0.002400
0.007600
0.011600
-0.004667
0.005200
0.004200
-0.011800
-0.006800
-0.001600
-0.003600
0.010400
0.003917
0.003867
0.003931
0.004519
-0.002200
-0.006400
0.012200
0.018000
0.006200
-0.004200
0.019600
0.000000
-0.006923
-0.003800
-0.009800
-0.021200
0.029600
-0.010800
0.008400
0.002400
-0.004522
-0.000429
-0.009290
-0.007619
0.016400
0.002364
0.000400
0.000800
-0.004364
0.003200
0.032000
-0.000400
-0.001000
-0.001400
-0.003200
0.007400
-0.000200
0.007600
-0.007800
0.002200
0.009200
0.010400
-0.005091
0.005600
0.006400
0.014600
0.020727
0.011714
-0.025286
0.001800
-0.011385
-0.017455
0.002071
0.001448
0.016000
0.000593
-0.011067
-0.013250
-0.008545
0.003185
-0.007786
-0.002417
0.002077
0.007478
-0.002364
0.010462
-0.001440
0.008762
0.008727
0.001400
-0.001400
0.002200
-0.008600
0.000200
0.008600
0.001800
0.005600
0.011800
0.005600
-0.008200
0.009000
0.013400
0.005800
0.011600
-0.006455
0.003091
-0.003385
-0.005043
0.016600
-0.003200
-0.017000
-0.005818
-0.013455
0.017600
0.000800
-0.002500
0.003600
-0.021600
-0.005800
0.004600
0.003000
0.009400
-0.006800
0.015600
0.004154
-0.003097
-0.006133
0.001368
-0.008800
0.010800
0.006909
0.006182
-0.024800
-0.014000
-0.001400
0.002400
-0.000400
0.010000
0.016200
-0.017600
-0.006000
0.007800
0.019200
-0.011800
0.010200
0.007167
-0.009800
-0.007400
0.004000
0.003333
0.015000
-0.004200
0.009000
-0.019200
-0.003000
-0.003400
-0.011000
-0.003818
-0.004800
-0.016000
0.004182
0.005077
0.000000
-0.005818
0.010200
0.003333
0.010833
0.003200
0.023400
0.002333
0.011800
0.002462
0.009200
-0.004000
0.004545
-0.007600
0.001000
-0.008923
-0.003636
-0.001400
0.000909
-0.001500
-0.006308
-0.012000
-0.007800
-0.007857
-0.008000
0.025800
-0.004200
0.004400
0.008400
0.005600
-0.004615
-0.002462
-0.002000
0.002462
-0.002857
-0.001500
-0.022545
-0.002833
0.000333
0.012500
0.000909
-0.014000
0.000833
-0.002200
0.007571
0.010600
0.023333
-0.000889
-0.009857
-0.002769
-0.014364
-0.011833
-0.002667
0.004833
0.007333
-0.015636
0.001600
0.001000
-0.007167
0.006000
0.013333
-0.004200
0.005273
-0.000462
-0.007091
0.004167
-0.007400
0.005846
0.000000
0.008727
-0.008308
-0.004769
0.005167
0.009600
-0.004308
-0.009091
0.001636
-0.007800
-0.017417
-0.000174
0.000240
-0.004667
-0.005000
0.011545
0.010538
0.005840
-0.006000
-0.003583
-0.003040
-0.003920
0.012381
-0.000148
0.004261
0.003636
0.002609
0.000571
0.002917
-0.005810
-0.007826
-0.002250
0.003786
-0.006174
