-0.004800
-0.030600
0.003273
-0.021800
0.007400
-0.003800
0.009818
0.016000
-0.027857
-0.017000
-0.026462
-0.021818
0.013357
0.007636
0.007310
0.013000
0.022267
0.024129
0.011071
0.027520
-0.005750
-0.013515
-0.005379
-0.017810
0.033400
0.023600
0.019600
0.019692
-0.009000
-0.016600
-0.015636
-0.004909
-0.008182
-0.004600
-0.006400
0.019385
0.023556
0.008615
0.010429
0.007812
-0.021481
-0.025214
-0.032615
-0.016923
-0.018684
-0.007867
-0.007133
-0.017250
0.095133
0.093910
0.102711
0.096849
-0.022212
-0.026250
-0.026206
-0.025493
0.166029
0.162719
0.162928
0.156575
0.059696
0.068027
0.066730
0.063079
-0.000031
-0.008377
-0.000928
0.000215
0.137200
0.131507
0.133014
0.136394
-0.004200
-0.016000
-0.010364
0.000200
0.003000
0.006833
-0.022545
-0.002800
-0.010500
0.009429
0.006182
0.016364
0.005000
0.012800
0.021400
0.000727
0.002333
0.006600
0.006000
-0.002800
-0.006800
0.013500
-0.004800
-0.003200
-0.002600
0.004600
-0.016000
0.005800
-0.006000
-0.004400
-0.011091
-0.002000
0.007800
-0.002333
-0.020600
-0.002286
0.005000
-0.008909
-0.009833
0.011636
-0.000182
-0.001333
0.007273
0.001636
-0.011000
-0.013200
-0.012000
-0.012727
-0.004429
-0.007125
-0.005467
-0.011714
0.016571
-0.001000
-0.002857
0.007467
-0.001000
0.001000
-0.011846
-0.007200
-0.003167
-0.011167
-0.018727
0.002400
0.010923
0.003077
0.016182
0.019692
0.013091
-0.014125
0.003833
-0.016000
-0.001750
-0.006364
0.000308
0.006800
0.006727
0.009571
0.012875
-0.008364
-0.000556
0.006500
-0.004000
-0.003200
-0.015500
-0.006267
-0.005778
0.006400
0.024267
0.011000
-0.004714
0.016400
-0.003800
0.000267
-0.007833
-0.002364
0.019075
0.023011
0.022400
0.023358
-0.020709
-0.028180
-0.019122
-0.017975
0.090727
0.096525
0.093893
0.083538
0.033400
0.023600
0.019600
0.019692
-0.009000
-0.016600
-0.015636
-0.004909
-0.008182
-0.004600
-0.006400
0.019385
0.002069
-0.001500
0.009280
0.003571
0.014923
0.013231
0.007846
0.017455
-0.009571
-0.001214
-0.014000
0.000250
0.008000
-0.007655
-0.004357
0.007286
0.006600
0.002800
0.002800
0.010000
0.000200
-0.005800
-0.010600
-0.003200
0.002333
0.003600
-0.002200
-0.024000
0.020400
-0.001400
-0.014000
-0.004600
0.004000
0.007467
0.012069
0.013407
0.009400
-0.003800
0.003400
0.016800
-0.005200
0.004400
0.003000
0.000000
-0.005077
-0.000600
0.021800
-0.006600
-0.010000
0.006000
0.016200
-0.009600
-0.002174
-0.009643
-0.006000
-0.013429
0.000000
-0.004364
0.001800
-0.007400
0.010182
-0.015600
-0.001200
0.007800
0.010000
-0.012400
0.004200
0.007000
-0.002400
0.017800
-0.001200
-0.008800
-0.004800
-0.030600
0.003273
-0.021800
0.007400
-0.003800
0.009818
0.016000
-0.027857
-0.017000
-0.026462
-0.021818
0.012214
0.003655
0.011704
0.008000
-0.005733
-0.009667
-0.009182
0.005481
0.006357
-0.004500
-0.003538
-0.002348
0.003000
0.006846
0.007520
0.010000
0.019091
0.001600
-0.002000
-0.001600
-0.010800
0.004800
0.008400
0.009800
0.000600
0.004800
0.010400
-0.007000
-0.002000
0.009000
-0.001200
-0.009600
-0.004727
-0.018727
-0.006769
0.001304
0.017800
0.020200
0.000200
-0.004364
0.002182
-0.002600
-0.018600
-0.012500
-0.007600
0.005200
-0.004400
0.016400
-0.016800
-0.014600
-0.004200
0.008200
-0.001231
0.006258
-0.008267
-0.012211
-0.008400
0.006600
0.024000
0.011636
0.015200
-0.010727
0.000600
-0.003800
0.026400
0.003200
0.002600
-0.004800
0.005818
0.002800
-0.009200
0.013800
-0.004400
-0.013833
-0.007600
0.005200
-0.015200
0.007333
0.006600
0.013200
0.006200
0.002600
-0.006200
-0.005000
-0.009600
-0.004545
0.012000
-0.010182
0.014364
0.016462
-0.002182
-0.011818
0.005200
0.009500
-0.007833
0.006000
-0.022800
-0.006167
0.002600
0.005231
-0.012800
0.011636
0.015273
0.017400
0.003600
-0.008308
-0.004909
0.016800
-0.006364
-0.010333
-0.005385
0.001000
0.002400
-0.001286
-0.008400
0.006400
-0.014200
0.010200
0.013400
-0.018600
-0.000769
0.013077
-0.001385
-0.006462
-0.003000
-0.002833
0.008364
0.000833
0.005889
0.000500
-0.011091
-0.002182
0.007667
0.018000
0.004143
0.007600
0.006333
-0.005333
-0.019857
-0.005538
-0.027091
-0.003833
-0.006833
-0.003000
-0.004533
-0.003273
0.006000
0.002167
-0.002500
-0.002727
0.001733
0.003400
-0.007091
0.012615
0.008364
0.015167
0.020200
-0.005077
0.012000
-0.015091
0.006000
-0.000923
-0.009333
0.010600
0.000308
-0.014364
-0.000727
0.008000
-0.001750
-0.002087
-0.002400
0.008833
-0.004083
-0.002455
-0.003308
-0.000320
0.002609
0.000583
-0.000880
0.001200
0.003810
0.006000
0.005565
0.001000
-0.004174
0.001143
0.005917
0.000762
0.004174
-0.001500
-0.004429
0.007652
