-0.010800
-0.010800
-0.006545
-0.000400
-0.004400
0.003800
0.018000
0.012429
-0.022571
-0.022000
-0.023385
-0.020545
0.008000
-0.001091
0.003655
0.000556
0.013133
0.014323
0.017786
0.025920
-0.012333
-0.012000
-0.013931
-0.000857
0.004400
-0.003600
-0.004000
0.026462
-0.017375
-0.012200
-0.008909
-0.017455
0.005091
0.032000
0.008400
-0.007538
0.017111
0.016077
0.011929
0.011687
-0.019556
-0.006500
-0.015846
-0.017846
-0.001421
-0.008733
-0.001000
-0.007333
0.072578
0.078179
0.076816
0.085452
-0.031333
-0.037937
-0.030412
-0.035972
0.112783
0.107813
0.108754
0.118466
0.053873
0.046507
0.053270
0.047263
-0.008000
-0.011275
-0.007942
-0.014738
0.086431
0.092247
0.085652
0.084091
-0.005400
-0.020727
0.020364
-0.009000
0.022600
-0.028000
-0.026545
-0.014400
0.000667
0.009000
-0.002727
0.003818
-0.004200
0.009400
0.004200
-0.004545
-0.004333
0.006600
-0.025733
0.000000
-0.010200
-0.007000
-0.007800
-0.031800
0.007600
0.001800
-0.004909
-0.009400
-0.008400
-0.010800
-0.014727
0.004600
0.005600
-0.010500
-0.000800
-0.002143
0.009000
0.006364
0.018500
-0.001273
-0.000727
0.011667
0.002182
0.001273
-0.001400
-0.004600
-0.002600
0.016909
0.011571
-0.000375
0.003600
0.000857
0.016286
0.018000
0.022000
0.026667
0.009000
-0.002000
0.002769
0.004800
0.006167
-0.006833
-0.024909
-0.007800
0.011538
0.011231
-0.003273
0.002923
-0.020000
-0.005375
-0.015667
-0.007455
-0.009875
0.011636
-0.008923
-0.014000
0.000182
0.002857
0.020375
0.015818
0.002222
0.003125
-0.019000
0.000667
0.002500
-0.017333
-0.000556
0.008200
0.002933
-0.006143
0.007143
0.018000
-0.000400
0.004267
0.002500
0.001455
0.026350
0.022667
0.022500
0.024469
-0.016380
-0.010719
-0.020854
-0.013747
0.063299
0.066775
0.066080
0.057795
0.004400
-0.003600
-0.004000
0.026462
-0.017375
-0.012200
-0.008909
-0.017455
0.005091
0.032000
0.008400
-0.007538
0.009586
-0.001786
-0.007200
-0.007714
0.001692
0.013538
0.004846
0.005545
-0.021786
-0.008571
-0.012182
0.001333
-0.005818
0.000000
0.001714
-0.004071
0.000600
0.001600
-0.001000
0.001000
-0.002200
0.000400
-0.001800
0.007200
0.007833
0.002400
0.013400
0.000000
0.005400
-0.009800
-0.004400
0.027200
0.011750
-0.005467
-0.004345
-0.003185
-0.007200
-0.003200
0.026800
0.004600
0.005000
0.002600
-0.008800
0.010800
-0.004769
0.007400
-0.000200
-0.004400
0.006600
-0.004600
-0.006600
0.012000
-0.001652
-0.006071
0.000258
0.006857
0.012200
0.004545
-0.000600
-0.010200
0.003273
-0.007800
0.005800
0.016200
-0.005400
0.012600
0.010600
-0.016200
-0.022000
0.018200
0.005200
-0.007200
-0.010800
-0.010800
-0.006545
-0.000400
-0.004400
0.003800
0.018000
0.012429
-0.022571
-0.022000
-0.023385
-0.020545
0.010357
0.006483
0.004074
0.012667
-0.008800
0.000250
-0.002273
-0.009926
0.003643
-0.017750
0.005692
-0.009739
0.005364
0.006000
0.018400
0.009714
-0.009091
-0.000200
-0.013800
-0.017600
0.010600
0.012600
-0.006000
-0.008000
-0.017400
-0.004600
0.010400
0.009800
0.000000
0.003000
-0.005200
0.010000
-0.007000
-0.008000
-0.002077
-0.010087
0.003600
0.009200
-0.005000
-0.023455
-0.005455
0.002600
0.024600
-0.000667
0.005800
0.000000
0.005800
-0.006600
0.010200
0.003600
0.014600
0.004400
0.003077
0.006645
-0.000200
-0.004000
-0.010200
0.017800
-0.002909
0.002182
-0.009200
-0.009818
-0.001400
0.014200
0.005200
0.014400
0.006000
0.020600
0.006182
0.015400
-0.006600
0.005400
-0.007200
-0.005167
0.009600
-0.005600
-0.006400
-0.011500
0.002000
-0.008800
0.001600
-0.009400
-0.005400
-0.000600
0.002000
-0.001636
0.000200
-0.009091
-0.020182
-0.002769
0.004182
0.005636
0.004600
-0.021667
0.004667
-0.007000
-0.002200
0.023833
-0.000600
0.007846
0.002600
0.005455
0.005636
-0.016600
0.004600
-0.001231
-0.008182
0.007400
-0.010182
-0.006667
-0.005538
0.003800
0.012000
-0.001857
-0.000600
0.008000
0.011000
-0.014800
0.007000
0.001000
-0.004154
0.018769
0.014308
-0.002462
-0.000143
-0.005333
0.006909
0.011500
-0.012333
-0.006667
0.011091
0.023273
-0.006000
-0.001200
0.006000
0.006200
-0.017667
-0.014222
-0.006714
0.004923
0.000727
-0.011167
-0.014167
-0.009333
0.001733
-0.010364
0.021200
0.006333
-0.016667
0.001818
0.004000
-0.003400
0.011636
0.011385
-0.008909
-0.004000
0.003000
-0.013846
-0.000364
-0.008000
0.005231
0.008615
0.008833
0.009800
0.008154
-0.016364
0.005091
-0.013000
-0.005500
-0.001652
-0.002560
0.001750
-0.001667
-0.000455
0.009615
0.000480
0.003217
-0.012167
-0.013840
-0.012000
0.004095
0.003185
0.008087
0.002727
0.001565
-0.004476
0.000583
-0.005238
-0.003304
-0.008083
-0.000357
0.002522
