0.043000
0.037000
0.043636
0.032000
0.010000
0.013600
0.021636
0.021286
0.004429
-0.011600
0.011692
-0.000182
-0.044571
-0.042364
-0.030828
-0.039500
-0.001667
0.008774
0.001571
0.006960
-0.026250
-0.037394
-0.039793
-0.038476
0.012800
0.007000
-0.002000
0.015385
-0.052750
-0.050000
-0.059273
-0.047636
-0.024909
-0.022200
-0.023600
-0.037538
0.022000
0.026385
0.017714
0.020875
0.031333
0.028786
0.029692
0.031538
0.031316
0.026267
0.025133
0.033667
-0.044699
-0.046388
-0.044474
-0.053260
-0.120879
-0.123313
-0.120206
-0.118535
-0.003275
-0.011000
-0.011043
-0.001808
-0.038633
-0.035227
-0.039865
-0.036947
-0.077077
-0.076812
-0.081333
-0.073600
-0.085508
-0.084137
-0.080203
-0.081152
-0.028000
-0.030000
-0.042182
-0.050600
-0.033600
-0.028667
-0.031636
-0.027400
-0.024833
-0.007571
-0.028909
-0.032364
-0.021400
-0.019400
-0.021200
-0.020182
-0.037667
-0.026800
-0.033467
-0.023400
-0.014200
-0.027667
-0.020400
-0.022200
-0.014600
-0.017000
-0.017636
-0.012200
-0.015600
0.001000
-0.043818
-0.006600
-0.013800
0.002167
-0.004600
-0.004571
-0.009200
-0.019818
-0.014167
-0.015636
0.014364
0.002167
0.011636
-0.006000
0.034000
0.013400
0.008000
0.016364
0.008000
0.019625
0.007467
0.012429
0.052714
0.048857
0.041857
0.041200
0.024000
0.026375
0.015385
0.017400
0.018000
0.036667
0.040364
0.019200
0.029692
0.003846
0.028727
0.022308
-0.002909
0.008750
0.012500
0.018182
-0.007375
-0.000909
-0.000308
-0.003200
-0.012364
-0.010286
-0.016375
-0.006364
-0.005000
-0.013250
-0.010833
-0.010133
-0.021833
-0.001733
-0.017556
0.003800
0.024133
0.006714
0.025000
0.039800
0.012400
0.010933
0.005833
0.011273
0.037900
0.042782
0.044625
0.040963
0.015291
0.009146
0.015073
0.016076
0.004545
0.001475
0.004667
0.007974
0.012800
0.007000
-0.002000
0.015385
-0.052750
-0.050000
-0.059273
-0.047636
-0.024909
-0.022200
-0.023600
-0.037538
-0.038897
-0.026143
-0.043680
-0.054500
0.016923
0.000385
0.008846
0.007818
-0.002643
0.003929
0.012182
0.007583
-0.008182
0.000897
0.000143
0.002714
0.009000
0.007000
-0.007600
-0.002000
-0.022400
-0.010800
-0.015000
-0.019200
0.020667
0.001400
0.003400
0.028800
-0.007600
0.004600
0.008600
0.002000
-0.010750
-0.011333
-0.001379
-0.006148
-0.001800
-0.008800
-0.007400
-0.021000
-0.009000
0.010800
0.018800
-0.028000
-0.001846
0.019000
-0.004000
-0.009200
0.002000
0.006600
-0.001200
-0.007600
0.044348
0.031571
0.032452
0.038476
-0.002800
0.007455
0.018600
-0.007600
-0.005455
-0.016000
-0.006200
0.010200
0.017400
0.020000
0.017800
0.003000
0.011000
-0.019400
-0.007600
-0.003400
0.043000
0.037000
0.043636
0.032000
0.010000
0.013600
0.021636
0.021286
0.004429
-0.011600
0.011692
-0.000182
-0.001000
0.004345
-0.018963
-0.004074
0.036933
0.050917
0.034636
0.048370
-0.010000
-0.011500
-0.013231
-0.008783
0.009727
0.005385
0.007520
0.025905
0.002727
0.002200
0.001000
-0.002400
0.022200
0.020200
0.003200
0.024600
0.003000
-0.020800
-0.010800
-0.012400
-0.025200
-0.019200
-0.004200
-0.011400
-0.003000
-0.011182
0.008231
-0.001043
0.019800
0.012200
0.016800
0.015273
-0.005636
-0.002400
0.010600
0.024500
-0.027800
-0.017800
0.004600
-0.021800
0.000200
-0.005600
0.007000
0.021800
-0.019692
-0.030581
-0.030400
-0.023579
-0.013200
-0.027800
-0.007818
-0.002545
0.011800
0.010909
0.016600
-0.010800
0.001400
-0.007800
-0.010600
-0.016000
0.011091
0.009200
-0.004400
0.001800
0.007200
-0.008500
0.000000
0.003000
-0.003800
-0.006000
-0.023600
-0.014400
-0.028800
0.003400
-0.018800
-0.011200
-0.001800
-0.012364
-0.012800
-0.016727
0.012545
-0.012308
0.001636
-0.017455
-0.013800
-0.010000
-0.004167
-0.020000
-0.005800
-0.021333
-0.013400
-0.032462
-0.005200
0.006182
0.008909
-0.009800
0.052600
0.041077
0.025636
0.048000
0.046909
0.030833
0.047077
0.028600
0.033400
0.035286
0.021600
0.029600
0.035000
0.022400
0.015400
0.021600
-0.011231
-0.001538
0.001692
-0.001077
0.014429
0.025500
0.023091
0.032833
0.009222
0.014000
0.000364
-0.006364
-0.014667
-0.024400
-0.042857
-0.026400
0.004500
-0.010111
-0.009857
-0.009385
0.016727
0.008667
0.009333
0.019833
0.007067
-0.013273
-0.007400
-0.013500
-0.020000
-0.018000
-0.033333
-0.027200
-0.030909
-0.032000
-0.040909
-0.026667
-0.020800
-0.032308
-0.020182
-0.016909
0.009846
0.027077
0.010333
-0.006400
0.010615
0.016727
0.001636
0.019000
-0.003167
0.003478
0.002960
0.004583
-0.013750
0.000091
-0.008385
-0.010320
-0.003826
0.013250
0.010400
-0.012640
0.003714
0.005852
0.001217
0.003909
0.009565
0.005524
-0.002417
0.004286
-0.008870
-0.006250
0.002857
-0.008435
