-0.200800
-0.218800
-0.214909
-0.205200
0.061800
0.057200
0.051455
0.042000
0.250857
0.243400
0.244000
0.237455
-0.271000
-0.268182
-0.273379
-0.270389
-0.041067
-0.037613
-0.042429
-0.041520
0.210417
0.215939
0.213448
0.196762
-0.066200
-0.040600
-0.052800
-0.052923
0.212875
0.204200
0.200909
0.211818
-0.266182
-0.255000
-0.250800
-0.249846
0.040074
0.040000
0.049071
0.051312
0.276444
0.275571
0.272769
0.277308
-0.211684
-0.211000
-0.209067
-0.211917
0.037614
0.041463
0.032921
0.036493
-0.016061
-0.008344
-0.011559
-0.010704
-0.420696
-0.418500
-0.418551
-0.421534
-0.117139
-0.114213
-0.122811
-0.119658
-0.142308
-0.138580
-0.142609
-0.147415
-0.524062
-0.520740
-0.522725
-0.513515
-0.153400
-0.146182
-0.143091
-0.150800
0.002800
-0.015167
-0.006727
-0.003200
-0.150333
-0.138000
-0.148909
-0.142727
-0.003400
-0.012000
-0.005000
-0.023818
0.128500
0.107600
0.122667
0.115600
0.132000
0.143000
0.145200
0.141400
-0.142600
-0.149800
-0.116909
-0.129000
-0.017400
-0.010200
-0.007818
0.008400
-0.131000
-0.155333
-0.154400
-0.132571
-0.011800
0.018727
0.009833
0.000909
-0.015273
-0.005833
-0.015091
-0.013091
0.018800
-0.009800
0.005800
-0.012909
0.155714
0.132875
0.138933
0.135286
-0.072000
-0.055857
-0.063857
-0.063733
0.166000
0.146250
0.144000
0.146400
-0.069667
-0.050500
-0.077091
-0.060400
-0.062308
-0.049077
-0.063455
-0.069231
-0.051273
-0.048125
-0.062667
-0.072727
0.118125
0.128909
0.112769
0.146400
-0.056727
-0.047143
-0.052750
-0.060182
0.133111
0.129750
0.136000
0.127333
-0.051333
-0.039733
-0.036556
-0.036800
-0.051467
-0.065000
-0.051429
-0.037000
-0.050800
-0.029733
-0.050000
-0.032364
0.067450
0.070138
0.070225
0.072272
0.066962
0.066090
0.066146
0.060709
0.211351
0.215650
0.217173
0.212872
-0.066200
-0.040600
-0.052800
-0.052923
0.212875
0.204200
0.200909
0.211818
-0.266182
-0.255000
-0.250800
-0.249846
0.169172
0.162000
0.162160
0.167429
0.014462
0.015385
0.016846
0.010727
0.039571
0.033571
0.039455
0.030083
0.021909
0.026069
0.025357
0.020786
-0.053000
-0.034400
-0.041200
-0.025800
-0.050600
-0.068600
-0.027600
-0.042200
0.036500
0.027000
0.042200
0.032400
0.004400
0.002600
-0.018600
0.007000
-0.035417
-0.032667
-0.036483
-0.028519
-0.017400
-0.035400
-0.031400
-0.052200
-0.034000
-0.039600
-0.041600
-0.043400
0.024923
0.037400
0.023000
0.027600
0.003000
0.014600
0.007200
-0.003600
-0.149565
-0.149143
-0.148839
-0.151619
-0.006400
-0.008364
-0.005600
-0.004400
0.025636
0.013000
0.040600
0.047200
0.006400
0.002200
0.004800
0.005200
0.014600
0.028600
0.005600
0.011200
-0.200800
-0.218800
-0.214909
-0.205200
0.061800
0.057200
0.051455
0.042000
0.250857
0.243400
0.244000
0.237455
-0.021786
-0.017034
-0.030296
-0.018963
-0.169400
-0.166250
-0.177273
-0.158889
-0.047429
-0.035583
-0.036538
-0.057913
0.037636
0.040308
0.034720
0.034667
0.028000
0.047400
0.033200
0.039200
0.028800
0.036400
0.039600
0.040600
0.001800
-0.029800
-0.026200
-0.022800
0.002200
-0.014200
0.008200
-0.002200
-0.030909
-0.037364
-0.034846
-0.032870
0.036200
0.040400
0.049200
0.038727
0.036182
0.034400
0.032600
0.046500
-0.031400
-0.041000
-0.037600
-0.025800
-0.004400
-0.022200
-0.004000
0.006000
0.142462
0.149677
0.145200
0.152105
0.003400
0.008600
0.006545
0.012909
-0.006600
-0.016364
-0.022200
-0.024000
-0.005000
-0.011600
0.010000
-0.001400
-0.024182
-0.032800
-0.020800
-0.012800
0.019800
0.033667
0.030000
0.002400
-0.031000
-0.005333
-0.003200
-0.028200
-0.027800
-0.028800
-0.013000
-0.026000
0.000600
-0.004545
-0.022400
-0.001818
0.033455
0.016769
0.022909
0.018364
-0.001400
-0.012000
-0.006167
-0.012400
0.005400
-0.023167
-0.011000
0.000923
0.004400
0.005455
-0.010000
0.008000
-0.092200
-0.080308
-0.068727
-0.091000
-0.098182
-0.109333
-0.083846
-0.106800
0.016200
0.003429
-0.002200
0.012800
0.009800
-0.011400
-0.014400
-0.006600
-0.006615
-0.013385
0.014154
-0.019385
0.022143
0.008167
0.004182
0.021833
0.010000
0.013333
0.015636
0.004182
0.050000
0.055600
0.064714
0.050200
-0.032667
-0.020667
-0.027857
-0.006923
0.029091
0.015167
0.012667
0.035167
0.011067
0.016364
0.028600
0.030833
0.036833
0.039818
0.052133
0.036400
0.055455
0.037538
0.034000
0.050167
0.038600
0.039231
0.041091
0.037273
-0.008769
-0.002462
-0.019833
-0.010400
-0.024615
-0.013636
-0.012545
-0.014600
-0.021250
-0.020261
-0.026640
-0.011500
0.011333
-0.005818
-0.007538
0.001520
-0.020435
-0.023083
-0.014400
-0.032000
-0.014000
0.010000
0.009391
-0.000636
0.027739
0.034667
0.029167
0.012000
0.032348
0.023417
0.040786
0.048870
