-0.028800
-0.022800
-0.034182
-0.010200
0.047600
0.050800
0.051273
0.041714
0.081000
0.088200
0.101231
0.106182
-0.140357
-0.142242
-0.141310
-0.143444
-0.036733
-0.031613
-0.040857
-0.037120
0.039083
0.033636
0.036276
0.036286
-0.036000
-0.039000
-0.034600
-0.051692
0.013125
-0.007400
0.003273
0.024364
-0.112545
-0.092400
-0.113200
-0.088615
0.054741
0.052538
0.042929
0.055000
0.134296
0.137429
0.134615
0.130846
-0.041632
-0.043200
-0.040733
-0.044000
-0.048988
-0.045612
-0.044921
-0.047644
-0.112818
-0.112219
-0.107824
-0.108479
-0.064029
-0.064844
-0.068986
-0.070630
-0.093924
-0.104400
-0.096811
-0.102211
-0.132154
-0.136029
-0.134522
-0.141723
-0.193108
-0.193370
-0.204319
-0.193303
-0.131200
-0.120364
-0.129636
-0.116400
-0.021600
-0.016500
-0.042000
-0.043200
-0.124667
-0.129429
-0.115636
-0.146909
-0.020600
-0.029000
-0.036600
-0.025273
0.059333
0.077000
0.066000
0.055600
0.061000
0.047833
0.057200
0.050600
-0.124200
-0.123600
-0.121636
-0.107000
-0.008200
0.006200
-0.002727
-0.009200
-0.112800
-0.127833
-0.103200
-0.107714
-0.015800
0.009273
-0.019500
-0.025455
0.030909
0.036500
0.035818
0.046727
0.035400
0.048200
0.037000
0.035455
0.095571
0.108375
0.108400
0.112000
-0.030000
-0.015857
-0.032000
-0.014800
0.128714
0.126750
0.115385
0.119200
-0.029333
-0.020333
-0.021273
-0.013800
-0.010923
-0.032308
-0.037455
-0.040462
-0.021273
-0.037500
-0.043167
-0.040000
0.081750
0.090182
0.084308
0.073200
-0.042364
-0.038429
-0.039250
-0.047818
0.090556
0.084000
0.096167
0.083600
-0.041000
-0.039867
-0.044556
-0.042600
-0.025333
-0.008857
-0.023571
-0.014600
-0.033400
-0.015467
-0.002833
-0.008909
0.078275
0.075333
0.081325
0.082494
0.057620
0.059303
0.072512
0.062582
-0.079013
-0.073700
-0.067440
-0.077769
-0.036000
-0.039000
-0.034600
-0.051692
0.013125
-0.007400
0.003273
0.024364
-0.112545
-0.092400
-0.113200
-0.088615
-0.041862
-0.044929
-0.044560
-0.039571
0.042692
0.042462
0.049692
0.048182
0.033500
0.035429
0.024818
0.033833
0.008727
0.015241
0.012143
0.017571
-0.070400
-0.048800
-0.044200
-0.065600
-0.072200
-0.055000
-0.081000
-0.064000
0.056667
0.061800
0.053200
0.061200
0.017600
0.007000
-0.007400
-0.003200
-0.052583
-0.055867
-0.047724
-0.039481
-0.058600
-0.052200
-0.071600
-0.067600
-0.037400
-0.051600
-0.056400
-0.049200
0.033385
0.020400
0.013800
0.051400
-0.006400
-0.009400
-0.024600
-0.006600
0.030522
0.027786
0.027806
0.036381
0.018000
0.027818
0.022200
0.028200
0.003091
0.002200
-0.003800
0.018800
0.047800
0.031000
0.018200
0.002600
0.007800
0.017200
-0.011000
0.009000
-0.028800
-0.022800
-0.034182
-0.010200
0.047600
0.050800
0.051273
0.041714
0.081000
0.088200
0.101231
0.106182
-0.062857
-0.055103
-0.045778
-0.043333
0.037200
0.048083
0.048545
0.061259
-0.051214
-0.048583
-0.036231
-0.045739
0.043636
0.063231
0.057760
0.045714
0.072545
0.050800
0.062000
0.057800
0.070200
0.057200
0.059200
0.064000
-0.041000
-0.053800
-0.051200
-0.021800
-0.005200
-0.002800
0.003000
-0.000400
-0.023545
-0.029273
-0.014538
-0.021565
0.086400
0.073600
0.081000
0.095818
0.061455
0.043600
0.056800
0.055333
-0.059600
-0.041600
-0.060000
-0.064800
-0.010000
-0.001000
-0.012800
0.022800
-0.025923
-0.031355
-0.027933
-0.027158
-0.012800
-0.006400
-0.010182
-0.017636
-0.013400
-0.006000
-0.018600
-0.009200
-0.025400
-0.035000
-0.034000
-0.015600
0.022545
0.009200
-0.006000
0.013800
0.001600
0.025167
0.005200
0.010600
-0.030200
-0.017500
-0.026400
-0.035400
-0.018600
-0.000400
-0.025800
-0.052800
-0.000600
-0.036000
-0.009200
-0.020545
0.016909
0.018308
0.014909
0.029091
-0.031800
-0.034667
-0.029333
-0.038200
-0.017000
-0.028333
-0.023200
-0.010000
-0.025800
-0.017636
-0.019636
0.001800
-0.021800
0.011231
0.003636
0.006600
-0.010909
0.002000
0.005692
0.005200
0.004200
0.009143
0.000800
-0.000800
0.014000
-0.004200
0.001000
-0.000200
0.004923
-0.019538
-0.000923
-0.021692
0.020429
0.034667
0.020182
0.022167
0.003333
-0.001000
0.012364
0.024000
-0.006333
-0.003200
0.001000
-0.012200
-0.015833
-0.022222
-0.021714
-0.030769
0.030909
0.019667
0.016833
0.045667
0.002533
0.014909
0.017000
0.024833
0.012500
0.009818
-0.010533
0.029200
-0.018000
-0.023385
0.000000
-0.020833
-0.018000
-0.001231
-0.001091
-0.009091
0.006462
0.012154
0.008000
0.004600
-0.000615
0.014727
0.002545
0.006600
0.008250
0.000522
0.002880
0.007500
-0.011000
-0.017000
-0.024923
-0.013600
-0.012870
-0.018917
-0.007680
-0.018480
0.005619
0.003037
0.003478
0.003545
-0.009043
-0.016000
-0.000333
-0.009905
0.022000
0.021167
0.015071
0.020609
