-0.001400
0.010600
-0.002727
-0.018600
0.016600
0.014200
0.030545
0.010429
-0.021714
-0.008800
-0.009538
-0.025091
0.003571
-0.001333
0.002759
0.003944
0.011933
0.019355
0.006357
0.022640
-0.022083
-0.007152
-0.014414
-0.020476
0.009800
0.016200
0.024000
0.026154
-0.024500
-0.027200
0.001273
-0.032727
0.016727
-0.012200
0.006600
0.027692
0.004296
0.004462
0.013714
0.018750
-0.015481
-0.006857
-0.008692
-0.002462
-0.009105
0.001333
-0.013733
-0.015500
0.065494
0.073433
0.070000
0.069781
-0.042333
-0.037625
-0.038206
-0.034169
0.090928
0.083656
0.087739
0.093562
0.043316
0.046373
0.046730
0.046079
-0.020000
-0.013246
-0.011913
-0.014000
0.071846
0.063589
0.062000
0.063424
-0.022200
-0.000727
-0.006364
-0.009000
-0.009800
0.005167
0.013273
0.002200
0.016333
0.007857
-0.006727
0.014727
-0.009800
0.026600
0.007600
0.007091
-0.019167
-0.005400
-0.012533
-0.005600
-0.006800
-0.022000
0.011000
-0.011200
-0.000600
0.002400
-0.010909
-0.021600
0.007200
-0.004000
-0.006000
-0.005000
0.014600
0.005000
0.001600
0.000286
-0.003200
0.005636
0.006667
-0.007091
-0.003818
0.007833
-0.000182
-0.006727
-0.003800
-0.008800
-0.000400
-0.011455
-0.007571
-0.011375
-0.003200
-0.002143
-0.001286
0.016429
-0.006000
0.013733
-0.001143
-0.005750
0.008462
-0.003400
-0.014167
0.004833
0.004364
-0.008600
0.027077
0.017692
0.020545
0.022462
0.007091
-0.007875
-0.006333
0.005091
-0.007000
-0.001818
-0.001077
0.010400
0.005455
0.001000
0.006000
0.008727
-0.019222
0.009000
-0.002667
-0.009867
-0.003000
0.001733
-0.004222
0.002400
0.001467
0.007857
0.022857
0.005400
0.009400
0.002267
-0.007000
-0.006545
0.019875
0.022759
0.019700
0.030617
-0.012025
-0.014854
-0.017854
-0.011165
0.050260
0.048600
0.050133
0.042359
0.009800
0.016200
0.024000
0.026154
-0.024500
-0.027200
0.001273
-0.032727
0.016727
-0.012200
0.006600
0.027692
0.006690
-0.007571
0.006160
-0.008857
0.010692
0.007538
0.011923
0.007818
-0.002214
-0.010643
-0.007909
-0.007417
0.002545
-0.001655
0.002500
-0.003786
-0.002400
0.003200
0.001000
-0.007000
0.000600
-0.019400
0.005000
-0.002200
-0.009333
0.003600
0.008400
-0.001200
0.007400
0.001000
0.000600
-0.000200
-0.002500
0.001533
-0.004690
-0.000667
0.013200
-0.004200
-0.002200
0.001000
-0.010400
-0.005000
0.017600
0.006800
0.005846
0.001400
-0.014200
-0.016600
-0.000400
-0.017800
0.012200
0.003200
-0.002174
-0.000286
-0.014000
-0.014286
0.002800
0.007091
-0.003800
-0.000400
0.008909
0.003400
0.008800
-0.013800
0.004800
0.000000
-0.013200
0.009800
-0.009600
0.000800
0.000200
-0.005400
-0.001400
0.010600
-0.002727
-0.018600
0.016600
0.014200
0.030545
0.010429
-0.021714
-0.008800
-0.009538
-0.025091
0.010571
-0.002069
0.003630
0.001704
-0.002333
0.002000
-0.015273
-0.003704
0.002071
-0.002500
0.004231
-0.006696
-0.006273
0.010000
0.005200
0.008762
-0.018909
-0.007200
-0.014800
-0.003600
0.009000
0.005200
0.004000
0.011600
0.000000
0.001600
0.001200
-0.005600
0.008400
0.014000
0.002200
0.003200
0.000273
-0.018091
0.006462
0.003130
0.004800
-0.003600
-0.008800
-0.006000
-0.002545
-0.005400
0.011400
-0.002167
-0.014800
-0.004800
-0.017000
-0.014600
0.011000
-0.010800
0.001800
-0.001200
-0.008000
-0.004258
0.001467
-0.009368
-0.015800
0.007800
-0.001091
0.002182
0.011800
-0.007455
-0.002800
0.012200
0.001400
-0.033400
0.008600
-0.003200
0.001273
-0.007000
-0.006600
0.000000
-0.002600
0.005667
0.005400
-0.013000
-0.001600
-0.002667
0.013600
-0.001600
-0.015000
0.001800
-0.008800
-0.007000
0.000600
0.006000
-0.004600
0.009455
-0.011273
0.005538
0.000364
-0.002727
-0.019600
-0.014333
0.005167
0.008600
-0.003600
0.001667
-0.002600
-0.005077
0.005600
0.004000
0.019636
0.011200
-0.023200
0.000769
0.006182
-0.010000
-0.016364
0.008333
-0.021846
-0.005400
0.000800
-0.012000
0.010000
0.003000
-0.016200
0.012000
-0.023600
-0.006600
0.006000
-0.000615
0.011077
0.009231
0.006714
-0.003667
0.002182
0.009833
0.000111
0.000833
-0.008545
0.002545
-0.001667
-0.012600
-0.003000
-0.008200
0.006833
0.001667
0.010429
-0.020769
-0.022727
-0.008667
-0.001000
0.012667
-0.003333
-0.010909
0.002000
0.005000
-0.008167
0.001091
-0.006933
0.002400
0.003818
0.008000
0.000182
0.003000
-0.008800
-0.013692
0.003455
0.005636
0.006000
0.013385
0.012000
0.006400
-0.007385
-0.006182
-0.010727
-0.017000
0.015667
-0.004087
0.013360
-0.009333
0.006083
-0.009727
-0.004154
0.000720
-0.003652
-0.000250
-0.000080
0.000400
0.001524
-0.017704
-0.009217
-0.008727
0.000261
-0.000476
-0.000583
-0.002286
0.004522
0.008750
0.013071
0.008522
