-0.024000
-0.007600
-0.022727
-0.005200
0.002200
-0.001600
0.016727
-0.002571
-0.040286
-0.016400
-0.012769
-0.025091
0.008643
0.008121
0.010345
0.000722
0.025600
0.026129
0.010714
0.003840
-0.017000
-0.013030
-0.022276
-0.005905
0.033800
0.019800
0.013600
0.006769
0.006250
-0.011400
-0.002182
-0.006727
0.003273
0.018400
-0.005600
0.006615
0.000000
0.008077
0.014071
0.010500
-0.019481
-0.021214
-0.035154
-0.015769
-0.003789
0.002800
-0.003933
-0.013083
0.094723
0.102806
0.098895
0.103096
-0.023303
-0.020156
-0.019912
-0.021183
0.185217
0.186875
0.196319
0.187041
0.072506
0.074427
0.067622
0.071947
-0.002462
-0.000319
-0.000609
-0.000923
0.164277
0.158411
0.153681
0.159242
-0.002400
-0.001636
0.001818
0.008000
0.000400
0.000333
0.001091
-0.021600
0.006667
-0.001429
0.020909
0.015091
0.014800
0.015400
0.005200
0.013636
0.000667
0.006000
0.000800
0.011400
0.009000
-0.003500
-0.023800
-0.018800
-0.014800
-0.005200
0.007818
-0.008200
-0.019400
-0.007800
-0.006909
-0.015200
0.020200
-0.010833
-0.005600
-0.001000
0.002800
0.006909
0.007167
0.009273
0.020364
0.007167
0.015636
-0.011636
-0.008200
-0.012800
-0.010800
-0.006545
-0.004571
-0.013500
-0.018133
0.004143
0.018143
0.012429
0.018714
0.003200
-0.008286
-0.006250
0.004000
0.002200
0.002500
-0.006167
-0.010364
-0.001400
0.013077
-0.000615
0.012545
-0.004462
-0.000909
-0.004375
-0.005333
-0.018364
-0.003500
0.010000
0.010923
-0.008800
0.013091
0.023714
0.003875
0.012364
0.003556
0.005375
-0.001667
0.014133
-0.008833
-0.016267
0.003556
-0.005200
0.013333
0.003429
0.009571
0.004000
-0.009000
-0.002133
0.016500
-0.015091
0.020650
0.028943
0.027450
0.027309
-0.021595
-0.024427
-0.027268
-0.022582
0.118494
0.124625
0.121173
0.117000
0.033800
0.019800
0.013600
0.006769
0.006250
-0.011400
-0.002182
-0.006727
0.003273
0.018400
-0.005600
0.006615
-0.004000
-0.004000
-0.001520
-0.008429
0.010615
0.004615
0.014385
0.004727
-0.013857
-0.011500
0.009636
-0.017167
0.007818
0.005586
0.001929
0.000143
0.018000
-0.000800
-0.005200
0.003400
0.005000
-0.005400
-0.006200
0.001600
-0.000500
0.016000
-0.008400
0.001400
-0.009400
-0.007200
-0.003000
0.011200
-0.001750
0.007400
0.003517
0.005259
0.006600
0.006200
-0.028200
0.026000
0.007200
0.002000
-0.007800
0.000800
0.012000
0.021000
-0.010600
-0.008200
-0.003400
-0.006200
-0.009400
0.005000
-0.005304
-0.014143
-0.015871
-0.000476
0.001400
-0.018727
0.004000
0.012600
-0.007273
0.001800
0.002200
0.001600
-0.008000
0.009600
-0.004400
-0.001200
0.004000
-0.005600
0.020800
0.002200
-0.024000
-0.007600
-0.022727
-0.005200
0.002200
-0.001600
0.016727
-0.002571
-0.040286
-0.016400
-0.012769
-0.025091
0.018714
0.010345
0.017333
0.002444
-0.007000
0.000250
-0.007909
-0.015926
0.002643
-0.004500
-0.003538
0.000870
-0.003455
0.017615
0.003600
0.002190
0.012364
-0.002600
-0.006200
-0.007800
0.006400
-0.004200
-0.003200
0.009600
0.013400
-0.003800
-0.007400
-0.012600
-0.002400
0.009800
0.002800
0.008600
-0.001818
-0.010364
-0.003000
-0.000087
0.000000
-0.012000
-0.016200
-0.015636
0.005818
-0.003400
-0.002800
-0.008500
0.005000
0.007600
-0.011400
-0.005400
0.008000
0.000800
0.008400
0.000600
-0.008923
-0.004258
-0.005467
0.003263
-0.000200
0.005400
0.003636
-0.013636
0.001600
0.012545
-0.006400
-0.011400
0.004000
0.001400
-0.002200
-0.001000
-0.008909
0.018200
0.011200
-0.001600
-0.011400
-0.021500
0.016000
-0.008400
-0.006200
-0.008000
-0.001800
-0.004000
-0.017600
-0.001000
-0.009600
0.007200
-0.009800
0.010545
-0.019600
-0.009818
0.013455
0.007385
0.008545
0.006727
-0.008400
0.000333
-0.002667
0.022000
-0.001000
0.013167
0.000200
-0.000308
-0.005600
-0.003818
0.003818
-0.003400
0.022600
-0.008615
0.001636
-0.011000
0.008364
-0.000500
0.002615
-0.001600
0.003200
0.005286
0.016200
0.013800
-0.003800
-0.014600
-0.013400
0.000000
-0.011692
0.000000
-0.011385
-0.015385
0.005571
0.001000
0.009091
-0.004000
-0.011111
-0.008667
-0.012909
0.002909
0.013500
0.001000
0.018714
0.004400
-0.002000
-0.000667
-0.003286
0.002769
-0.003818
-0.009667
0.001000
-0.007000
0.008267
-0.004727
-0.013400
0.014167
-0.000667
-0.009455
0.012800
-0.007800
0.002909
0.005077
-0.008000
-0.012167
0.011000
-0.005846
0.003273
0.003818
0.006462
0.009846
0.006667
0.010200
0.006923
-0.003818
0.001091
0.003200
-0.004583
0.001913
0.007840
-0.005000
0.003333
-0.006636
-0.003615
0.006960
-0.002522
-0.007667
0.009840
-0.013760
-0.002190
-0.003111
0.005043
0.009909
0.003304
0.005905
-0.007500
0.014381
0.004087
0.002000
-0.004000
0.003739
