-0.017400
-0.002600
-0.023273
-0.018800
0.023200
0.002000
0.011091
0.002714
-0.030857
-0.028800
-0.029385
-0.016909
0.005000
-0.000848
0.009103
0.003833
0.034733
0.025935
0.020857
0.011600
-0.022917
-0.025455
-0.008621
-0.015905
0.021400
0.022000
0.008800
0.025077
-0.012500
-0.017000
-0.028545
-0.006182
0.018364
0.002000
-0.003200
0.015846
0.009481
0.006231
0.015571
0.020000
-0.028593
-0.019429
-0.032154
-0.025538
-0.007737
-0.017800
-0.017867
-0.011000
0.098651
0.098567
0.098789
0.099699
-0.022758
-0.026937
-0.027353
-0.023324
0.175913
0.168375
0.172493
0.163863
0.065494
0.066773
0.071730
0.070105
0.002862
-0.002029
-0.004493
0.006677
0.151908
0.148164
0.145507
0.146606
-0.003800
0.002182
-0.018545
0.006800
-0.009800
0.001500
0.009636
-0.011800
0.017667
0.016571
0.000182
0.024727
0.011800
0.018000
0.022600
0.018545
-0.003667
-0.004400
0.009733
-0.008200
-0.015000
0.005667
-0.008000
-0.007000
0.001600
-0.000400
-0.008182
-0.002400
0.008600
0.013600
-0.002545
0.003800
0.007600
0.004667
0.012600
0.010286
0.009800
0.018545
-0.003167
-0.006364
0.002182
0.014667
0.002364
0.015818
-0.010800
-0.001600
0.005200
0.000909
0.020714
-0.013125
0.002533
0.002286
0.020857
0.011714
0.010714
0.005733
0.004429
-0.003500
-0.022769
-0.010600
0.005333
-0.014000
-0.008182
-0.001400
-0.003538
0.000769
-0.002000
0.014769
-0.007636
-0.002000
-0.008833
-0.020545
0.006000
-0.000545
-0.003846
0.010200
0.014727
0.024000
0.024500
-0.003636
-0.000333
0.010250
0.004500
-0.011733
0.005667
-0.006400
-0.014222
-0.005000
0.003467
0.011571
0.015000
0.009000
-0.009600
0.014000
-0.018667
-0.011091
0.020175
0.017793
0.027475
0.018321
-0.019266
-0.026517
-0.019244
-0.015975
0.108312
0.099050
0.101307
0.108949
0.021400
0.022000
0.008800
0.025077
-0.012500
-0.017000
-0.028545
-0.006182
0.018364
0.002000
-0.003200
0.015846
0.018966
0.006286
0.002080
0.005214
0.016846
0.008231
0.010923
0.012818
-0.006643
-0.011786
-0.008727
-0.011917
-0.002182
-0.015034
0.001500
0.004857
0.002800
-0.005000
-0.017600
0.006400
-0.015600
0.014400
-0.016000
-0.010000
-0.006667
-0.004200
-0.006400
-0.009400
0.007000
-0.009000
-0.031200
-0.007800
0.010667
-0.005733
0.006966
0.005481
0.006000
0.012200
0.007200
0.012200
0.017200
0.007800
0.006200
0.003200
0.012769
-0.003800
0.002400
0.014800
0.010800
0.012400
-0.003000
0.013200
-0.005217
-0.003571
-0.014323
-0.005143
-0.006600
-0.001091
-0.007400
0.000000
-0.007273
0.004800
0.006000
0.021600
0.001000
0.000600
-0.003000
0.004600
0.024000
0.001600
0.004800
-0.009600
-0.017400
-0.002600
-0.023273
-0.018800
0.023200
0.002000
0.011091
0.002714
-0.030857
-0.028800
-0.029385
-0.016909
0.010714
0.017655
0.026815
0.001926
-0.012133
-0.011583
-0.004364
-0.010296
-0.000643
-0.013083
-0.003846
0.004435
0.007273
0.000385
0.008080
0.005048
-0.007818
0.005200
0.004600
-0.001000
-0.001200
-0.016000
-0.005400
0.004800
-0.010200
0.008600
0.002400
-0.010600
-0.004200
-0.012800
0.011600
-0.003000
-0.011000
-0.000273
-0.012462
-0.002696
-0.003000
-0.007800
0.008600
0.005636
-0.024000
-0.009000
0.009800
-0.006000
-0.014600
-0.018600
-0.015000
-0.002200
0.006800
-0.012800
-0.011400
-0.011800
-0.001692
-0.000194
-0.002467
-0.007158
0.005200
-0.006400
-0.000545
0.007455
0.008000
0.010909
0.011200
0.007000
0.015800
0.018000
0.010600
0.022200
-0.002364
0.003000
0.016200
-0.005000
0.022000
-0.026167
-0.007800
0.024400
-0.014800
-0.017500
0.001800
-0.002800
-0.006800
-0.003600
-0.001400
-0.013800
0.008200
0.009091
0.013200
0.005636
0.001273
0.008154
-0.006545
-0.000364
-0.004800
-0.002833
-0.004667
-0.015000
0.011600
-0.000667
0.000800
-0.018000
0.008200
-0.016545
-0.000182
-0.003000
0.002600
-0.001231
0.004909
-0.013800
0.006000
-0.018167
-0.009231
0.014800
0.016600
-0.000857
0.000000
0.005600
0.007200
-0.012800
-0.010600
-0.011000
0.003846
0.000615
0.015846
0.012154
0.007571
0.017000
0.013818
0.000667
0.013667
0.000667
-0.019273
0.004727
-0.015167
0.017800
0.004429
0.006200
-0.006500
-0.006000
-0.012857
-0.006000
0.012364
0.008000
-0.017167
-0.006167
0.005333
-0.007091
-0.000600
0.000333
0.001000
0.004727
0.003333
-0.008200
-0.002545
0.000154
0.004000
0.005667
-0.019200
-0.015692
-0.001455
-0.018182
-0.001231
0.008154
0.003333
0.005800
-0.011692
0.000909
-0.006000
-0.000200
0.001333
-0.002957
-0.001200
-0.014583
0.010583
0.006909
0.003000
0.006080
-0.006609
-0.005167
0.004080
0.000400
0.011143
0.004667
0.002000
0.004727
0.002957
-0.007048
0.003667
0.005619
-0.004174
-0.001083
0.005714
0.009913
