-0.013000
-0.008600
-0.010545
-0.008800
0.009400
0.001600
0.024000
0.004714
-0.027000
-0.035800
-0.014615
-0.020364
0.000214
0.008485
0.006966
0.005556
0.017867
0.024129
0.023357
0.020720
-0.021417
-0.012364
-0.014759
-0.004857
0.026400
0.029800
0.037000
0.018308
-0.013000
-0.007400
-0.006545
-0.002727
0.008182
0.006200
0.007200
-0.004000
0.019037
0.009154
0.013357
0.011875
-0.012222
-0.016929
-0.022231
-0.016000
-0.008789
-0.011733
-0.010133
-0.006833
0.094434
0.090388
0.103737
0.094548
-0.016909
-0.017937
-0.033735
-0.016789
0.175971
0.179187
0.181884
0.177151
0.075215
0.067147
0.068378
0.067921
-0.004277
0.001101
0.004841
0.009385
0.141046
0.146110
0.153768
0.144606
-0.007000
-0.023455
-0.012364
-0.003200
0.004000
0.000500
0.007818
-0.016600
0.004500
0.016571
0.010727
0.020364
0.005600
0.000400
-0.006800
0.008182
0.003833
-0.001800
-0.001733
0.009200
-0.012800
-0.003333
-0.001000
0.009200
0.009200
0.004400
-0.004364
0.009600
-0.008800
0.001200
-0.021455
0.003200
0.005400
0.003833
-0.003800
0.015571
-0.008400
-0.004545
-0.007500
-0.011636
0.018545
0.005167
-0.005455
-0.002000
-0.022200
-0.014000
-0.007400
-0.002727
0.009857
0.001000
-0.004267
-0.003857
0.008000
0.014286
0.024857
0.004400
-0.009714
-0.020875
-0.006923
-0.025200
-0.020833
-0.003500
-0.014364
-0.009600
0.014769
0.012308
0.015273
-0.004154
-0.005091
-0.004375
-0.007000
-0.004909
0.002500
0.004727
-0.002615
0.002600
0.018545
0.012286
0.003500
-0.002000
0.004889
0.005125
-0.017667
-0.014400
-0.012000
0.004400
-0.015889
-0.000600
-0.001067
0.012429
0.006714
-0.006800
-0.023800
-0.007067
0.001000
-0.021455
0.019675
0.022897
0.024425
0.033012
-0.023595
-0.024787
-0.024951
-0.025747
0.106701
0.106000
0.106427
0.107026
0.026400
0.029800
0.037000
0.018308
-0.013000
-0.007400
-0.006545
-0.002727
0.008182
0.006200
0.007200
-0.004000
0.003517
0.002071
-0.006640
-0.000643
0.001231
0.015077
0.006769
0.005364
-0.009357
-0.012000
-0.012364
-0.004167
0.000000
0.003862
0.002071
0.008357
-0.003800
0.016800
-0.007400
-0.005200
0.001400
0.004200
-0.021400
0.008000
0.000833
0.011000
-0.008000
0.002200
0.006200
-0.017200
-0.010400
-0.009400
-0.002000
0.007133
0.002345
0.011111
0.003800
0.003400
-0.005800
0.021600
-0.004400
-0.003800
-0.003600
0.009200
-0.007692
-0.002200
-0.000800
-0.004000
0.006600
-0.015600
-0.003400
0.017800
-0.008870
0.002643
-0.008258
0.001905
0.006600
-0.001273
-0.002000
-0.007600
0.000364
0.002000
0.008600
-0.001800
0.027400
0.001000
-0.003200
-0.001600
0.002200
-0.010200
0.016400
-0.002000
-0.013000
-0.008600
-0.010545
-0.008800
0.009400
0.001600
0.024000
0.004714
-0.027000
-0.035800
-0.014615
-0.020364
0.017286
0.009310
0.010667
0.010148
-0.012067
-0.007750
-0.018455
-0.024519
0.001500
0.003500
-0.006538
-0.004522
-0.005636
0.001615
0.002800
-0.000857
0.007636
-0.004800
-0.001800
0.011000
-0.001800
-0.003200
-0.013800
0.002400
0.001400
0.002200
0.019400
0.002600
0.002200
0.007600
0.001400
0.001800
-0.006364
-0.010364
0.005077
0.000957
-0.006600
-0.013600
0.009200
-0.002909
-0.009818
0.017600
0.019600
0.009333
-0.004800
-0.008400
0.005400
-0.015400
-0.005800
0.017200
0.000800
-0.004600
-0.008308
-0.008581
0.011000
-0.004000
0.002000
-0.005800
0.007455
-0.010727
0.028400
-0.006182
0.004200
-0.021800
0.006200
0.007600
-0.007200
-0.008800
0.010909
-0.010600
0.008800
-0.006000
-0.001600
0.003667
0.002200
-0.004800
0.005800
-0.009833
-0.012200
0.013200
-0.013200
0.003800
0.003200
0.014000
0.003400
-0.007273
0.017600
-0.015818
-0.003818
-0.000769
0.019273
0.006364
-0.009600
-0.003833
0.012500
0.014200
-0.002200
0.005333
0.013800
0.010308
-0.003200
0.001091
0.003455
-0.011600
0.003200
0.003077
0.013818
0.006200
0.015818
0.006500
-0.012923
0.008400
-0.002200
0.022000
-0.000400
0.013800
-0.012600
-0.004600
0.013800
0.008000
0.013846
-0.008615
0.010615
0.001077
0.006571
0.001167
0.008727
-0.007333
-0.013889
-0.007667
-0.013273
0.002000
0.005667
0.004800
0.007143
-0.005600
-0.010833
0.004000
-0.005143
-0.006462
-0.023818
-0.008500
0.006500
-0.007667
-0.010933
-0.008909
-0.020400
-0.006667
0.004667
-0.006364
0.010533
0.016000
0.000182
0.022769
-0.004000
0.016167
0.006200
-0.009077
-0.001818
-0.009273
0.002154
-0.016000
-0.000667
0.007200
-0.003385
-0.003636
0.008182
-0.001400
0.001333
-0.007217
-0.010960
0.002500
0.000917
0.007727
0.005846
-0.001120
-0.000261
-0.000917
0.003280
-0.004000
0.002381
-0.000444
-0.001565
-0.000818
-0.001739
-0.024952
-0.001417
-0.013429
0.000783
0.006417
0.010286
0.005304
