-0.007400
-0.018800
-0.012000
0.000200
0.013400
-0.005800
-0.006545
-0.008714
-0.000143
-0.002200
0.008769
-0.007818
-0.003214
-0.000848
0.007448
0.005944
0.006467
0.004968
-0.001143
0.002000
0.001250
0.008485
0.011172
0.011333
0.004600
-0.015200
0.001800
-0.008923
-0.000250
-0.014200
0.004000
0.010364
0.008545
-0.002000
-0.009400
0.005538
-0.006593
-0.005769
-0.010286
0.002250
-0.004593
0.002214
0.000769
-0.010308
-0.006684
0.008133
0.005667
0.009083
-0.006771
0.000716
0.002974
-0.000548
0.003061
-0.000500
-0.001941
-0.001296
-1.000000
-1.000000
-1.000000
-1.000000
-0.002709
0.000693
0.000730
-0.003421
0.003785
0.001391
0.002319
-0.004431
-1.000000
-1.000000
-1.000000
-1.000000
-0.006200
-0.002182
-0.018545
0.007600
0.004200
0.001333
0.000727
0.006000
-0.002500
-0.002571
0.010182
0.014545
-0.025000
-0.008000
0.003400
-0.018182
-0.006333
-0.014200
-0.006000
0.010000
-0.001200
-0.000500
-0.000600
-0.004600
-0.004200
-0.016000
0.002182
-0.007600
-0.005800
0.010200
-0.010364
-0.008600
-0.011000
-0.012833
0.006800
0.001286
-0.022400
0.014364
-0.000500
0.000000
0.015455
0.003667
0.008364
0.023091
0.007000
-0.000400
-0.011600
-0.008364
0.002429
0.003375
0.000000
0.008286
0.014286
-0.011429
-0.001286
0.004400
0.010143
0.003500
0.006615
-0.012600
-0.002000
-0.013000
0.001455
0.003200
0.008769
-0.006154
0.017818
0.019077
0.005636
-0.002625
0.012000
-0.000364
-0.001125
-0.015091
0.008154
0.008000
-0.002545
0.002714
0.005125
0.000182
0.001000
0.000625
0.018333
0.004267
0.001833
0.015600
0.001333
0.007000
-0.001200
0.005857
-0.011000
0.002200
0.010200
-0.015333
0.003833
0.010909
0.002400
0.002621
0.004450
0.000938
-0.004076
0.004787
0.005317
-0.000152
1.000000
1.000000
1.000000
1.000000
0.004600
-0.015200
0.001800
-0.008923
-0.000250
-0.014200
0.004000
0.010364
0.008545
-0.002000
-0.009400
0.005538
-0.004552
0.002286
0.006720
0.000429
0.004000
-0.009077
-0.000615
0.006091
0.005286
0.006714
0.000273
-0.008167
-0.001727
0.007448
0.000143
-0.000071
0.017600
0.008200
-0.008000
0.002600
0.022400
-0.012800
-0.005200
0.001800
-0.005833
0.008200
-0.013800
-0.007800
0.000200
-0.002600
0.014200
-0.000400
-0.008083
0.001933
-0.000759
-0.002963
-0.002400
0.004400
0.000200
-0.006000
0.013200
-0.001000
-0.009600
0.004600
0.011538
-0.012000
-0.006200
0.007600
0.003600
0.003200
0.002800
0.012200
0.001826
-0.005071
0.006903
0.002286
-0.002400
0.011091
0.006600
0.022200
-0.001818
0.000600
-0.010000
0.002400
-0.013400
-0.000800
0.004800
0.003800
-0.003600
0.001400
0.002000
-0.003000
-0.007400
-0.018800
-0.012000
0.000200
0.013400
-0.005800
-0.006545
-0.008714
-0.000143
-0.002200
0.008769
-0.007818
0.004714
-0.001517
0.000741
-0.001185
0.003867
-0.014500
-0.000455
-0.008296
0.000643
-0.006000
0.003154
-0.007217
0.002091
-0.007538
0.009840
0.010476
-0.002364
0.007800
0.006800
0.000200
0.013200
0.002000
0.000400
-0.009400
0.017400
-0.002400
-0.001000
-0.008000
-0.019000
0.004400
-0.008000
-0.014400
-0.000273
-0.009545
0.002077
0.013739
0.001000
0.013800
0.006600
-0.010182
0.008000
0.005400
0.002400
-0.001667
0.002200
-0.013000
-0.008000
-0.000400
-0.004800
-0.009600
-0.013600
0.006000
0.012846
0.003161
-0.005600
-0.002947
0.017600
0.002000
0.001636
-0.004545
-0.008000
0.004545
-0.005800
0.010600
-0.003600
0.017800
0.000400
-0.003800
-0.005273
-0.006400
0.005400
0.012400
0.006600
0.001000
0.010200
-0.001000
0.005000
-0.006667
-0.001200
-0.025200
0.009600
0.011000
-0.001000
-0.002200
0.004400
-0.006727
0.010400
-0.025818
0.021455
-0.004615
-0.021091
-0.000909
0.010600
-0.016667
0.008833
0.003200
0.002200
0.005833
0.019800
0.007538
0.000800
0.007091
0.004727
0.000000
0.000400
0.008308
0.003818
-0.008000
-0.001091
-0.006500
-0.000462
-0.005600
-0.015400
0.000429
-0.007400
-0.007000
-0.013600
0.004800
0.006600
0.003800
0.011231
-0.001077
-0.005077
-0.012769
0.008429
0.000333
0.008182
0.005000
0.002778
0.004500
-0.014545
-0.026909
0.005333
-0.011200
-0.001857
-0.000800
0.012500
-0.000444
0.003143
0.003692
-0.007818
-0.011833
-0.005333
-0.003000
0.001067
-0.005455
0.002000
0.015833
0.002667
-0.022545
0.002000
-0.011200
0.003091
0.008308
-0.005273
-0.007667
0.001600
-0.004923
-0.000182
-0.000727
0.009692
-0.013231
0.001000
0.011400
0.011692
-0.008364
0.002182
-0.001400
-0.001000
-0.009478
-0.008640
-0.004750
0.002833
-0.001182
-0.000231
0.001200
-0.000957
0.006583
0.005120
0.002880
-0.000476
0.004444
-0.000174
0.002909
0.001217
-0.007429
0.008583
-0.010857
0.005565
0.008083
-0.002000
0.016957
