-0.002000
-0.022800
-0.019818
-0.010000
0.021200
0.013600
0.020727
0.013000
-0.011143
-0.022000
-0.015538
-0.033818
0.004500
-0.001697
0.010966
0.008222
0.017067
0.010129
0.022214
0.028320
-0.025833
-0.012303
-0.017241
-0.006476
0.024800
0.022400
0.029400
0.014462
-0.003750
-0.000200
-0.011818
-0.007818
0.022000
0.013400
0.010800
0.006000
0.010074
0.004308
0.007643
0.000125
-0.034889
-0.012643
-0.018077
-0.017615
-0.005895
-0.010133
-0.010067
-0.021583
0.091590
0.093463
0.096842
0.098630
-0.015394
-0.021125
-0.022471
-0.018732
0.187072
0.183875
0.181971
0.184986
0.072937
0.074373
0.073595
0.066395
0.004369
-0.001246
0.003536
-0.000677
0.162154
0.160904
0.156638
0.157879
0.014800
-0.007636
0.006727
-0.002400
-0.000400
-0.008500
0.004909
0.012000
0.013833
0.014000
0.020000
0.008000
0.001200
-0.003200
0.022600
-0.006364
-0.016000
-0.003000
0.007467
0.003800
-0.012000
-0.003000
-0.012200
0.001200
0.004400
-0.010400
0.017091
0.009800
0.004200
0.017400
-0.016909
-0.000600
0.000400
-0.003833
-0.003600
0.004714
-0.011200
-0.002182
0.002500
-0.004727
0.002182
0.008167
0.005455
0.009091
-0.008400
-0.015600
-0.010000
0.002000
-0.015000
-0.011750
0.006800
-0.002857
0.001429
0.010000
0.029857
0.002533
-0.006429
-0.010250
0.000923
-0.014600
-0.005500
-0.005500
0.003091
0.013800
0.014000
0.013692
0.014182
0.004000
-0.019455
-0.011375
-0.005500
-0.005818
-0.009750
0.004909
-0.008308
0.004800
0.007636
0.001857
0.005000
0.008000
0.011889
-0.013000
-0.012500
-0.006400
-0.006000
-0.004267
-0.012556
-0.004600
0.016267
-0.001000
0.009857
0.013600
-0.000200
0.006667
-0.019500
-0.019091
0.020800
0.028483
0.021800
0.022765
-0.020025
-0.021169
-0.020098
-0.024253
0.113688
0.115700
0.105280
0.111923
0.024800
0.022400
0.029400
0.014462
-0.003750
-0.000200
-0.011818
-0.007818
0.022000
0.013400
0.010800
0.006000
0.009241
-0.008357
0.005440
0.005571
0.000385
0.000308
0.010000
-0.006091
-0.008643
-0.007929
-0.022727
-0.009250
0.000636
0.006276
-0.000143
0.012143
0.020000
-0.004800
0.016000
-0.008600
-0.008600
0.007000
-0.001400
-0.004800
-0.003167
0.003400
0.005800
0.005600
-0.027200
0.004200
0.020800
0.002200
0.009500
0.001000
0.016345
0.010222
0.014600
0.002200
-0.007800
-0.012800
-0.002200
0.002000
0.003200
0.027000
0.002154
-0.005600
-0.001200
0.006800
0.005800
-0.014600
0.019600
0.007000
-0.008522
0.006143
0.000774
0.003905
0.005800
-0.017636
-0.010000
0.002400
-0.012364
0.008200
-0.005600
-0.002200
-0.012400
0.002400
-0.004000
0.011000
0.012400
0.006600
-0.000800
-0.006000
-0.002000
-0.022800
-0.019818
-0.010000
0.021200
0.013600
0.020727
0.013000
-0.011143
-0.022000
-0.015538
-0.033818
0.015786
0.007517
0.011926
0.018889
-0.017533
-0.014083
-0.009273
-0.019852
0.011929
0.003333
-0.002462
-0.005565
0.004727
0.015846
0.005040
0.001429
-0.003818
-0.003600
-0.001600
-0.001600
0.004600
0.002200
0.004000
-0.022000
-0.007400
-0.003000
-0.003400
0.006200
0.014600
0.013200
-0.015600
0.009000
-0.008364
0.000364
-0.002692
-0.003826
0.012600
0.011000
0.002800
-0.006182
-0.003818
0.000200
0.013800
0.007000
-0.021600
0.017400
0.007000
-0.000600
-0.005200
0.000600
-0.004200
-0.000200
-0.004385
-0.003419
-0.003400
-0.001789
0.001600
0.003400
0.000000
0.000000
0.020000
0.014545
-0.005000
0.012400
0.010200
0.000800
-0.017200
-0.001200
0.008727
-0.010200
0.001600
-0.002200
0.003800
-0.004667
0.003600
0.019400
-0.001600
-0.005167
-0.006000
-0.015200
-0.016000
-0.018000
0.006000
-0.005600
0.009200
0.001818
-0.009600
0.006000
0.013818
-0.006462
-0.001455
0.018000
-0.013200
-0.004167
0.005167
0.021000
0.003400
0.005667
-0.005000
-0.000308
-0.005200
0.002000
-0.009636
0.006400
0.019200
0.011692
0.005273
0.013200
-0.018545
-0.009833
-0.016462
0.014800
0.003400
0.010000
-0.007600
0.018400
0.013600
0.003600
-0.020800
0.000800
0.000769
0.011692
0.001846
-0.004462
0.001429
0.004667
0.001455
0.007000
0.000667
0.008000
-0.012364
-0.001455
0.001667
0.011400
0.002714
0.009400
0.000167
0.005778
0.001857
0.002923
0.011091
-0.014000
0.006833
0.001833
0.008267
-0.010364
0.001800
-0.028333
0.010333
-0.002727
-0.008800
0.000800
0.020545
0.013231
-0.016364
0.006667
-0.007400
0.002923
0.002000
-0.021455
0.007231
0.000615
0.009333
0.006800
-0.011846
0.003636
0.005636
-0.006400
0.000167
0.001217
0.000480
0.014583
0.003667
0.004364
0.002538
-0.001040
-0.003565
-0.010500
0.008720
-0.004640
0.004286
-0.000741
-0.005130
0.002273
0.003478
-0.013619
-0.007500
-0.004286
-0.004696
0.012833
-0.007214
0.009304
