-0.014600
-0.000400
-0.017455
-0.009000
0.013800
0.011800
0.001273
0.000714
-0.029000
-0.041400
-0.044154
-0.035455
0.013714
0.013273
0.002276
0.010556
0.024467
0.010581
0.024786
0.020560
-0.003167
-0.016727
-0.008345
-0.017238
0.038400
0.006000
0.031200
0.023385
-0.022750
-0.035000
-0.012182
-0.023455
0.012909
0.013600
0.022800
0.007692
0.002741
0.004077
0.016143
0.014125
-0.014741
-0.023357
-0.007385
-0.032000
-0.002211
-0.008333
-0.012733
-0.004000
0.098747
0.098507
0.100553
0.099123
-0.022121
-0.014687
-0.022265
-0.026254
0.182580
0.182406
0.181333
0.182904
0.070582
0.074720
0.067486
0.075053
0.003108
0.004551
0.003159
0.000615
0.150215
0.157452
0.159768
0.158909
0.011800
-0.005091
-0.005636
0.003600
-0.004800
-0.016667
-0.002909
0.002000
0.001167
0.017571
0.006182
0.009818
0.006800
-0.007000
0.006800
-0.013091
0.001167
-0.015000
-0.008667
-0.002400
-0.003600
0.005500
0.014400
-0.015000
0.005600
-0.015200
0.001636
-0.004600
0.003600
0.000000
-0.002545
0.003800
0.002000
0.007500
-0.011000
0.003714
0.008200
0.005818
0.005000
0.009091
0.002000
0.011500
0.005273
0.018727
-0.012200
0.004000
0.001800
-0.011091
0.001429
0.001625
-0.000400
-0.015571
0.009000
0.005143
0.007000
0.026800
0.001429
-0.010375
-0.021077
-0.007600
-0.010167
-0.026500
0.008545
-0.003600
0.003231
0.002154
0.022364
0.007538
0.000545
-0.003375
-0.001500
-0.003091
0.004625
0.010364
-0.010615
-0.018000
0.003455
0.005571
0.001250
0.003455
0.011778
-0.002875
-0.010167
-0.006667
-0.006667
-0.001467
-0.007667
0.010200
0.013467
0.013143
0.014714
-0.001600
-0.011800
-0.010800
-0.007000
-0.019091
0.028600
0.025287
0.017800
0.026099
-0.019165
-0.025303
-0.023659
-0.022025
0.110727
0.115250
0.113360
0.108846
0.038400
0.006000
0.031200
0.023385
-0.022750
-0.035000
-0.012182
-0.023455
0.012909
0.013600
0.022800
0.007692
0.000414
0.002857
0.006400
0.000000
0.008000
0.011077
0.011846
0.010545
-0.019071
-0.004786
-0.010455
-0.019083
-0.000273
0.008897
-0.007214
-0.000071
-0.009000
-0.001600
0.009600
0.017000
-0.001600
-0.008400
0.008400
0.001000
0.001000
-0.011000
0.004200
-0.008800
-0.003000
0.002400
0.001200
-0.019000
0.008667
0.004000
0.003517
0.006889
0.011000
0.022400
0.001600
0.017000
-0.008400
-0.002600
0.017400
-0.000600
-0.001231
-0.002000
0.005600
-0.010800
-0.005800
-0.003400
0.005400
0.002600
-0.019391
-0.013143
-0.006645
-0.010000
0.006400
-0.001273
0.024000
0.002200
-0.010545
-0.004800
0.005200
-0.009800
0.008200
0.015200
0.008800
-0.012600
0.012600
-0.002400
0.012200
-0.007800
-0.014600
-0.000400
-0.017455
-0.009000
0.013800
0.011800
0.001273
0.000714
-0.029000
-0.041400
-0.044154
-0.035455
0.008571
0.004759
0.009926
0.015704
-0.006267
-0.011333
0.002364
-0.021630
0.014643
-0.005583
-0.004154
0.005478
-0.002182
0.002462
-0.003200
0.010476
-0.015273
-0.002200
-0.004400
-0.006400
0.026800
-0.000800
0.002600
-0.004800
0.013800
0.003600
0.001400
-0.001800
0.008000
-0.017000
-0.013000
0.010400
-0.015636
-0.003455
-0.014692
0.002087
-0.008600
0.000600
-0.003000
-0.007818
-0.000182
-0.003200
0.002400
0.004833
-0.001400
0.004800
-0.009200
-0.002800
0.033600
-0.007000
0.004400
0.006600
-0.000308
-0.001419
0.000200
0.000842
0.011600
-0.013400
-0.004909
0.006909
0.002200
-0.024909
-0.005600
0.012400
-0.026400
0.003400
0.004200
-0.002000
-0.002182
-0.002600
-0.003400
-0.006000
0.001600
0.008167
-0.006600
0.001600
-0.001600
-0.001167
0.012000
0.004800
0.002600
-0.004600
-0.012000
0.023800
0.014400
0.004364
-0.019600
0.008727
0.003818
0.011846
-0.001818
-0.001455
0.005800
0.006000
0.000833
0.002400
0.012200
-0.001333
-0.002400
-0.009846
0.004800
0.008182
0.009455
-0.000400
-0.005400
-0.009692
-0.000909
0.000800
-0.007818
-0.006833
0.004615
0.017000
-0.000600
0.007000
0.009000
0.010000
-0.002600
-0.013200
-0.000200
-0.007200
-0.002923
-0.006462
-0.001846
0.005231
-0.008857
0.000667
0.009273
0.011500
-0.011778
-0.007000
-0.004545
-0.004000
0.010000
-0.013400
-0.000714
0.003800
-0.009500
0.005222
0.005714
-0.015692
-0.011091
0.001500
0.000167
-0.017833
-0.005467
-0.007273
-0.010000
0.010667
-0.002000
-0.004727
0.012533
0.001200
0.003455
0.013692
-0.008545
-0.001167
-0.014400
-0.010462
-0.001091
0.001455
-0.002462
0.011231
0.000000
-0.001800
-0.014462
-0.016727
-0.008364
0.006000
-0.004250
-0.007478
0.014240
0.007250
0.015167
0.001727
0.001154
-0.004720
-0.009478
-0.006333
-0.001440
-0.005360
-0.002190
-0.003630
-0.010261
0.002091
-0.002435
0.000190
0.003333
0.000286
-0.003478
-0.005167
-0.002214
0.002522
