-0.009231
-0.045714
0.057143
0.006154
0.073846
0.040000
-0.072000
0.080000
-0.048000
0.008000
0.064000
0.064000
-0.016000
0.064000
0.088000
0.022857
-0.005714
0.009231
0.006154
0.015385
-0.032000
0.000000
0.016000
-0.016000
-0.056000
0.040000
-0.072000
0.032000
-0.120000
0.048000
-0.072000
-0.024000
0.056000
-0.088000
0.024000
-0.040000
0.016000
0.080000
0.008000
0.056000
0.048000
0.040000
-0.048000
0.048000
0.088000
-0.056000
0.120000
0.040000
-0.008000
0.016000
-0.096000
0.064000
-0.072000
0.112000
0.096000
0.072000
-0.096000
0.080000
0.096000
0.040000
0.080000
0.057143
0.000000
-0.009231
0.036923
-0.048000
0.025000
-0.040000
0.104000
-0.072000
0.032000
0.020000
0.072000
-0.064000
0.000000
