0.033846
0.034286
0.040000
-0.012308
-0.052308
0.048000
-0.056000
-0.048000
-0.104000
0.120000
0.072000
0.040000
0.072000
0.000000
0.024000
0.045714
0.062857
0.030769
0.033846
-0.015385
0.040000
0.016000
0.016000
0.024000
-0.008000
-0.040000
-0.024000
0.016000
0.008000
-0.072000
0.104000
-0.024000
-0.040000
-0.056000
-0.048000
0.032000
-0.064000
0.000000
0.016000
-0.040000
0.056000
-0.056000
0.000000
0.088000
-0.008000
-0.008000
-0.096000
0.040000
0.024000
0.048000
-0.008000
0.040000
-0.024000
0.008000
-0.032000
0.048000
-0.072000
-0.064000
-0.064000
-0.056000
0.034286
0.080000
-0.062857
-0.018462
0.021538
0.032000
-0.030000
0.104000
0.088000
-0.024000
0.024000
-0.060000
0.048000
-0.016000
0.008000
