0.003400
0.017857
0.014667
0.000250
0.004500
-0.016800
-0.003800
-0.004727
-0.003800
-0.014600
-0.004000
0.027600
-0.010200
0.000000
0.037400
-0.004714
0.002857
0.000133
0.004800
-0.001500
-0.001000
-0.007200
-0.005000
0.008600
-0.008000
0.008200
-0.008800
0.013400
0.014200
-0.017800
-0.000800
-0.003600
0.000000
-0.001600
0.004000
-0.007600
-0.010200
0.019800
-0.001200
0.004400
0.000600
-0.004800
-0.000800
0.001800
-0.009800
0.010000
-0.008000
-0.006000
0.005600
-0.012800
-0.018200
0.001455
-0.011400
0.014000
-0.002200
0.011600
0.019200
0.005000
0.003200
-0.000800
-0.001857
-0.003857
0.003500
-0.002500
0.002400
-0.014600
-0.009000
0.009400
0.008000
-0.015000
0.006200
-0.006133
0.015800
0.016600
-0.002800
