-0.004200
0.004571
0.001333
0.003375
-0.006500
-0.014200
-0.012000
-0.011818
0.017800
-0.035200
0.020800
-0.002000
0.009200
0.019400
0.004000
-0.005571
0.003000
0.017333
0.001500
0.014100
-0.007200
-0.014600
-0.018600
-0.005600
0.015600
-0.000600
0.011800
0.016000
-0.000400
-0.006200
-0.010400
-0.013200
-0.009400
-0.005800
0.018800
0.009200
0.007400
0.002800
-0.006000
-0.006000
0.003000
0.000400
-0.018000
-0.000400
0.015600
-0.003400
-0.000200
-0.007600
0.009000
0.000200
0.008400
-0.018182
0.026200
-0.011000
0.001800
0.004400
-0.009600
-0.003800
0.009800
0.015800
-0.009571
0.022429
0.011333
0.006125
-0.003000
-0.011400
-0.001000
0.010800
-0.017400
0.002800
0.002600
-0.020133
-0.002000
-0.014200
-0.001800
