0.002200
-0.008571
0.009500
-0.009375
0.005900
-0.010400
-0.016000
0.004909
0.015200
0.005600
-0.013000
0.007800
0.003600
0.016600
0.018200
-0.003429
0.003143
-0.006000
0.002400
0.012600
0.000400
-0.009600
0.007000
-0.000800
-0.010200
0.026000
-0.000400
0.005400
0.018200
0.018400
0.000200
-0.000600
-0.013200
0.006600
0.010600
-0.004600
0.007600
0.012200
-0.005400
-0.018000
-0.007600
0.007000
0.003400
-0.005000
-0.001600
0.005200
-0.000200
-0.001200
-0.002800
0.028600
-0.015800
0.005636
0.005000
-0.011400
-0.008800
-0.013400
-0.000200
0.014000
0.016600
-0.000200
0.008429
0.008571
-0.001000
0.013500
0.003100
-0.012800
-0.011600
0.012600
0.012400
-0.000600
-0.003800
0.004667
-0.004400
0.013200
0.009000
