-0.004200
-0.016714
-0.013833
-0.022500
-0.018900
-0.018600
0.004400
-0.008545
-0.029200
-0.001600
-0.016600
-0.001600
-0.016000
0.002800
0.061200
-0.006571
-0.021714
-0.015600
-0.002300
0.013000
-0.022600
-0.019600
-0.015000
-0.003800
-0.004200
-0.014200
-0.010200
-0.005400
0.012000
0.001200
0.020000
0.009200
0.009200
-0.001800
0.006400
-0.000400
-0.004600
0.016800
-0.004000
0.004200
0.006400
-0.003000
-0.011200
-0.013400
-0.010600
0.000400
-0.017600
-0.005400
0.002400
-0.014600
0.011000
-0.017455
0.003400
0.009800
-0.006000
-0.002000
-0.017600
0.004800
-0.012400
-0.015400
-0.002286
0.007286
0.008000
-0.007250
0.000900
-0.028400
0.001600
0.018400
0.005000
-0.009800
-0.015200
-0.017467
0.001600
-0.016000
-0.003600
