-0.013600
-0.002286
0.002833
-0.004625
0.010100
-0.004600
-0.022000
-0.013091
-0.016000
0.013400
0.002200
0.003600
-0.006400
-0.010000
0.027000
-0.010286
-0.003143
-0.019200
0.024000
-0.010900
-0.011800
-0.024600
0.006200
0.000400
0.014600
-0.002000
-0.002400
-0.007800
0.019200
0.006400
-0.010200
0.001200
0.005800
-0.009200
0.010200
-0.000400
0.005600
-0.003000
0.014600
0.008000
-0.003000
-0.002400
-0.011400
0.005800
0.021200
-0.013800
-0.012800
-0.002200
0.017000
0.004800
-0.010200
-0.000909
-0.003600
0.011600
-0.003200
-0.000600
-0.010800
0.001000
-0.000400
0.016600
0.010286
-0.001429
-0.000500
0.004000
-0.005200
0.011600
0.014200
-0.002000
-0.000400
-0.014000
0.006200
0.000000
0.012800
0.003200
0.011800
