-0.040300
-0.010143
-0.034500
-0.049750
-0.048800
-0.000400
-0.004200
-0.039636
-0.025200
-0.084400
-0.035600
-0.010600
-0.021200
0.009400
0.018200
-0.021143
-0.014714
-0.060133
0.003200
-0.029400
0.026200
-0.019400
-0.044800
-0.020400
-0.010800
-0.042200
-0.060600
-0.033000
-0.064400
-0.037600
0.003400
0.004600
0.014000
0.004400
0.008400
0.001800
-0.027000
0.027600
0.008000
-0.000800
-0.017600
0.028800
0.024600
0.017000
0.024400
-0.000200
-0.021400
-0.007600
0.004200
-0.003400
-0.011800
-0.003636
-0.017000
-0.017600
-0.022600
-0.011400
0.000600
-0.007200
-0.014600
0.010000
-0.002143
-0.001143
0.023000
0.005000
0.010400
0.002200
-0.005600
0.006800
-0.006400
-0.010800
-0.029400
-0.022933
-0.015200
-0.010600
-0.009400
