-0.016200
-0.017857
-0.043000
-0.037625
-0.018500
-0.028400
0.012800
-0.002545
-0.067600
-0.076200
0.004200
-0.020400
-0.022400
-0.008600
-0.014200
-0.023571
-0.013286
-0.027600
-0.018300
-0.004000
-0.026000
-0.034800
-0.035000
-0.023600
0.001000
0.006600
-0.024800
0.001600
0.004400
0.009200
0.023000
0.029800
-0.017200
0.004400
0.014600
0.000400
0.003200
-0.005400
0.011800
0.018400
0.002400
0.007200
0.000000
-0.003400
-0.009400
0.006600
0.001800
-0.006400
0.012800
-0.015800
-0.000400
-0.015818
0.009200
-0.002600
-0.015800
0.017200
-0.011200
0.010400
0.001200
-0.022800
-0.002714
0.006571
0.001667
-0.006500
0.008500
-0.003200
0.003200
-0.004800
0.006000
-0.006800
0.014800
-0.009067
0.004000
-0.005800
0.013400
