-0.011400
-0.036143
-0.064833
-0.036625
-0.010600
-0.039200
-0.033400
-0.048727
-0.047000
-0.083000
-0.015000
-0.030600
-0.067600
-0.042200
-0.012800
-0.023714
-0.025857
-0.039733
-0.014600
-0.003300
-0.010600
-0.021800
-0.049600
-0.009200
-0.018800
-0.036200
-0.038200
-0.043800
-0.013200
-0.034000
0.012200
-0.003600
0.004000
0.010400
0.010800
0.004600
0.025200
0.003000
0.000200
-0.012800
0.002200
0.010600
0.003800
0.026200
0.026000
-0.004200
-0.007600
-0.032400
0.004000
0.019000
0.006400
-0.031455
-0.012800
-0.012400
0.003600
0.009200
-0.017600
-0.016000
-0.002200
-0.007400
0.004429
-0.006286
0.004000
0.016625
-0.007100
-0.003000
-0.004800
0.007000
-0.027800
-0.011400
-0.036000
-0.027333
-0.001200
-0.000200
-0.018000
