-0.009100
-0.021429
-0.003667
-0.039750
-0.044900
-0.031800
-0.019600
-0.045636
0.006200
-0.046600
-0.012800
0.004600
-0.042400
0.018800
0.034400
-0.016857
-0.024143
-0.039067
-0.002200
-0.006900
-0.027600
-0.015200
-0.035800
-0.026000
-0.002400
-0.003400
-0.020000
-0.037200
-0.036400
-0.019200
-0.013800
-0.003200
0.015000
0.015600
0.001800
-0.004000
0.013600
0.000400
0.009000
0.004400
-0.002200
0.020200
-0.019200
0.016800
0.024000
0.000200
-0.009000
0.016800
0.009600
-0.018000
-0.001400
-0.025818
-0.000400
-0.007400
0.002200
0.003200
-0.017600
0.004000
0.002000
-0.015000
0.009714
0.003286
0.007667
0.011625
-0.010800
-0.009000
-0.006400
0.000800
-0.007800
0.005000
-0.008200
-0.019467
-0.007800
0.003200
0.002000
