-0.028100
-0.134571
-0.151833
-0.110000
-0.256500
0.010800
-0.063400
-0.168545
-0.137200
-0.206600
-0.151000
-0.176200
-0.166800
-0.096600
-0.059800
-0.189429
0.039429
-0.116800
-0.135500
-0.280000
-0.137400
0.015800
-0.144800
-0.104000
-0.281600
-0.051400
-0.293800
-0.323600
-0.381000
-0.246400
0.093800
-0.183400
-0.117400
-0.017800
0.004000
0.102400
-0.038000
-0.017600
0.039800
0.114400
0.128600
0.165000
0.118000
0.212000
0.142400
-0.133400
0.029200
0.040000
-0.050400
-0.102200
-0.005600
0.140000
0.107600
0.015600
0.028200
-0.116000
-0.220800
-0.098400
-0.203600
-0.071400
-0.054714
0.162857
0.159333
0.081875
0.101700
-0.050600
0.161200
0.138600
0.073600
0.119800
-0.076400
-0.095867
-0.083800
-0.067600
-0.045000
