0.063500
0.014000
-0.000667
-0.025250
-0.111900
0.077400
-0.017800
-0.016727
-0.038000
-0.036400
-0.513000
-0.557400
-0.561400
-0.550400
-0.463000
-0.349714
0.023714
-0.090800
-0.123600
-0.327600
-0.320000
-0.000600
-0.100400
-0.124400
-0.333800
-0.532200
-0.568000
-0.539200
-0.608200
-0.494200
-0.105000
-0.349400
-0.306800
-0.252400
-0.229800
0.166200
0.006400
0.046000
0.012200
0.077800
0.357400
0.283200
0.336200
0.326400
0.233600
-0.106800
-0.002800
-0.035800
-0.023800
-0.076400
0.072000
0.304182
0.283400
0.246200
0.213600
-0.393400
-0.311400
-0.332000
-0.330400
-0.167600
0.018000
0.094286
0.113500
0.098000
0.080900
0.023400
0.117600
0.080200
0.076800
0.031400
0.263600
0.321200
0.298200
0.364200
0.330800
