-0.072500
-0.093714
-0.069333
-0.112875
-0.121000
-0.083600
-0.047000
-0.084909
-0.108800
-0.094800
-0.056400
-0.078200
-0.157600
-0.042600
-0.074600
-0.019857
-0.052857
-0.073067
-0.053400
-0.063100
-0.083000
-0.018000
-0.083400
-0.088400
-0.091600
-0.078800
-0.088000
-0.144000
-0.160800
-0.161800
-0.021600
-0.005000
0.064400
0.033600
0.047600
0.009800
-0.023200
0.035000
0.006400
0.005800
0.000400
0.047200
0.055600
0.050000
0.036400
0.010200
-0.017600
-0.047400
-0.003000
0.001000
0.007000
-0.007273
-0.029000
-0.057400
-0.015400
-0.006800
-0.003200
-0.062400
-0.079200
-0.022200
0.011000
0.063429
-0.009833
0.005375
0.013700
0.020200
0.019000
0.001800
-0.029200
0.030000
-0.003200
-0.079867
-0.015600
-0.025400
0.037200
