-0.018300
0.005000
0.004167
-0.012125
-0.005100
-0.001000
-0.020000
0.007455
0.007400
-0.002200
-0.964000
-0.962000
-0.976000
-0.929200
-0.966400
-0.000429
0.001571
0.011333
-0.006000
-0.003300
-0.001800
0.005200
-0.010000
0.001200
0.002800
-0.960200
-0.968200
-0.929600
-0.971000
-0.971400
0.006600
-0.014400
0.003200
-0.009200
0.004800
0.001400
-0.014800
-0.006000
-0.003000
-0.006400
0.002800
-0.009000
0.003400
0.005400
-0.008200
0.000200
0.006000
-0.000600
0.002800
-0.001600
-0.001800
0.005636
-0.010200
-0.006000
0.023200
0.001800
-0.007000
0.015000
-0.015200
-0.008800
0.004714
-0.004571
0.002333
-0.015250
-0.007800
-0.002800
0.008400
-0.000800
0.002600
-0.007800
0.962200
0.968533
0.924000
0.919800
0.965400
