-0.082200
-0.149429
-0.125833
-0.181250
-0.214700
-0.011200
-0.050600
-0.074364
-0.181800
-0.193000
-0.204200
-0.047600
-0.048800
0.001400
-0.075600
-0.117000
-0.053143
-0.119600
-0.100800
-0.087900
-0.047600
-0.003800
-0.078000
-0.088400
-0.193400
-0.075400
-0.157200
-0.270200
-0.261600
-0.111800
0.022000
-0.042600
0.028200
0.044600
0.132600
0.028800
-0.075000
-0.015400
-0.011400
0.024200
0.025000
0.054000
0.098800
0.065400
0.029200
-0.026200
0.119000
-0.028000
-0.013600
-0.075200
-0.023800
-0.013273
-0.039200
-0.031400
-0.055200
0.038400
-0.064000
-0.058600
-0.113200
0.023200
0.037714
0.100571
0.059667
0.018750
-0.018000
0.028400
0.080400
0.035200
0.010200
0.011200
-0.021600
-0.137067
-0.034000
-0.080600
0.011400
