-0.060900
-0.084000
-0.083333
-0.085000
-0.069500
-0.013800
-0.070400
-0.027636
-0.074800
-0.090800
-0.050400
-0.013400
-0.077800
-0.043600
-0.039600
-0.009286
-0.043571
-0.052000
-0.041500
-0.036300
-0.034000
-0.025000
-0.061800
-0.067600
-0.061400
-0.056400
-0.124800
-0.106000
-0.130000
-0.068800
0.002400
0.006600
0.006400
0.014400
0.005800
0.003600
0.005200
-0.011000
0.025000
-0.010400
-0.012800
0.031800
0.068200
0.024600
0.008400
0.005800
0.000200
-0.000400
0.001600
0.002000
0.016400
-0.025455
-0.035000
-0.005800
-0.006000
0.012000
-0.029600
-0.029400
-0.044600
0.003200
-0.006571
-0.005857
-0.005167
0.010625
0.016000
0.013800
-0.008600
0.007800
-0.010800
-0.016600
-0.016400
-0.054800
-0.018200
0.003200
-0.002400
