-0.006600
-0.023286
-0.004833
-0.016375
-0.020200
-0.012200
-0.007000
-0.024000
-0.017000
-0.037400
-0.015400
-0.008000
-0.016800
-0.002600
-0.004800
0.001143
-0.009000
0.011467
-0.006000
0.006700
-0.005400
-0.028400
-0.007000
-0.018600
-0.020400
-0.010800
-0.017000
0.000400
-0.012800
-0.012200
-0.004600
0.013600
0.002400
-0.000400
-0.015600
-0.004800
0.000400
-0.004800
0.010000
0.018400
-0.010400
0.008000
-0.008800
0.006800
-0.003800
0.005400
-0.025000
-0.014000
-0.006800
-0.003600
-0.011000
-0.011818
0.003200
-0.003400
0.005000
-0.028400
0.008400
-0.001200
0.004000
-0.014600
-0.011714
0.036000
0.006500
0.008750
0.000900
-0.000800
0.000600
-0.024600
-0.016000
0.015400
0.000200
-0.002000
0.012000
0.012600
0.005000
