-0.255400
-0.248000
-0.256545
-0.251600
0.053800
0.049600
0.057455
0.056000
0.297429
0.289600
0.305077
0.302727
-0.292714
-0.295939
-0.290552
-0.288556
-0.047200
-0.046581
-0.055286
-0.053600
0.253083
0.232303
0.239241
0.234571
-0.053400
-0.063000
-0.060600
-0.040154
0.247250
0.244000
0.242000
0.238364
-0.303091
-0.281200
-0.297800
-0.288462
0.053704
0.054923
0.053857
0.061125
0.294519
0.294571
0.296538
0.292846
-0.239895
-0.239867
-0.240000
-0.236250
-0.002434
-0.005851
-0.005500
-0.002164
0.000697
0.005219
-0.003000
-0.001155
-0.527652
-0.528719
-0.527739
-0.529890
-0.171747
-0.170160
-0.169865
-0.175263
-0.164308
-0.162174
-0.168986
-0.161354
-0.571631
-0.574384
-0.571536
-0.576182
-0.146200
-0.177091
-0.185091
-0.175200
0.000400
-0.020833
-0.028909
-0.033200
-0.170833
-0.164571
-0.169818
-0.171455
-0.026600
-0.011000
-0.017600
-0.018000
0.163333
0.158000
0.156000
0.158400
0.171800
0.174000
0.144600
0.171800
-0.160800
-0.178800
-0.172909
-0.162000
0.009200
-0.013000
-0.006364
0.007600
-0.179200
-0.169833
-0.173200
-0.174143
-0.016200
0.014545
0.000167
0.006364
0.008545
-0.008833
-0.012000
-0.013636
-0.021000
0.018600
0.017000
-0.016182
0.157714
0.159875
0.169733
0.167429
-0.066000
-0.075286
-0.092000
-0.081333
0.180857
0.174000
0.171692
0.185600
-0.084333
-0.091500
-0.068909
-0.068000
-0.074000
-0.067692
-0.064727
-0.092154
-0.071818
-0.070125
-0.085333
-0.068727
0.141625
0.162364
0.151846
0.132000
-0.051636
-0.061429
-0.068000
-0.044727
0.138556
0.151500
0.139500
0.154533
-0.063333
-0.048133
-0.054667
-0.059400
-0.039333
-0.053857
-0.070000
-0.059200
-0.065600
-0.055467
-0.041167
-0.046727
0.083875
0.087747
0.080450
0.072815
0.075570
0.070944
0.080756
0.076911
0.304571
0.304375
0.303467
0.313000
-0.053400
-0.063000
-0.060600
-0.040154
0.247250
0.244000
0.242000
0.238364
-0.303091
-0.281200
-0.297800
-0.288462
0.216759
0.207786
0.213920
0.217714
0.029923
0.017769
0.017692
0.025818
0.050429
0.055000
0.053636
0.054167
0.044636
0.045931
0.038929
0.041500
-0.042800
-0.044600
-0.037800
-0.042600
-0.044600
-0.054400
-0.063000
-0.048800
0.031667
0.035000
0.048800
0.029000
0.010000
0.010400
-0.014600
0.005400
-0.041667
-0.047267
-0.051034
-0.045556
-0.036600
-0.064800
-0.051800
-0.045400
-0.027200
-0.058400
-0.059400
-0.037400
0.017692
0.035800
0.047400
0.039000
-0.011200
0.007000
-0.019400
-0.011000
-0.205304
-0.194357
-0.195677
-0.195429
0.012200
0.002000
0.001600
0.001000
0.041273
0.050600
0.034000
0.034200
0.010800
0.004600
-0.014200
0.002000
0.016400
0.018400
0.013400
0.032000
-0.255400
-0.248000
-0.256545
-0.251600
0.053800
0.049600
0.057455
0.056000
0.297429
0.289600
0.305077
0.302727
-0.030000
-0.025862
-0.024074
-0.030444
-0.208000
-0.215333
-0.222818
-0.224222
-0.051857
-0.053833
-0.050923
-0.047478
0.055091
0.039923
0.036400
0.041524
0.051091
0.037000
0.058200
0.044800
0.051600
0.054000
0.055000
0.046800
-0.051200
-0.052200
-0.052400
-0.064800
-0.006800
0.005600
0.004400
-0.002200
-0.030273
-0.036273
-0.039615
-0.030870
0.061800
0.049800
0.046400
0.056909
0.049636
0.035200
0.032800
0.044500
-0.046600
-0.031400
-0.050600
-0.034800
-0.005600
0.008000
-0.007600
0.007000
0.179846
0.178774
0.188600
0.186842
-0.019400
-0.014800
0.014909
-0.012909
-0.033800
-0.012727
-0.030800
-0.013400
-0.018800
0.001200
0.004800
0.015400
-0.048364
-0.016000
-0.024000
-0.047000
0.022200
0.027333
0.030200
0.036200
-0.010200
-0.002667
0.003200
-0.008800
-0.021800
-0.011000
-0.023600
-0.028400
0.006400
0.004545
-0.003200
0.001818
0.015818
0.014462
0.026909
0.026727
-0.003800
-0.002500
-0.016667
-0.000800
-0.024200
-0.029000
-0.024400
0.001385
0.006800
-0.004545
0.004727
-0.002800
-0.130600
-0.112154
-0.123273
-0.124800
-0.153455
-0.119000
-0.113846
-0.133400
-0.000400
-0.000571
0.024800
-0.002000
0.002600
-0.012600
0.001200
0.019800
-0.032462
-0.016154
-0.018923
-0.036000
0.016429
0.026000
0.032364
0.022833
0.019000
0.016667
-0.000364
0.002182
0.067333
0.077800
0.070143
0.057600
-0.024667
-0.035889
-0.030714
-0.033846
0.042182
0.036667
0.027833
0.009500
0.022533
-0.005273
0.011600
0.023000
0.052167
0.057636
0.059600
0.050200
0.043636
0.058000
0.052909
0.065833
0.043000
0.060615
0.061455
0.055636
-0.002615
-0.001077
-0.004500
-0.001400
-0.012000
-0.006364
0.000364
-0.009600
-0.042000
-0.036348
-0.027360
-0.036750
-0.015667
0.006727
-0.004077
0.001680
-0.042087
-0.034833
-0.047920
-0.035520
0.003714
0.013185
0.000870
0.009000
0.030870
0.022857
0.045083
0.018095
0.043913
0.028333
0.031929
0.041913
