-0.034000
-0.045800
-0.049818
-0.043800
0.032400
0.049800
0.068182
0.058714
0.140857
0.138000
0.152154
0.160909
-0.164643
-0.161576
-0.155586
-0.150222
-0.067533
-0.069290
-0.063286
-0.056720
0.039000
0.041030
0.031103
0.028762
-0.058400
-0.074000
-0.069000
-0.076154
0.058500
0.048000
0.053455
0.046182
-0.173091
-0.126600
-0.130800
-0.147077
0.065778
0.061231
0.055000
0.064125
0.148815
0.147786
0.155846
0.151308
-0.042053
-0.037000
-0.034533
-0.036083
-0.122819
-0.129851
-0.127237
-0.132192
-0.123152
-0.122281
-0.119529
-0.123211
-0.160551
-0.158031
-0.172464
-0.166740
-0.186000
-0.181333
-0.185919
-0.183974
-0.173138
-0.170116
-0.174725
-0.181354
-0.256862
-0.258466
-0.266551
-0.264848
-0.185600
-0.170182
-0.169273
-0.180600
-0.031400
-0.036000
-0.042364
-0.046600
-0.176333
-0.171429
-0.170182
-0.178000
-0.053800
-0.031000
-0.040000
-0.048000
0.087167
0.090800
0.070400
0.106400
0.097000
0.085833
0.097400
0.104200
-0.174200
-0.188200
-0.152727
-0.169200
0.009600
0.007000
-0.010545
-0.008600
-0.147400
-0.158333
-0.168800
-0.173429
-0.015400
-0.018545
0.000000
-0.034000
0.069818
0.053500
0.021455
0.042545
0.041800
0.047400
0.067200
0.056909
0.160286
0.137125
0.160933
0.167000
-0.059857
-0.044714
-0.031143
-0.053467
0.159429
0.149625
0.144769
0.156000
-0.051167
-0.044333
-0.044909
-0.033200
-0.030154
-0.041231
-0.036182
-0.029538
-0.018364
-0.038625
-0.039833
-0.039455
0.111625
0.136727
0.122000
0.146400
-0.048727
-0.047143
-0.029375
-0.034545
0.123778
0.108250
0.121833
0.121333
-0.038833
-0.037867
-0.046111
-0.024600
-0.034933
-0.028571
-0.038429
-0.043400
-0.029600
-0.037467
-0.040000
-0.039455
0.102550
0.103126
0.097750
0.101852
0.100886
0.095371
0.090780
0.094532
-0.070909
-0.070100
-0.067813
-0.069667
-0.058400
-0.074000
-0.069000
-0.076154
0.058500
0.048000
0.053455
0.046182
-0.173091
-0.126600
-0.130800
-0.147077
-0.041103
-0.019643
-0.026960
-0.041429
0.061846
0.064615
0.069000
0.066727
0.053929
0.048214
0.057364
0.046167
0.021909
0.021241
0.031500
0.028929
-0.078000
-0.069800
-0.073200
-0.103800
-0.128600
-0.128800
-0.116400
-0.111200
0.076333
0.075000
0.090600
0.081600
0.017200
-0.008600
-0.011800
-0.011800
-0.075083
-0.067200
-0.067310
-0.063407
-0.093400
-0.103800
-0.114800
-0.085000
-0.067800
-0.077800
-0.077000
-0.087600
0.072615
0.058400
0.073800
0.076800
-0.008000
-0.018400
-0.025000
-0.026800
0.021304
0.037071
0.034258
0.019524
0.054200
0.055273
0.030400
0.043000
0.020000
0.015000
0.031800
0.011400
0.043400
0.039000
0.034200
0.036600
0.021000
0.006000
0.024400
0.025200
-0.034000
-0.045800
-0.049818
-0.043800
0.032400
0.049800
0.068182
0.058714
0.140857
0.138000
0.152154
0.160909
-0.055857
-0.056345
-0.066889
-0.067630
0.039933
0.032667
0.031455
0.034519
-0.064571
-0.058333
-0.054077
-0.069826
0.077273
0.074923
0.064480
0.076476
0.083273
0.069400
0.076400
0.062000
0.100600
0.089200
0.101800
0.105800
-0.077800
-0.068400
-0.054800
-0.076600
0.018000
0.021600
0.003800
0.005600
-0.008273
-0.012818
-0.022308
-0.022261
0.112400
0.100400
0.110000
0.117091
0.091273
0.090600
0.085000
0.073833
-0.105000
-0.073800
-0.085400
-0.073600
-0.005800
-0.028800
-0.012600
-0.016600
-0.023385
-0.017097
-0.025867
-0.030842
-0.053800
-0.052400
-0.041818
-0.013818
0.005400
-0.031091
-0.005200
-0.030800
-0.037600
-0.037400
-0.036600
-0.029600
-0.028545
-0.023200
-0.017400
-0.027800
0.025800
0.020000
0.040600
0.007600
-0.060200
-0.056167
-0.048000
-0.055600
-0.045600
-0.048600
-0.056800
-0.031000
-0.036000
-0.028000
-0.015600
-0.042182
0.012727
0.023077
0.024909
0.034000
-0.039400
-0.050000
-0.060333
-0.057000
-0.041800
-0.049000
-0.052400
-0.038769
-0.013400
-0.032727
-0.023273
-0.030000
-0.020600
-0.020154
-0.015273
-0.015000
-0.040000
-0.006833
-0.010000
-0.010400
-0.007000
0.009286
0.006400
0.012800
0.010800
-0.004800
-0.005800
0.012200
-0.033692
-0.038462
-0.045692
-0.018923
0.041000
0.058500
0.066909
0.063333
0.014333
0.000167
0.008000
0.011455
0.011667
0.027400
0.029571
0.015200
-0.036833
-0.039556
-0.025286
-0.051692
0.050545
0.040167
0.044167
0.065667
0.012667
0.016727
0.001800
0.006167
0.014333
0.028182
0.030800
0.024600
0.000727
-0.000154
-0.001455
-0.012000
-0.011400
0.009538
0.006182
-0.001455
0.016000
-0.012154
0.005833
-0.003200
-0.006769
0.015818
0.001636
0.008000
0.002417
0.000957
-0.006000
0.004333
-0.028500
-0.012727
-0.024769
-0.031920
-0.029478
-0.017667
-0.023120
-0.026960
0.026381
0.031556
0.032870
0.036000
0.004435
-0.012476
-0.003583
0.002000
0.026348
0.028417
0.013429
0.027652
