0.018600
0.006000
0.002909
-0.008400
0.009600
0.010000
-0.007273
-0.003000
0.026714
0.020400
0.006615
0.005455
-0.003286
-0.000606
-0.001172
-0.004333
0.000800
-0.005677
-0.008643
0.004960
0.003583
-0.002424
-0.007034
-0.007429
0.000000
-0.005800
-0.012600
0.018000
-0.012500
0.010400
-0.008545
-0.004000
-0.000182
-0.017400
-0.009400
-0.016154
0.005778
0.010385
0.012500
0.012812
0.011111
0.001714
0.008077
0.014308
0.000474
0.001467
0.000133
0.002000
-0.029157
-0.035612
-0.022421
-0.032192
-0.026273
-0.028906
-0.020088
-0.026732
-0.042957
-0.040563
-0.038870
-0.038849
-0.028025
-0.030827
-0.028027
-0.027500
-0.022677
-0.021391
-0.020754
-0.026677
-0.031815
-0.036932
-0.036493
-0.031788
0.007000
0.004909
-0.006364
-0.020600
0.002200
-0.001167
0.016909
-0.004000
-0.005833
-0.011571
-0.003455
0.003455
0.015000
0.004000
-0.003800
0.016545
0.009500
-0.003800
-0.006267
-0.013200
0.005600
-0.013167
-0.000400
-0.004800
-0.001800
-0.012600
-0.018000
0.003400
0.000400
-0.005000
0.009273
-0.001400
0.001600
0.000667
-0.004400
-0.015714
0.007600
-0.003091
0.000333
-0.002909
-0.003636
-0.008167
-0.004182
0.007818
-0.005800
0.004000
0.002000
0.008727
0.005286
0.006375
0.003200
0.009143
-0.007143
0.001000
0.002429
-0.013600
0.010429
0.025375
0.002462
-0.007800
-0.001500
-0.006667
0.010364
-0.014400
0.001231
0.005538
0.012364
0.012308
-0.011455
-0.006125
-0.001167
0.008364
-0.004500
0.005455
0.006769
-0.008000
0.017273
-0.007000
-0.005750
-0.006182
-0.006778
-0.010875
0.006667
-0.000533
-0.014667
0.007200
-0.003333
-0.014000
0.004800
0.009429
-0.008286
0.005600
0.012600
-0.003467
-0.017833
0.002545
0.006500
0.005747
0.009300
0.005926
0.011696
0.006180
0.008707
0.005949
-0.002909
-0.000150
-0.002907
-0.003923
0.000000
-0.005800
-0.012600
0.018000
-0.012500
0.010400
-0.008545
-0.004000
-0.000182
-0.017400
-0.009400
-0.016154
-0.004966
-0.007643
-0.005040
0.002214
-0.000077
-0.007077
-0.005692
0.002909
-0.000429
0.010143
-0.002909
0.001417
0.002091
-0.008897
0.005714
0.003857
-0.002000
0.009200
0.019600
-0.013200
0.003400
-0.008000
-0.008400
0.005800
0.005167
0.021000
0.003200
0.002200
-0.017600
0.009200
0.005200
-0.015600
-0.000917
-0.006133
0.004138
-0.009333
0.004200
-0.007200
-0.010600
-0.030200
-0.012400
0.024600
-0.007600
-0.007200
-0.002154
-0.015400
-0.004600
0.018400
-0.004400
0.021000
-0.002400
0.001200
-0.011304
0.002357
-0.002968
-0.007714
0.011600
0.004909
-0.017000
0.000000
0.009636
0.010600
-0.001400
0.020600
-0.010600
0.003200
0.003000
-0.009600
0.004600
0.002600
-0.005200
0.001400
0.018600
0.006000
0.002909
-0.008400
0.009600
0.010000
-0.007273
-0.003000
0.026714
0.020400
0.006615
0.005455
-0.007071
0.003103
0.013407
-0.008222
0.003867
0.005000
-0.001364
0.000815
-0.008857
0.004833
0.002154
-0.001391
-0.015636
0.004769
0.004320
0.000952
0.007818
-0.004000
0.002600
-0.003000
-0.001000
-0.006600
-0.009600
0.001800
-0.002400
0.009800
0.013600
-0.002600
-0.004400
-0.011000
-0.000400
0.010000
0.002182
-0.001182
0.002462
-0.005217
-0.017000
-0.008600
-0.000400
-0.006909
-0.002000
0.000200
-0.008800
-0.007667
0.000400
-0.001600
0.018000
-0.017600
0.003000
-0.005200
-0.018600
0.001200
-0.005692
0.005935
0.000933
-0.017684
-0.017800
0.002000
-0.011455
0.000364
-0.009600
0.002000
-0.001800
0.024600
0.009200
-0.019000
-0.003000
0.004200
0.017636
0.005000
0.007600
0.024400
0.000200
0.012500
-0.003800
0.008600
-0.009400
-0.017833
-0.013600
-0.001000
-0.004400
-0.002000
0.015200
-0.002600
-0.018400
0.000182
0.009200
0.003273
-0.003455
0.009231
0.012000
0.002727
-0.011400
0.010167
-0.002500
0.004400
-0.005200
-0.013167
-0.004600
-0.004154
-0.008400
0.008727
-0.015818
-0.010000
-0.026200
-0.002308
0.002727
-0.004000
-0.007091
0.008667
-0.015231
-0.038000
-0.001000
0.008714
-0.006400
0.000000
-0.004200
0.001400
-0.004400
0.002400
-0.005385
0.006615
0.017077
0.001077
-0.001429
-0.007333
-0.013455
0.000333
-0.006556
0.005833
0.000545
0.011091
-0.011000
0.010800
-0.002143
-0.015400
-0.011000
0.012556
-0.003857
0.014769
0.021818
0.007167
-0.005000
0.008000
0.000267
-0.021091
-0.012000
0.016833
0.012167
0.009818
0.007600
0.007600
-0.002000
0.007846
0.006909
-0.012000
-0.004000
0.001231
-0.007636
0.012000
0.010000
0.007846
0.000667
0.006200
-0.021538
0.009636
-0.000909
0.004800
-0.000167
-0.002348
-0.009680
0.006000
-0.008167
-0.006364
-0.008308
0.007680
-0.006870
0.005667
-0.006240
0.002560
0.010476
-0.004148
0.005913
-0.005091
-0.009652
-0.000571
-0.009333
0.005619
-0.002087
0.007250
0.008857
-0.002000
