0.040200
0.028800
0.044545
0.035200
-0.009600
0.005200
0.001818
0.009714
0.033857
-0.002400
0.008000
-0.000182
-0.011643
-0.017818
-0.005379
-0.018556
-0.018267
-0.008129
-0.001357
-0.005360
-0.021000
-0.022485
-0.031448
-0.037143
-0.021400
-0.008800
-0.006400
-0.017692
-0.026375
-0.037800
-0.033818
-0.017636
0.001818
-0.017200
-0.024000
-0.020769
0.005185
-0.004615
-0.004429
0.013625
0.022000
0.028429
0.024615
0.033615
0.034842
0.025733
0.040333
0.037167
-0.119880
-0.122746
-0.121947
-0.117014
-0.112606
-0.109500
-0.116147
-0.106000
-0.122522
-0.131906
-0.128029
-0.123123
-0.086911
-0.088613
-0.086919
-0.085079
-0.092123
-0.078348
-0.077420
-0.081169
-0.140154
-0.130877
-0.129014
-0.127970
-0.019400
-0.018727
-0.028909
-0.010200
-0.007000
-0.007667
-0.002000
0.000800
-0.027167
-0.008571
-0.009636
-0.027455
-0.005600
-0.003400
-0.025000
-0.026727
-0.025667
-0.026400
-0.021200
-0.015200
-0.012200
-0.029167
-0.021400
-0.036800
-0.021400
-0.004800
-0.018182
-0.006800
-0.011400
-0.038600
-0.034000
-0.007600
-0.004200
-0.013333
0.011400
0.004000
-0.011800
-0.038000
-0.028667
-0.030545
0.015636
0.008667
0.035636
0.021091
0.004600
0.015600
0.015000
0.019455
0.026429
0.016000
0.019333
0.011714
0.013000
0.018143
0.023429
0.038800
0.006286
0.003625
0.012462
0.011800
0.031667
0.014167
0.025636
0.036400
0.019538
0.012000
0.024545
0.012615
0.028727
0.028000
0.028667
0.018545
0.017500
0.006000
0.022154
0.009800
0.002364
0.007286
-0.011375
-0.014909
0.000889
0.011875
0.008667
0.006400
-0.001333
0.000667
0.000667
0.007400
0.008533
-0.001714
-0.000429
-0.020800
0.004000
0.003600
0.001000
0.013091
0.037300
0.033793
0.037525
0.039160
0.035696
0.032404
0.035341
0.041291
0.020883
0.014925
0.019973
0.014205
-0.021400
-0.008800
-0.006400
-0.017692
-0.026375
-0.037800
-0.033818
-0.017636
0.001818
-0.017200
-0.024000
-0.020769
0.017310
0.015571
0.018080
0.006357
-0.008923
-0.009692
-0.019692
-0.033636
-0.008214
-0.015143
0.004364
-0.009500
0.011545
0.001724
0.004929
0.001143
0.009800
0.022600
0.033200
0.013800
0.004800
0.011400
-0.007800
-0.002800
0.008667
-0.000600
0.014800
0.014000
0.012400
-0.011000
0.009000
-0.012200
0.017000
0.011667
0.016345
0.014963
0.021000
0.027000
0.023400
0.027000
0.031600
0.023000
0.044400
0.025800
-0.006615
0.000800
0.006400
0.004800
-0.016200
-0.001200
-0.008600
-0.021600
0.001391
0.002357
0.002258
-0.001810
-0.012800
-0.000364
-0.012400
0.000400
0.024727
-0.002200
-0.001000
0.016400
0.020600
-0.000400
0.001800
-0.001800
0.008200
0.008200
0.008400
0.014400
0.040200
0.028800
0.044545
0.035200
-0.009600
0.005200
0.001818
0.009714
0.033857
-0.002400
0.008000
-0.000182
0.019857
0.011448
0.007259
0.024370
-0.009533
-0.006750
-0.015364
-0.003259
0.018429
0.016167
0.008000
0.018957
-0.014909
-0.006692
-0.014160
-0.010000
-0.019818
-0.047800
-0.030200
-0.038600
-0.030200
-0.032200
-0.017000
-0.011200
0.016400
-0.000400
0.023400
0.009400
0.000000
0.023400
0.009800
0.007600
-0.003455
0.002273
0.006615
-0.003478
-0.011000
-0.006200
-0.008000
-0.004727
-0.011091
-0.010800
-0.014200
-0.036667
-0.003000
-0.004800
0.017400
0.007400
-0.007600
0.002600
0.002600
0.000800
0.007308
0.007161
0.002467
0.007895
0.009600
-0.006000
0.013091
0.011273
-0.013200
-0.005273
-0.006800
-0.002600
0.021400
0.001600
0.013400
0.005000
-0.005091
0.006600
0.012600
-0.000400
-0.026800
-0.009333
-0.018800
-0.018400
-0.003000
-0.019000
-0.011600
-0.015200
-0.029000
-0.018400
-0.005400
-0.022800
-0.006200
0.006182
0.001200
-0.010364
-0.002727
-0.005385
-0.014909
-0.008545
0.001000
-0.012167
-0.017000
-0.002000
-0.015000
-0.013667
-0.007400
-0.024769
-0.004000
-0.001091
-0.000182
-0.001800
0.004200
0.001385
0.033455
0.027600
0.002000
0.010500
0.003538
0.010600
0.005000
0.009000
-0.000600
0.015800
-0.000200
0.027800
0.008800
-0.002200
0.008154
-0.009077
0.004000
0.005846
0.011571
0.004000
-0.007273
0.001667
-0.010222
-0.013333
0.007818
-0.010182
-0.016833
-0.025800
-0.017143
-0.015200
0.003167
0.009778
-0.003857
0.001077
0.012364
-0.004167
0.028333
-0.010167
-0.007467
0.001455
-0.000200
0.009500
-0.018167
-0.006182
-0.007200
-0.011000
-0.004545
-0.013385
-0.021273
0.001000
-0.017400
-0.009692
-0.016364
-0.010000
0.002462
-0.003077
0.012833
0.002200
0.008308
0.011091
0.023091
0.008600
-0.007417
-0.019391
-0.020960
-0.026083
-0.000583
-0.003909
-0.013692
-0.005600
0.006348
0.004083
-0.001040
0.001040
0.008667
0.000148
0.005217
0.003182
0.009739
0.020667
0.013917
0.012571
0.004174
-0.011917
-0.006571
-0.004696
