-0.004200
-0.020600
-0.009455
0.005200
0.000200
0.003400
-0.002909
-0.007143
-0.005000
0.008200
0.005231
-0.004364
-0.007643
0.001455
-0.005793
-0.004500
-0.002933
0.001935
-0.007429
-0.003120
-0.005333
-0.002606
-0.001517
-0.005333
-0.008600
0.003000
0.023400
-0.000769
0.014500
-0.003600
0.006364
0.011636
0.015636
0.009000
-0.005600
-0.002769
0.000370
0.004769
0.004143
-0.002125
-0.001852
0.000071
0.013308
-0.001231
0.014684
0.001333
-0.002200
-0.001167
-0.015012
-0.018060
-0.018079
-0.016082
-0.007697
-0.002000
-0.012735
-0.011493
-0.017304
-0.016156
-0.020696
-0.016767
-0.012532
-0.018640
-0.012027
-0.012158
-0.011138
-0.013942
-0.011739
-0.008338
-0.016277
-0.014959
-0.013536
-0.015152
0.003000
-0.012000
0.014364
0.008000
-0.018400
-0.000833
0.003636
-0.014800
0.003333
-0.020714
-0.010364
0.005091
-0.001400
0.014400
0.004800
-0.004909
0.003667
0.000000
-0.003200
0.011800
-0.007400
0.000833
0.001600
-0.007800
0.004800
-0.019200
0.013273
-0.006200
-0.012400
0.016800
0.002909
-0.011400
-0.006400
-0.023667
0.010400
0.001000
0.022200
-0.000364
0.005167
-0.005818
-0.019091
0.004667
-0.008182
-0.001455
-0.009200
-0.010600
0.009400
0.009818
-0.002857
0.000000
-0.002533
0.007429
0.000143
0.009571
-0.004571
0.021733
-0.016571
-0.002125
-0.013077
0.014400
0.001333
0.000167
0.021636
-0.007600
-0.004615
-0.001846
-0.007636
-0.004769
-0.015273
0.011875
-0.005167
0.024182
-0.001750
0.003818
0.013846
0.004200
0.011273
-0.013286
0.003250
-0.000182
-0.010778
-0.002375
0.000333
0.000667
0.020833
0.000133
0.000000
0.006000
-0.006267
0.003714
0.013000
-0.011000
-0.003800
-0.012000
0.006667
-0.009455
0.006500
0.006621
-0.000675
0.005062
0.002506
0.006449
-0.001244
0.006734
0.002000
0.001475
0.004800
-0.005000
-0.008600
0.003000
0.023400
-0.000769
0.014500
-0.003600
0.006364
0.011636
0.015636
0.009000
-0.005600
-0.002769
0.005379
0.011571
-0.002960
-0.008714
0.000769
-0.013077
-0.005462
0.003455
-0.002071
0.002357
0.009545
-0.008417
0.001636
-0.004069
0.008357
0.007786
-0.002600
-0.012800
-0.001800
-0.000800
0.013400
-0.004800
0.008800
-0.012800
0.012833
-0.002600
-0.008000
-0.000600
0.012200
0.003400
0.000600
0.011600
-0.005250
-0.004800
0.009793
-0.000963
0.000000
0.012200
-0.002200
-0.013800
-0.001800
0.006600
-0.001200
-0.019600
0.002615
-0.007800
-0.017800
0.027000
-0.024200
-0.008800
-0.011600
-0.000800
-0.006348
-0.006714
-0.007032
-0.007714
0.004200
0.001818
-0.006400
-0.010200
-0.001636
0.002600
-0.003000
-0.004400
0.007600
-0.001400
0.002200
0.014400
-0.016800
-0.000600
-0.008800
0.012600
-0.004200
-0.020600
-0.009455
0.005200
0.000200
0.003400
-0.002909
-0.007143
-0.005000
0.008200
0.005231
-0.004364
-0.006929
-0.004552
-0.006963
0.002815
-0.013933
-0.003667
0.003182
0.006296
-0.001071
-0.011000
-0.003077
0.004522
0.006091
0.007154
0.008640
0.000095
-0.001455
-0.002200
-0.000400
-0.007200
-0.006800
-0.004400
-0.013200
-0.005800
-0.002000
0.009000
0.001200
-0.007800
0.002200
-0.012200
0.006800
-0.008400
0.003273
-0.013091
0.003769
-0.015478
0.006000
-0.002000
0.002200
0.008727
0.009091
0.009000
0.000400
-0.018000
0.006800
0.008800
-0.019000
-0.002000
0.004600
-0.002200
-0.008400
0.002400
-0.009846
-0.003742
0.006733
0.008947
-0.017600
-0.004600
0.004727
-0.014000
0.005400
-0.006182
0.011800
-0.009600
-0.000200
-0.017800
0.007400
-0.009200
0.003273
0.015200
0.000400
0.009400
-0.001400
0.003833
-0.005800
0.013800
-0.006600
0.016500
-0.005600
-0.004800
0.005600
-0.005400
-0.015000
0.004800
-0.006600
-0.003273
0.004000
-0.004727
0.001636
0.008308
-0.011091
-0.011636
0.003400
-0.003833
-0.011667
0.002200
-0.015000
0.014000
0.005000
-0.012923
-0.001600
0.010909
-0.007273
0.011800
-0.008000
0.000615
0.000364
-0.007600
-0.005273
0.015167
-0.018154
0.009600
-0.013600
0.001571
0.010400
0.013600
0.010800
-0.016200
0.000400
-0.014400
0.001385
-0.016308
0.014615
0.004154
0.005714
-0.010667
0.000727
-0.000333
0.015667
-0.007500
-0.005455
-0.002727
-0.007333
0.003600
0.016857
0.007000
-0.009833
0.009333
0.018286
0.006154
0.002364
-0.014667
0.012500
-0.005167
0.013867
-0.008727
-0.014400
-0.007333
0.025167
0.002909
0.004133
0.002400
-0.002909
-0.002000
0.011091
-0.000167
-0.028600
-0.013538
-0.008727
0.001273
-0.003385
0.007692
-0.011500
0.003800
0.001077
-0.004000
0.013636
0.010200
-0.000667
0.006522
0.011840
-0.008083
-0.000750
-0.004727
0.008000
0.001760
0.006522
0.009250
-0.000800
-0.002320
0.000952
-0.002593
-0.002174
-0.005545
0.012261
0.002000
-0.009250
0.001238
0.001391
0.003583
0.005571
-0.001739
