0.021000
0.041200
0.014545
0.015200
0.013000
-0.012800
0.007636
0.005714
0.007000
0.010600
0.014462
-0.004182
-0.005929
0.000061
-0.006414
0.001167
-0.005733
-0.010581
-0.002000
-0.007840
-0.016250
-0.025515
-0.025517
-0.025619
-0.003200
-0.000600
0.006600
-0.007692
-0.013500
-0.039000
-0.020364
-0.010182
-0.010545
0.002800
0.003200
-0.012462
0.000000
0.005769
0.009143
-0.001813
0.011556
0.009214
-0.008308
0.006231
0.019263
0.022133
0.025200
0.030000
-0.086048
-0.088985
-0.083026
-0.089288
-0.076485
-0.072156
-0.075529
-0.076282
-0.106754
-0.102969
-0.111333
-0.110795
-0.071468
-0.072053
-0.065703
-0.073947
-0.072615
-0.067768
-0.065043
-0.063138
-0.113631
-0.113671
-0.116493
-0.108212
-0.022000
-0.018000
-0.004364
-0.023600
-0.000800
0.015333
-0.008364
-0.000200
-0.013000
-0.005143
-0.014182
-0.020727
0.005000
0.000000
0.009200
-0.008727
0.008000
-0.007400
0.008133
0.017000
0.009000
0.014000
0.018400
-0.001600
-0.015000
-0.014200
0.000000
-0.013200
-0.017400
-0.022600
-0.015455
-0.006600
-0.014600
-0.022833
-0.032800
-0.020286
-0.014400
0.004182
-0.014333
-0.030000
0.000909
0.014667
0.003273
0.001636
0.008000
0.009200
-0.006200
0.020182
0.016429
0.025000
0.025333
0.019000
0.009714
-0.008714
0.005571
0.001200
0.041571
0.032250
0.034923
-0.000600
0.002000
0.010333
0.012000
0.022000
-0.003846
0.016923
-0.002000
-0.000308
-0.007273
-0.005500
0.015500
0.013636
0.036750
0.044000
0.034308
0.017400
0.008364
-0.018429
0.000875
0.004545
0.023222
0.022625
0.008500
0.035467
-0.003000
0.023067
0.014000
-0.008000
0.009200
-0.001857
-0.002714
-0.007000
0.005200
0.002133
0.016500
0.001818
0.025025
0.031241
0.030950
0.031284
0.025848
0.036067
0.035585
0.024177
0.012571
0.017850
0.021253
0.009846
-0.003200
-0.000600
0.006600
-0.007692
-0.013500
-0.039000
-0.020364
-0.010182
-0.010545
0.002800
0.003200
-0.012462
0.000483
0.006071
0.004880
0.011571
0.000615
-0.011154
-0.004462
-0.023364
-0.003643
-0.008857
0.003909
0.002583
-0.002545
-0.000621
0.008857
0.004143
0.000000
0.016200
0.008000
0.014400
0.013800
-0.006200
0.003000
0.003600
0.005000
-0.015800
-0.014600
-0.012200
0.002400
-0.010400
-0.001800
0.008800
-0.006083
-0.001800
0.002069
-0.000741
0.001000
-0.012600
0.005400
0.010400
0.020000
0.002200
0.011800
0.016400
-0.005231
-0.004600
-0.017000
0.007200
0.022200
0.001800
0.012800
-0.012400
0.003913
0.005286
0.001677
-0.000095
0.013000
-0.002364
0.021800
0.005200
0.002000
-0.013400
0.008600
0.021800
-0.013600
0.014400
-0.007400
0.004000
0.010800
0.009000
0.007000
-0.019200
0.021000
0.041200
0.014545
0.015200
0.013000
-0.012800
0.007636
0.005714
0.007000
0.010600
0.014462
-0.004182
0.003500
0.013310
0.000889
0.006519
-0.005600
-0.003500
-0.007818
-0.014963
0.004143
0.001167
0.013000
-0.002609
-0.009364
-0.016231
-0.016960
-0.015619
-0.009636
-0.016200
-0.027400
-0.009600
0.014200
0.001200
-0.017600
-0.001400
-0.015200
-0.002200
0.009000
-0.018000
0.022000
-0.018600
0.008600
-0.004000
0.003727
0.000909
-0.015538
-0.001739
0.009200
-0.003600
-0.016600
0.001091
-0.015455
0.005600
-0.021800
-0.001500
0.005600
0.011600
0.008800
0.004800
-0.001400
0.008200
0.001200
0.001000
-0.003385
0.001742
0.001867
-0.005263
-0.002600
-0.001600
-0.009636
-0.014182
0.000000
-0.019455
0.000400
0.006600
-0.009400
0.001200
0.009600
-0.006000
-0.004727
-0.003600
-0.021400
0.004800
-0.018200
-0.016333
-0.014800
-0.017600
0.002400
0.004167
-0.009800
0.003400
-0.003000
0.000800
-0.007400
0.001400
0.025400
-0.015273
0.006400
0.006909
-0.016182
0.002769
-0.007273
-0.007455
0.005200
0.009667
-0.018000
-0.003200
0.000800
0.000167
-0.003600
-0.000308
-0.000200
-0.018364
-0.006182
-0.010800
-0.002200
-0.040615
-0.016727
-0.006000
-0.002909
-0.012333
-0.006615
-0.016000
-0.019000
0.001571
-0.008200
-0.010600
-0.014000
0.001000
-0.006800
0.013600
0.006308
-0.008000
-0.007692
-0.000154
-0.012714
-0.009167
-0.003091
-0.002667
0.000667
-0.001500
-0.004727
-0.000182
-0.004000
0.002200
-0.005429
0.010200
0.010833
0.002444
0.007143
-0.000769
-0.002727
-0.026000
-0.002167
-0.008500
-0.006133
-0.014909
-0.010800
0.011000
-0.003167
-0.019455
0.004533
0.008400
0.008727
0.007692
0.005273
-0.010833
-0.004200
0.000154
0.010727
-0.005273
0.001231
0.001077
-0.014500
-0.003600
-0.007538
-0.020364
0.003091
-0.007400
0.001083
-0.008957
-0.010000
0.008250
-0.007417
0.004364
0.003846
-0.007760
-0.006087
0.004000
0.001280
-0.002560
-0.002571
-0.010148
-0.000609
-0.011727
0.012522
0.018095
0.005167
0.004762
0.003130
-0.006667
0.003571
-0.004348
