-0.013600
-0.008200
-0.000545
0.000800
0.002000
0.011200
0.000727
0.025143
0.005143
0.000400
-0.007077
0.014909
0.006429
-0.000303
-0.003379
-0.002833
0.006933
-0.002258
-0.006357
0.001360
0.001250
0.003333
-0.006897
-0.008095
0.000000
0.010800
-0.015200
0.002923
0.002250
-0.019000
-0.005818
0.012182
0.006364
-0.009200
-0.018800
0.008769
-0.006667
0.001231
0.007286
0.001500
-0.004074
-0.001143
0.005923
-0.006846
0.003579
0.007800
-0.002267
0.012750
-0.003518
0.001104
-0.002368
-0.000959
-0.004606
-0.004625
-0.009147
0.002592
-0.004957
-0.000063
-0.003130
-0.000548
-0.007089
-0.002880
-0.003486
-0.003289
-0.004800
0.006087
-0.002841
-0.005138
-0.003754
0.005890
0.001884
-0.002333
0.000600
-0.010182
0.009455
-0.011200
-0.016200
-0.004000
-0.004909
0.004200
-0.013167
0.003143
-0.013455
-0.011636
0.004400
-0.002000
0.012000
0.015273
-0.015500
-0.007800
0.011733
0.001000
-0.003000
-0.002000
-0.004200
-0.007200
0.008800
0.000200
0.005455
-0.011000
0.005800
0.003000
0.012364
0.008400
-0.002000
-0.014500
-0.007000
0.002857
-0.002400
-0.003636
-0.003833
-0.000182
-0.006182
0.010167
-0.001455
0.003818
-0.019800
0.004200
-0.000800
0.009636
-0.005857
0.001875
-0.007467
0.001143
-0.000857
0.000857
0.005143
-0.000667
0.011143
0.003875
0.001538
-0.008600
0.020500
-0.007500
-0.012000
0.002200
0.002923
0.000923
-0.002545
0.003385
0.001818
0.005750
0.016333
-0.008000
-0.018000
-0.006909
-0.002615
-0.003800
0.004364
-0.012429
-0.010875
0.005091
-0.001444
-0.002250
-0.003167
-0.002667
-0.005333
0.008800
0.003111
-0.000200
0.003333
0.000571
0.000000
0.011600
-0.001200
-0.004667
0.003167
-0.013091
-0.004875
-0.001563
-0.002000
-0.005580
-0.004810
-0.002764
0.000683
-0.004810
-0.003844
-0.002825
0.002160
-0.001051
0.000000
0.010800
-0.015200
0.002923
0.002250
-0.019000
-0.005818
0.012182
0.006364
-0.009200
-0.018800
0.008769
-0.003103
-0.004357
0.003200
-0.000929
0.003846
-0.003615
-0.007692
0.006364
-0.007857
0.003357
0.004545
0.003583
-0.017091
0.000069
-0.000929
0.005857
-0.002400
0.005200
0.019400
-0.004400
-0.008000
0.008000
-0.004600
0.004200
-0.011667
0.002000
-0.006800
-0.011000
-0.013400
-0.014800
0.006800
-0.005400
0.000000
0.005000
-0.002207
0.003481
0.007200
-0.006600
-0.009200
0.014200
0.002000
0.013800
-0.010200
-0.013200
0.005231
0.006600
-0.002200
-0.002000
0.007400
0.004000
-0.003000
-0.002400
0.001565
-0.004143
-0.000774
0.002381
-0.003600
0.004182
0.005000
-0.001800
-0.008182
-0.007600
0.009400
-0.021800
0.002200
-0.007200
-0.010400
-0.017600
-0.004400
0.006600
0.007200
-0.003000
-0.013600
-0.008200
-0.000545
0.000800
0.002000
0.011200
0.000727
0.025143
0.005143
0.000400
-0.007077
0.014909
-0.005143
0.013517
0.005556
-0.002519
0.004333
-0.002167
-0.006000
0.001111
-0.001357
0.002917
-0.001077
-0.006174
-0.002364
-0.003462
0.000240
0.010000
0.002182
0.008400
0.000800
-0.011200
-0.002600
-0.013600
0.001200
-0.011400
-0.003800
-0.018600
-0.007400
0.010600
-0.009000
0.004400
-0.006800
-0.012200
0.006727
0.009273
0.002154
0.007652
-0.012400
0.009600
0.023000
-0.011091
-0.009636
-0.013200
0.004800
-0.005667
-0.003800
-0.006000
-0.008800
0.005400
0.007800
0.006400
-0.001800
0.015800
0.000000
-0.004968
0.009000
0.005895
0.009600
-0.002600
-0.009455
-0.004545
-0.008400
0.003091
-0.001600
-0.001800
-0.006400
0.017000
0.021000
0.006800
-0.011273
-0.011800
-0.023600
0.015200
-0.011400
-0.019000
0.000800
0.003800
-0.010400
0.004333
-0.014000
-0.019200
-0.000400
-0.000600
-0.016000
-0.002200
0.010000
-0.016727
0.002200
-0.007091
0.011273
-0.009077
0.007818
0.000727
-0.012600
-0.016000
-0.001167
0.001400
-0.008800
0.001833
0.024400
0.011692
-0.015800
-0.016364
-0.016909
0.012600
0.006200
0.001231
-0.014182
-0.019800
0.008182
-0.000500
0.012923
-0.003000
0.018200
0.006286
0.005800
-0.002200
-0.015000
0.004600
0.008000
-0.002800
-0.012769
0.008308
0.003385
-0.006769
0.002714
-0.008833
0.007818
0.013500
0.003889
-0.005500
-0.002909
0.014545
-0.005500
-0.015400
-0.000714
-0.003400
0.012500
0.003778
-0.011143
0.015846
-0.003636
0.013333
-0.005167
0.000167
0.011467
-0.003273
0.000200
-0.003167
0.006333
0.002364
-0.000667
0.015000
0.006182
-0.006923
0.005273
0.011833
0.003200
-0.005385
0.007636
0.011273
-0.001077
-0.014154
-0.010000
0.005200
0.004154
0.001818
-0.019091
0.009000
0.007750
-0.004261
-0.000880
0.007917
-0.003083
0.000182
0.008077
-0.001760
-0.011304
-0.006000
0.006160
-0.000800
0.007714
0.004222
0.004261
-0.003000
0.009739
-0.008762
-0.000750
-0.005714
0.007565
-0.002417
-0.000929
0.006261
