-0.008200
0.002400
0.005818
0.003800
-0.001000
0.004000
0.009273
0.002286
0.010143
0.008400
0.005538
0.018909
0.003357
0.003758
-0.005517
0.002444
0.003867
0.007032
-0.004857
-0.010720
0.003167
0.008848
-0.001586
-0.000667
0.007000
0.012000
0.002800
0.007846
-0.006000
-0.020000
0.004545
-0.013273
-0.005455
0.000000
-0.005400
-0.014923
0.002000
-0.002538
0.001643
0.001000
-0.002148
-0.007571
-0.007692
-0.000538
0.005000
0.005800
-0.001533
-0.004833
-0.003349
-0.001672
0.003053
-0.005096
0.000939
-0.001875
-0.004706
-0.008958
-0.002058
-0.012469
0.000116
-0.006630
0.003747
-0.001733
-0.001405
-0.000158
0.000185
0.000928
0.001971
-0.000185
0.001569
-0.000137
-0.004290
0.001182
0.005000
-0.016545
-0.002727
-0.014200
0.004200
0.013000
-0.004727
0.010400
0.002833
0.007571
-0.008545
-0.014364
-0.004800
0.004600
-0.011200
-0.001636
-0.004667
0.003000
0.006933
0.007400
-0.008200
-0.000833
0.001600
-0.006600
0.021000
-0.004400
-0.005273
0.001200
0.007200
-0.015600
-0.014727
-0.008800
0.022000
0.006000
-0.003000
0.000286
-0.004600
-0.001636
0.000833
-0.022727
-0.010727
0.002500
0.002000
0.014727
-0.009600
-0.000600
-0.011600
-0.002909
-0.010143
-0.007250
0.009333
0.003000
0.006429
-0.001857
-0.007571
-0.001733
-0.012429
-0.002125
0.006923
-0.011400
-0.007500
-0.016667
-0.006727
0.018200
0.009538
0.005385
-0.010000
-0.005846
-0.010182
-0.000875
-0.007333
0.001455
-0.010875
0.002364
0.002308
-0.015000
0.005273
0.001143
0.005625
0.015091
0.014222
-0.000875
-0.001333
-0.006800
0.008000
-0.003067
-0.009556
-0.005600
0.002667
-0.005429
0.008143
0.020000
-0.002800
-0.017333
-0.017500
0.003818
0.001800
0.004161
-0.001925
0.005333
0.003696
-0.008876
0.003976
0.006278
-0.002052
-0.002725
0.005413
0.006769
0.007000
0.012000
0.002800
0.007846
-0.006000
-0.020000
0.004545
-0.013273
-0.005455
0.000000
-0.005400
-0.014923
0.006000
0.006429
-0.001360
-0.005714
0.004385
0.002308
0.008308
0.004455
0.001357
-0.003357
-0.000364
0.009333
-0.002636
-0.000207
-0.005357
0.008000
-0.001400
-0.014400
0.012000
-0.022000
-0.002400
0.010800
0.008600
0.004200
0.007000
0.008000
0.004600
-0.008000
0.003000
-0.015400
0.015400
0.008800
-0.000750
-0.003667
0.004207
-0.007630
0.004400
-0.003800
0.008000
-0.012200
0.004600
0.004600
0.002000
-0.015400
0.012923
-0.008800
0.009200
0.003600
0.008200
-0.006600
-0.008800
-0.008800
-0.005217
-0.008214
0.003355
-0.005238
0.001000
0.005273
-0.020000
0.000400
-0.000182
-0.020000
0.005400
-0.006600
0.001400
-0.006200
-0.007800
-0.000600
0.011800
-0.009000
0.007600
-0.009000
-0.008200
0.002400
0.005818
0.003800
-0.001000
0.004000
0.009273
0.002286
0.010143
0.008400
0.005538
0.018909
-0.008929
-0.002207
-0.009556
-0.006296
-0.009533
-0.002083
-0.001364
-0.010296
0.000143
0.000667
0.006615
0.011565
0.005636
0.007308
0.006080
0.003429
0.000364
-0.012000
0.037000
-0.005800
-0.012000
0.013000
0.003200
-0.009600
-0.006200
0.000000
-0.006600
0.005000
0.010000
-0.005600
0.003800
-0.024600
-0.007818
-0.006091
0.000462
-0.006870
-0.010600
0.012800
0.007000
0.011818
-0.006000
-0.012200
-0.004800
-0.010500
-0.005600
-0.001800
0.005800
-0.010600
0.003600
0.003400
0.008800
-0.008200
-0.007923
0.006323
0.010067
-0.003474
0.000200
0.000800
0.011273
-0.004000
0.011000
0.007091
-0.006200
0.013800
0.004000
-0.013200
0.002600
-0.007000
-0.007818
0.004800
-0.004600
-0.010800
-0.015200
-0.011167
-0.004400
-0.007600
-0.005200
-0.001667
-0.001600
-0.012600
0.009200
0.016600
-0.010800
0.004400
0.019800
0.005636
-0.006800
0.027818
0.006182
0.013846
-0.016000
-0.000909
-0.001200
-0.003000
0.000000
-0.007800
-0.005800
-0.002333
0.009800
-0.001231
-0.014600
0.008364
0.005455
-0.007000
-0.005000
-0.000154
0.000364
-0.008600
0.013818
0.005833
0.001385
0.000200
0.012400
-0.011857
0.007400
-0.007800
0.006000
0.007400
-0.001000
-0.005200
-0.005231
0.005231
0.017692
-0.002462
0.005714
-0.006833
-0.002182
0.007167
-0.000444
0.004167
-0.004545
-0.001455
0.007333
0.009000
-0.008000
-0.001600
-0.002667
-0.000778
0.006714
-0.007231
-0.017091
-0.003167
0.005167
-0.003833
0.001733
0.007636
0.007600
-0.004667
0.008167
-0.011636
0.007067
0.003200
0.001091
0.009231
-0.010727
-0.001667
0.000600
0.012308
0.013091
0.008364
-0.011385
-0.010000
0.002833
-0.001800
0.006000
-0.005455
-0.010727
0.001600
-0.005000
-0.007913
-0.004640
0.000500
-0.014833
0.005636
0.003000
0.005440
-0.002870
-0.002667
-0.005680
0.011840
-0.002190
-0.005037
-0.001130
-0.005182
-0.001652
0.000286
-0.003000
-0.005238
0.000609
0.007333
0.011000
-0.014696
