-0.001000
0.009000
0.007273
-0.009800
0.010200
-0.001600
0.008182
-0.007857
0.011000
-0.002400
0.006154
-0.000545
-0.009000
-0.011394
-0.004897
-0.005056
-0.008067
-0.014516
0.007214
-0.004160
-0.003750
-0.001333
-0.000414
0.003048
0.001800
0.006600
-0.003600
0.000154
-0.011875
-0.017800
-0.007091
-0.012364
-0.001636
-0.001200
-0.011400
0.013538
0.000370
0.006615
0.014357
0.001000
0.002000
0.007571
0.002231
0.005615
0.000053
0.010267
0.010133
-0.002167
-0.020337
-0.022149
-0.024895
-0.020192
-0.021545
-0.028438
-0.015382
-0.022592
-0.028464
-0.029562
-0.032667
-0.030219
-0.022025
-0.023093
-0.018730
-0.019605
-0.014462
-0.019043
-0.018406
-0.023385
-0.014985
-0.023260
-0.035739
-0.028939
0.004400
-0.001818
-0.010000
-0.009800
0.013800
0.000667
-0.002545
0.006400
0.008833
-0.012143
-0.006727
0.008182
0.022400
0.009800
-0.018200
-0.007091
0.005167
-0.006800
-0.001600
-0.004600
0.001600
-0.010167
-0.013200
-0.017800
-0.002600
0.014600
-0.005818
-0.005200
-0.009200
0.017800
0.001273
0.004400
-0.015200
0.001167
-0.012200
-0.013000
0.016800
0.008727
-0.004000
0.001455
-0.006000
-0.014167
-0.011636
0.010727
-0.014800
-0.004200
-0.006400
-0.019818
-0.007000
-0.006375
-0.001600
0.009000
-0.005143
0.002429
-0.004857
0.012667
-0.027571
-0.009250
0.010462
0.011800
0.010833
-0.010167
0.007636
0.012000
-0.004308
0.004923
0.006182
0.004769
-0.009455
-0.001625
-0.001167
0.002000
-0.005750
0.016000
-0.006154
0.004800
0.001818
-0.007143
0.010625
-0.006364
0.007667
0.010625
0.000667
0.001067
-0.007000
-0.001600
-0.004333
0.002200
0.000000
0.001571
0.013714
0.004000
-0.006600
0.012133
-0.012167
-0.001273
0.004700
-0.000138
0.001975
0.009086
0.007772
0.003034
-0.000561
0.006025
-0.003273
0.005925
-0.000160
-0.000769
0.001800
0.006600
-0.003600
0.000154
-0.011875
-0.017800
-0.007091
-0.012364
-0.001636
-0.001200
-0.011400
0.013538
-0.006690
0.005786
-0.002880
-0.014857
-0.000923
-0.008154
0.002077
0.001091
-0.009286
0.000714
0.004091
-0.010167
0.000000
0.005310
-0.000643
-0.002929
0.003600
0.001800
0.001800
0.008000
-0.000600
0.028800
-0.011800
-0.017600
-0.002167
0.004200
-0.001400
0.004600
0.020200
0.003400
-0.004000
0.002200
-0.003500
0.002333
-0.000828
0.008889
-0.009000
-0.003800
-0.001800
0.004800
0.011200
0.001000
0.003000
-0.000800
-0.005692
-0.000600
-0.006800
-0.003600
0.010000
-0.004800
-0.006800
-0.008200
-0.003217
0.003357
-0.003935
0.009143
0.008000
-0.016000
-0.013600
0.004600
-0.005455
0.008000
-0.004800
-0.000400
0.014800
-0.008600
0.010600
-0.004800
-0.002400
0.006800
0.012200
-0.012800
-0.001000
0.009000
0.007273
-0.009800
0.010200
-0.001600
0.008182
-0.007857
0.011000
-0.002400
0.006154
-0.000545
0.006143
-0.012069
0.003111
0.004519
-0.000067
0.000083
-0.001364
0.009481
-0.000500
-0.002000
0.000231
-0.002522
0.006182
0.006000
0.002960
0.005714
0.013636
-0.000800
-0.009600
-0.000600
-0.018200
-0.006000
0.011600
-0.007000
0.002600
0.002200
-0.005800
0.000400
-0.000200
-0.002800
0.017600
0.000800
0.003455
0.004545
-0.008769
-0.003478
-0.000800
0.001800
-0.009400
0.002727
-0.023818
0.007400
0.013200
-0.005500
-0.008800
-0.004000
-0.003200
-0.018800
0.000600
0.005000
0.006800
-0.018800
-0.000846
0.014581
0.006533
-0.012211
0.010200
-0.003600
-0.004182
0.010909
-0.005800
0.009455
0.011800
-0.000800
0.002400
0.001000
-0.003000
-0.001400
0.002182
-0.015600
0.000000
0.016600
0.002200
-0.010833
0.010600
0.004200
0.004000
-0.002000
0.002200
0.003600
-0.020600
0.008800
-0.005000
-0.002800
-0.001200
0.003455
-0.007400
-0.002000
0.001455
0.005692
0.020545
-0.004182
0.000400
-0.002833
0.010833
0.016800
0.001000
-0.004500
-0.002600
-0.008000
0.002600
-0.017636
0.003636
-0.004000
-0.001400
0.005846
-0.005273
-0.012400
0.008727
-0.018000
0.014615
-0.007400
-0.005000
0.004143
0.013800
-0.004200
-0.013400
-0.004200
-0.005000
0.002400
-0.005231
0.006000
0.004154
-0.004462
0.014571
-0.005500
-0.009455
0.007167
-0.007000
-0.005333
-0.002909
-0.009273
0.002000
-0.002000
0.007143
0.014000
-0.014333
0.011111
0.005429
0.002154
0.002545
-0.002833
0.005333
-0.013500
0.004000
0.004909
-0.011600
-0.008833
-0.002500
0.014364
-0.002400
-0.005400
-0.000364
0.008154
0.002909
-0.013333
-0.005800
0.000154
-0.006182
0.008000
0.006923
0.011077
0.021000
-0.018800
0.006154
0.021455
-0.011273
0.007000
-0.006167
-0.004870
0.003120
0.006917
0.009000
-0.012000
0.000154
0.008080
-0.001739
0.002583
-0.002640
-0.005360
-0.007905
0.001778
0.006609
-0.002000
0.013913
0.002381
0.003417
-0.009143
0.008522
0.002083
0.002929
-0.001304
