-0.008800
-0.002000
-0.006727
-0.010400
0.001200
0.013200
-0.018909
0.000571
0.007286
0.009000
0.010000
0.007091
0.008786
-0.005697
-0.002000
0.002111
-0.002133
-0.004645
-0.003929
-0.008960
0.003667
0.000848
-0.008759
-0.009714
-0.005600
-0.012600
-0.025800
-0.004923
-0.015750
-0.017600
0.010182
0.002727
0.000182
0.002600
0.002400
0.002154
0.006741
0.013692
-0.001286
-0.005750
-0.011481
-0.002571
-0.010231
0.003385
-0.003158
0.007933
-0.011800
-0.010500
-0.006386
-0.002388
-0.007947
-0.003534
0.000424
-0.000063
0.000529
-0.000056
-0.004870
-0.004406
-0.009855
-0.006247
-0.005392
-0.003067
-0.004000
-0.006711
-0.006523
0.000667
-0.005159
-0.007077
-0.007538
-0.008712
-0.004696
-0.004091
0.012800
-0.008727
0.000364
0.026800
-0.006400
0.000000
-0.001091
-0.013800
-0.000500
-0.003571
-0.013636
-0.004909
-0.014200
-0.004000
0.007400
-0.005636
0.003333
0.017200
-0.000400
-0.000600
-0.005000
0.004500
-0.014400
0.000200
-0.014400
0.007000
0.011455
0.001000
-0.014600
-0.010000
0.004545
-0.006600
-0.007200
-0.004667
0.001400
-0.000143
-0.007600
0.015636
-0.005667
0.011091
-0.011636
-0.011000
-0.004364
0.001455
-0.006400
0.010400
-0.004200
0.007091
-0.004286
0.010375
-0.000800
0.000000
0.017571
0.017429
0.000714
-0.001867
-0.002286
-0.002625
0.012615
0.011200
0.007500
0.003167
-0.018727
-0.006600
0.002154
0.012308
-0.004000
0.000462
-0.005636
0.008250
0.005667
0.005818
-0.004625
-0.010727
0.004154
0.016800
0.002545
-0.013714
-0.006125
-0.015273
-0.006444
-0.004500
-0.000833
0.000400
0.010833
-0.004133
-0.009889
-0.004600
0.002800
0.002143
-0.003286
-0.004600
-0.005800
0.015600
0.010333
0.009636
0.004225
0.005080
-0.002800
0.002840
0.000203
-0.001011
-0.003341
-0.001544
0.000753
-0.002075
-0.002907
-0.003923
-0.005600
-0.012600
-0.025800
-0.004923
-0.015750
-0.017600
0.010182
0.002727
0.000182
0.002600
0.002400
0.002154
0.009931
-0.008929
-0.002320
-0.000286
-0.004000
0.002385
-0.004615
-0.004273
0.006786
0.004786
-0.003727
-0.003000
-0.004455
0.007517
-0.007571
0.000571
0.000400
-0.003400
-0.014600
0.010800
-0.007800
0.013800
0.007600
0.012600
0.002333
0.006800
-0.002400
0.007200
-0.012800
0.012800
0.008600
-0.010400
-0.008583
-0.005667
0.002345
-0.002593
-0.005200
0.007800
-0.003400
0.000200
0.008800
-0.009000
0.004800
0.008400
0.006923
-0.000200
0.004600
0.008800
-0.017600
-0.020000
-0.000800
-0.006200
0.011739
0.000786
0.000839
0.003714
0.005000
-0.007636
0.001800
-0.005800
0.001636
0.006800
-0.026400
-0.007200
-0.004000
-0.019000
0.016800
0.011400
0.004600
0.006000
0.002800
0.009400
-0.008800
-0.002000
-0.006727
-0.010400
0.001200
0.013200
-0.018909
0.000571
0.007286
0.009000
0.010000
0.007091
0.001929
-0.009724
-0.002148
-0.007333
0.000733
0.012333
0.005727
-0.004148
0.000357
0.001083
-0.001231
-0.009913
-0.005000
0.002692
0.001360
-0.018762
0.002545
0.024600
0.003600
0.007800
0.007400
-0.005600
-0.010400
0.017600
-0.011200
0.003600
0.008000
0.007000
0.018000
0.013200
0.016800
0.006400
-0.003182
-0.009636
0.000769
0.004435
-0.004200
0.003000
-0.016600
-0.011818
0.004909
-0.014800
-0.022400
-0.002500
-0.007400
0.015200
0.009400
-0.011000
0.008600
0.013400
-0.003000
-0.010400
0.003077
-0.007419
0.004333
-0.007474
0.000400
-0.003400
-0.012727
0.001455
0.014200
-0.020545
0.006000
0.007000
0.008400
-0.009800
-0.009800
0.005200
0.016182
0.013600
0.005200
0.015800
0.004200
0.001667
-0.009800
0.020600
0.004000
-0.010000
-0.005600
0.015000
-0.010000
0.024800
-0.004800
-0.013400
0.008200
0.006909
-0.000400
-0.004727
-0.002727
0.006462
-0.002909
-0.021091
0.013800
0.000167
-0.014500
-0.002000
0.015800
0.000667
0.013600
-0.002154
-0.002000
-0.016000
0.004909
-0.012600
0.001400
0.012000
0.010909
-0.010600
-0.006182
-0.003167
-0.009385
-0.015000
0.013800
-0.001571
0.007200
-0.000400
0.013200
0.009200
-0.004800
0.003800
0.002000
0.005077
0.000000
0.006000
0.006714
-0.002000
-0.002727
0.010333
-0.014556
0.004667
0.005091
-0.010909
0.003333
0.005800
-0.001143
0.004200
-0.002167
0.012778
-0.007286
0.002308
0.007455
0.002833
0.012167
-0.007667
-0.004133
-0.003636
-0.008400
-0.001833
-0.008500
0.004727
0.004933
-0.020400
0.003091
-0.004462
0.004909
0.004667
0.008000
0.012154
0.008545
0.003273
-0.002615
0.018923
-0.007833
0.014800
0.015385
0.011091
-0.017818
-0.009000
0.001583
0.001739
-0.004480
-0.002500
0.003333
-0.005091
0.001308
-0.004880
0.003217
-0.008583
0.003040
-0.003440
0.010857
0.004815
0.003739
0.002000
0.011565
-0.004000
0.007917
0.001048
0.005304
-0.000250
0.004857
0.002000
