0.008800
-0.006600
-0.001818
-0.008600
-0.012800
-0.002600
0.006545
0.007429
0.003429
0.007800
-0.004769
0.002000
-0.010929
-0.008121
0.004414
0.009278
-0.008000
0.008258
0.000571
-0.002800
-0.006083
0.003879
-0.003448
-0.001333
-0.012000
0.003200
-0.035200
-0.003692
-0.002875
0.013400
-0.014545
0.004000
-0.021273
0.009400
-0.020800
0.006000
-0.003185
0.010769
0.002071
0.005063
-0.006667
0.005857
0.013000
0.000923
0.012684
0.000533
-0.000133
-0.011333
-0.007157
0.001493
-0.008947
-0.013397
-0.009667
-0.010906
-0.004735
-0.003380
-0.014029
-0.013219
-0.011420
-0.005315
-0.007316
-0.002987
-0.006216
-0.007632
-0.004462
-0.010145
-0.006551
-0.005200
-0.004585
-0.011068
-0.009768
0.001424
-0.010400
0.002727
-0.001091
-0.024000
-0.002800
-0.012333
-0.010545
-0.004200
0.011833
0.012143
0.001455
0.010182
-0.002800
-0.001800
0.000800
0.006182
0.008333
0.009800
0.007867
-0.007200
-0.001200
-0.001333
0.016000
-0.011600
0.016800
0.000400
0.022909
0.007400
-0.004400
-0.009000
0.000364
0.005200
0.012600
-0.003000
-0.015200
-0.006429
0.002800
0.013273
0.012500
-0.001091
0.006182
0.008167
-0.018000
-0.008727
0.003400
-0.006000
-0.004600
-0.009091
0.011000
0.015125
-0.015200
-0.003143
-0.000714
-0.011429
-0.006286
0.010000
0.004429
-0.006875
0.013846
-0.002600
0.004667
0.003833
0.005273
0.014600
-0.013692
-0.006462
0.009091
0.006154
-0.001818
-0.001125
-0.005000
-0.004364
0.009875
0.001818
-0.004615
-0.013800
0.009273
0.003143
0.005625
0.013818
-0.003778
-0.006000
0.002333
0.000667
0.013833
-0.001600
0.006556
-0.007400
0.001867
-0.000857
0.012286
-0.001800
0.014000
-0.004267
0.002667
-0.008182
0.001500
0.003126
0.002375
-0.000272
0.005367
-0.003034
-0.004000
0.002937
-0.003377
-0.002100
-0.000320
-0.003436
-0.012000
0.003200
-0.035200
-0.003692
-0.002875
0.013400
-0.014545
0.004000
-0.021273
0.009400
-0.020800
0.006000
-0.003931
-0.006429
0.000800
-0.004500
-0.007846
-0.008462
-0.008615
-0.012545
0.004500
-0.003643
-0.004636
-0.019167
0.012909
0.003379
-0.005929
0.009071
-0.003000
-0.010800
-0.006600
-0.001200
0.011000
-0.025600
0.020600
-0.019600
0.001500
0.001400
0.008800
-0.009000
0.011800
0.005400
-0.006400
0.011200
-0.003667
0.006267
-0.008897
0.001481
0.003000
0.001800
-0.008800
0.001200
0.004600
-0.000800
-0.016400
-0.009600
-0.016769
0.006000
0.018400
-0.004400
-0.011000
-0.008400
0.003200
-0.008600
0.005304
0.000429
0.000903
0.016381
-0.022200
0.006545
-0.001000
0.001200
0.019818
0.000800
0.013400
-0.012200
-0.014200
-0.014200
0.010600
-0.006600
-0.003400
-0.004600
-0.010200
-0.005000
0.008800
-0.006600
-0.001818
-0.008600
-0.012800
-0.002600
0.006545
0.007429
0.003429
0.007800
-0.004769
0.002000
0.006929
0.002000
-0.010593
0.002519
-0.002000
0.000833
0.004000
-0.000963
-0.004000
0.005250
-0.002077
0.012870
0.017091
-0.002692
0.002640
0.001810
-0.023273
-0.008600
-0.000600
-0.004200
0.002200
-0.024000
-0.009200
0.004600
-0.002200
-0.002800
0.011400
-0.002000
-0.012800
0.014400
0.006200
0.019600
-0.001727
0.000000
0.004923
0.001043
-0.006000
0.019200
-0.007000
0.013273
0.002727
0.008000
-0.006600
-0.002833
0.003800
-0.006800
-0.006200
-0.018400
0.002000
-0.008600
0.028400
-0.004600
0.001154
-0.002000
-0.003333
-0.002737
-0.007200
0.004800
-0.003636
-0.012545
-0.014600
0.003091
0.003600
0.010200
0.001600
-0.016600
-0.013200
0.003800
0.007273
-0.004600
-0.007200
-0.019400
0.001200
0.018500
0.003800
-0.021600
-0.004400
0.008333
-0.013200
-0.005800
0.004200
-0.004400
-0.000200
-0.007600
-0.001600
0.005273
0.003600
-0.015818
0.010182
-0.002154
0.003636
-0.006364
0.008000
-0.014667
-0.000333
0.003000
-0.002000
-0.011333
-0.008000
-0.009231
0.000400
0.003273
0.015091
0.010600
0.004200
0.000462
0.019818
-0.015600
-0.014909
0.004500
-0.005231
0.004800
-0.001600
-0.008286
0.019600
0.001800
0.014600
0.018400
0.012800
-0.004200
0.007077
0.009231
-0.002000
0.014923
0.001143
-0.018500
0.006364
0.003667
0.001222
-0.006667
-0.020182
0.021818
-0.005500
-0.006200
0.006143
0.001200
0.009833
0.007000
-0.013714
0.006000
-0.011818
-0.004500
-0.019333
0.002333
-0.016933
-0.002364
-0.007800
0.016833
-0.009167
-0.010000
-0.007200
-0.000600
0.004182
-0.008615
0.001273
0.003333
0.018200
0.005077
0.002000
0.002545
-0.007231
-0.010923
0.002667
-0.005400
-0.004000
-0.001455
0.004364
-0.005800
-0.000250
0.003217
-0.001120
-0.006917
0.001417
-0.002000
-0.002846
0.001280
0.007217
-0.000917
-0.007040
-0.004960
0.002762
-0.006000
-0.001826
0.008364
0.003130
-0.006286
-0.002667
0.000286
-0.008783
-0.005333
0.010214
-0.010261
