0.002800
0.002400
-0.013818
0.003800
0.000400
0.003200
-0.009273
0.005571
0.000714
0.006000
0.006308
-0.015091
-0.007786
0.007818
0.001310
0.001111
0.001467
0.003484
-0.005071
-0.000960
-0.000917
-0.002909
-0.001793
-0.004095
0.021000
-0.004200
-0.000600
0.004308
0.002750
-0.009000
-0.000727
-0.002727
0.006182
-0.014600
0.007000
-0.008615
0.005259
0.008308
-0.012143
0.005375
0.008519
0.011286
0.000923
0.010308
0.011947
-0.000667
0.002667
0.003417
-0.006554
-0.003881
-0.006158
-0.006137
-0.007636
-0.013906
-0.004176
-0.005014
-0.003507
-0.012750
-0.013739
-0.010740
-0.012557
-0.006560
-0.002189
-0.006421
-0.010154
-0.004319
-0.007246
-0.007323
-0.008062
-0.010274
-0.003536
-0.005000
0.002600
-0.011091
-0.002182
-0.008200
-0.017000
0.005333
0.001455
0.003400
-0.017167
-0.001286
0.005091
-0.002545
0.019400
-0.009200
0.005400
0.012364
0.005500
0.003600
-0.017333
0.003600
0.006400
0.014833
-0.001400
0.028200
0.006200
-0.003400
0.014364
-0.006000
-0.011800
0.003400
-0.005636
-0.021000
-0.007800
0.000833
0.001800
-0.004571
0.003200
0.001091
-0.010833
0.013091
0.002182
-0.011500
-0.010909
-0.012727
0.001800
0.019000
-0.001600
0.011091
-0.011714
0.012750
0.005467
-0.005571
-0.006286
-0.006857
-0.003000
0.014133
0.010143
-0.007125
0.002154
-0.007800
-0.002333
-0.012333
0.019273
0.007800
-0.021692
-0.008923
0.016000
0.004000
-0.006909
-0.000250
-0.002667
0.003636
-0.005500
-0.006909
-0.010154
0.012000
0.012909
-0.010286
0.003375
-0.001818
-0.005444
0.012125
-0.014000
-0.001333
0.008833
0.003467
-0.013000
0.003000
0.011467
-0.005143
-0.014286
0.011000
-0.023200
0.004133
-0.005333
0.000727
-0.002750
0.006621
0.002950
-0.000765
-0.001924
-0.002674
0.000073
-0.008861
0.010052
-0.001225
-0.007947
-0.003487
0.021000
-0.004200
-0.000600
0.004308
0.002750
-0.009000
-0.000727
-0.002727
0.006182
-0.014600
0.007000
-0.008615
0.014621
0.003286
0.011840
0.006143
-0.010154
-0.006000
0.009846
-0.005364
0.002786
-0.005286
-0.000364
-0.001500
0.005273
-0.002069
0.003571
-0.003143
-0.017000
0.005400
0.006400
-0.003400
0.014800
0.025600
0.002200
-0.007600
0.001167
0.019800
0.016000
-0.011400
-0.009400
0.013200
0.008000
-0.021600
-0.004417
-0.006667
0.000276
-0.014741
-0.000200
-0.009600
-0.003200
0.003400
-0.001400
0.006200
-0.006000
0.001200
-0.024154
0.004400
0.004600
-0.004400
-0.007600
0.009600
0.002400
-0.022400
-0.006870
0.004643
0.003226
-0.005333
0.007000
-0.000909
-0.008600
-0.000200
0.014000
0.004400
0.010800
0.004200
0.006000
-0.006600
-0.006200
0.010000
-0.016400
0.008600
-0.003400
-0.019400
0.002800
0.002400
-0.013818
0.003800
0.000400
0.003200
-0.009273
0.005571
0.000714
0.006000
0.006308
-0.015091
-0.004714
-0.011241
-0.008889
0.005926
0.004933
0.008000
-0.007364
-0.017926
-0.003429
-0.004417
-0.009154
-0.009391
-0.018909
0.000923
-0.003120
-0.001905
0.001091
0.001600
-0.021600
0.001600
0.004400
-0.000200
0.002800
0.005000
-0.012400
0.007400
-0.007400
0.001200
-0.003000
-0.006200
-0.016000
-0.015600
0.004636
0.007818
-0.000846
0.004174
0.008000
0.003400
-0.025800
0.003273
-0.018909
-0.008600
0.011200
-0.009500
-0.007800
-0.006200
-0.010400
-0.016400
0.025400
0.005800
0.009400
-0.002400
0.008923
-0.000839
-0.008400
-0.012842
-0.018800
0.008400
-0.009273
0.000727
0.006000
-0.008182
-0.022600
0.009800
-0.004800
0.004600
0.014400
-0.001600
0.004182
-0.025400
0.001800
-0.002200
0.006400
0.001500
-0.009200
-0.000400
-0.016200
0.012833
0.024800
0.001000
0.004400
-0.015000
-0.003400
-0.008600
-0.011000
-0.014364
-0.001800
-0.000182
0.005636
0.005077
-0.014364
-0.009273
-0.006800
0.015500
0.006333
-0.006200
-0.007800
0.001833
-0.007600
0.012462
0.011800
-0.002364
-0.008727
-0.005000
0.004000
0.002462
-0.018000
-0.006000
-0.019273
0.001167
-0.010000
0.002800
0.016600
0.000000
0.004000
-0.017000
-0.002200
-0.002000
-0.000200
0.013800
0.004154
-0.006615
-0.012308
-0.004154
0.010429
0.006500
0.009818
-0.004000
0.002889
-0.001667
0.010909
0.013818
0.001667
-0.003600
-0.004286
0.002400
-0.000333
0.008778
0.001429
0.010923
-0.001455
0.020000
-0.000833
-0.005333
0.005200
-0.002727
-0.004000
0.006833
0.013667
0.012182
-0.008000
-0.001200
0.037455
0.006769
-0.001091
0.010833
-0.010600
-0.009538
-0.005273
-0.008364
0.002462
-0.004154
0.017833
0.010200
0.024308
0.012000
0.013273
-0.010200
-0.001417
0.003217
-0.005840
-0.001833
-0.001583
0.000818
0.008077
0.003920
0.007652
-0.007417
0.000400
-0.010160
0.003048
-0.008815
0.006957
0.003909
0.001391
0.007238
0.002250
0.000000
0.004696
-0.006500
0.001214
0.003739
