0.005600
-0.004400
-0.002545
-0.002600
-0.009600
0.011800
-0.013091
0.004857
-0.004286
-0.009600
0.010308
0.002727
-0.012429
0.002182
-0.000759
-0.006056
-0.001933
-0.006194
-0.006071
0.001360
-0.005000
0.007030
0.000345
0.012667
0.000800
0.005000
0.011400
0.002769
0.004875
0.005000
-0.010909
-0.001273
-0.002182
0.006400
-0.013600
-0.011846
0.001185
-0.000385
0.003643
-0.004437
-0.001778
-0.003143
0.007923
-0.004154
-0.007263
-0.002133
0.001467
-0.007000
-0.003494
0.001851
-0.005368
-0.005205
-0.003273
0.003531
-0.010147
-0.005915
-0.001507
0.004188
-0.001362
-0.006712
-0.011443
-0.005120
0.002595
-0.003105
0.000338
-0.002348
-0.006928
-0.004677
-0.007662
-0.007123
-0.012087
-0.009394
-0.012000
-0.005818
-0.018000
0.008000
-0.009600
0.000500
0.007273
-0.010800
0.002167
-0.003000
0.006000
-0.014364
-0.001200
0.023000
0.005000
-0.010545
-0.022167
0.008200
0.009733
0.016400
-0.003800
-0.002667
0.005800
0.003400
0.012200
0.004000
-0.000909
-0.016600
0.015600
-0.008600
0.003455
-0.008400
-0.014600
0.009833
0.006000
0.003857
-0.002800
0.002000
-0.001833
-0.020909
0.003636
0.000167
0.000727
0.007455
0.006600
0.005800
0.003800
0.004364
0.000286
0.012250
-0.008533
0.001143
-0.010143
0.000286
-0.007429
-0.008000
-0.010429
0.003750
0.000308
-0.005200
0.016000
0.006167
0.013818
0.003000
0.002154
0.013385
-0.011455
0.013692
0.004909
0.017125
0.011000
0.002000
0.006000
-0.000182
-0.009538
-0.017200
-0.000364
-0.009143
0.002250
-0.005455
-0.011889
0.005500
-0.005833
-0.011200
-0.003667
0.000133
-0.006667
0.004600
0.017467
-0.003429
-0.023143
0.018600
-0.015800
-0.007200
-0.020500
-0.014727
0.004200
-0.003425
0.001275
-0.001481
-0.002861
0.004584
0.001049
0.003468
-0.003403
-0.003700
-0.001253
0.002282
0.000800
0.005000
0.011400
0.002769
0.004875
0.005000
-0.010909
-0.001273
-0.002182
0.006400
-0.013600
-0.011846
-0.000207
0.004357
-0.007600
0.009000
0.005077
0.003385
0.006154
-0.003091
0.006429
-0.003429
-0.000182
-0.002250
-0.000273
-0.016069
0.008643
-0.005214
0.017000
0.001200
-0.004400
-0.010400
-0.015400
0.000200
-0.004400
-0.020600
0.012833
-0.009000
-0.001800
-0.015200
-0.008600
0.015600
-0.011600
-0.000200
-0.001333
-0.003667
0.003241
0.001630
0.024000
0.012800
-0.007400
-0.008200
-0.015400
0.006400
-0.001000
-0.003200
-0.003077
0.000200
-0.004400
-0.013600
0.001000
0.013200
-0.003000
0.001600
-0.002348
-0.002643
0.005548
-0.004000
0.010800
-0.000182
-0.000400
0.015400
-0.007091
-0.008800
-0.004000
-0.001200
-0.003400
-0.018800
-0.012200
-0.000200
-0.000800
0.001800
-0.003000
-0.010000
0.005600
-0.004400
-0.002545
-0.002600
-0.009600
0.011800
-0.013091
0.004857
-0.004286
-0.009600
0.010308
0.002727
-0.004643
0.002414
0.002815
-0.004370
-0.003533
0.000667
0.001000
0.001481
0.001500
0.002667
-0.004154
0.006609
0.013909
0.002077
-0.001680
0.000286
0.002000
-0.011600
0.006000
-0.009400
0.005000
0.010800
-0.012000
-0.013200
0.005200
-0.002000
-0.014400
0.008400
0.002400
0.002200
-0.002000
-0.006000
0.002091
-0.001091
-0.001000
0.008609
-0.004400
0.002800
-0.017000
0.001091
0.005091
-0.004200
-0.016800
-0.010167
-0.002600
-0.006000
-0.013000
-0.012800
0.005000
0.004800
-0.010400
-0.006800
-0.002385
-0.000194
-0.010067
-0.002000
0.000800
0.009400
-0.002727
-0.013636
-0.007400
0.001455
-0.015200
-0.001200
0.016000
-0.014600
-0.003600
0.022800
0.005091
0.006800
-0.003000
0.005400
0.004800
-0.006167
0.009600
0.006800
-0.009200
-0.010500
-0.012600
-0.001400
0.001400
-0.010000
0.000400
0.013000
-0.004600
-0.008000
-0.004400
0.003273
0.008364
-0.007692
0.006000
0.022545
0.009400
0.004500
0.003667
-0.004000
0.003200
-0.013167
0.002000
-0.007385
-0.009800
0.007636
0.000000
-0.014000
0.000600
-0.002308
0.011273
0.008600
0.018182
-0.006000
-0.005385
-0.006400
0.001400
0.004857
0.013400
0.005000
0.007000
-0.023800
-0.006000
0.014600
0.001385
-0.017692
0.006154
-0.018923
-0.006571
-0.004000
0.000364
-0.007167
0.008778
0.012500
0.003273
-0.009091
0.004500
0.006600
-0.001286
0.000000
0.008333
-0.000222
-0.005714
-0.002462
-0.008182
-0.023000
-0.003000
0.000667
-0.003867
0.008909
0.005200
0.012500
-0.004500
0.004182
0.002533
-0.017400
-0.017455
-0.017385
0.016364
-0.004000
-0.009000
-0.004615
-0.014545
-0.012727
-0.012154
-0.001077
-0.003167
-0.009400
0.012923
-0.018727
0.007091
-0.012400
0.004833
0.001739
-0.003440
0.002500
0.000417
0.006818
-0.004154
-0.006080
-0.000783
0.000667
0.002880
-0.000800
0.004857
0.005111
-0.004087
0.001273
-0.006261
0.005524
-0.002167
-0.014381
0.002174
0.000083
0.010571
0.000522
