0.004000
-0.002200
0.005091
0.005800
0.009000
0.003400
0.007818
-0.009429
0.004286
-0.006400
0.007077
0.002545
0.004143
-0.001091
0.002759
0.000611
0.000533
-0.002710
-0.015857
-0.005280
0.000750
0.001091
0.002414
0.004571
-0.008800
-0.007000
-0.012400
0.009538
0.006000
-0.004400
-0.008545
-0.014909
0.003636
-0.006000
0.016600
-0.006923
0.013778
-0.007000
-0.004357
0.005562
0.004593
-0.000357
0.002231
-0.001846
0.002421
-0.000267
-0.001200
0.001333
-0.005133
-0.002119
-0.010632
-0.009699
-0.005939
0.000000
-0.011735
-0.001803
-0.008725
-0.008937
-0.014029
-0.000027
-0.005595
0.001760
-0.007649
-0.001263
-0.012031
-0.004870
-0.002667
-0.006646
0.001415
0.000192
-0.007159
-0.006424
-0.006600
-0.004182
-0.002545
-0.000800
0.003800
0.013667
-0.008182
0.001600
0.000667
-0.002286
0.006000
0.004364
-0.000400
-0.005400
-0.010000
0.002364
0.015167
-0.002800
-0.011733
0.011200
0.021200
-0.011000
0.011800
0.000200
-0.007600
0.022200
0.012364
0.019200
-0.001400
-0.004000
-0.002727
-0.009000
-0.008200
0.009833
0.000200
0.011000
0.006800
-0.000364
-0.007333
-0.016182
-0.006000
0.007667
-0.006909
0.004364
-0.010200
0.004400
-0.015600
0.009091
0.009143
0.006875
-0.007067
0.005000
0.006857
-0.009429
0.002286
0.008933
-0.013429
-0.003375
0.004000
-0.007000
-0.007667
0.002833
0.005091
-0.012400
0.013846
0.002308
0.006182
-0.005385
0.002909
0.007750
-0.004333
-0.012545
0.018500
-0.005455
0.009692
-0.000400
-0.009455
0.012857
0.003875
0.008545
-0.006556
-0.011125
-0.008667
-0.015467
0.002000
-0.006000
0.006000
0.000600
-0.001067
0.011571
0.001429
-0.025400
-0.003800
-0.006133
0.018833
-0.006364
-0.005125
0.003954
-0.002925
-0.000222
0.001924
0.004112
-0.005293
-0.001089
-0.004961
0.008975
-0.001600
0.000744
-0.008800
-0.007000
-0.012400
0.009538
0.006000
-0.004400
-0.008545
-0.014909
0.003636
-0.006000
0.016600
-0.006923
-0.002759
-0.003143
0.001680
0.001000
0.008538
0.004154
0.008692
0.010091
0.001571
-0.009643
-0.003909
-0.001917
0.005909
-0.004207
-0.001500
0.004143
-0.005000
0.009800
-0.006800
-0.001200
-0.001400
0.019200
0.021400
0.003000
0.003167
-0.006000
-0.008000
0.000000
0.011200
0.016000
0.009000
-0.002400
0.002083
0.003667
0.000345
0.003259
0.000000
-0.004400
-0.002800
-0.007400
-0.020600
-0.004600
-0.000600
0.005000
-0.014000
0.008600
0.001200
0.020200
0.011000
-0.006200
0.008400
0.003600
-0.000696
0.008786
0.007677
-0.002000
0.005000
-0.000727
0.016400
-0.008600
0.000000
-0.008400
0.012000
0.011200
0.001800
0.013000
-0.004000
-0.008600
0.014200
-0.009600
-0.015400
0.008200
0.004000
-0.002200
0.005091
0.005800
0.009000
0.003400
0.007818
-0.009429
0.004286
-0.006400
0.007077
0.002545
0.001357
-0.002414
-0.011407
-0.008593
0.001133
-0.001833
0.007273
-0.008667
0.000500
-0.001083
-0.002615
0.001043
-0.012909
0.010769
-0.002800
-0.001714
-0.005636
0.002600
-0.009400
-0.012200
0.007200
-0.023200
0.000400
-0.013400
-0.006200
0.003000
0.012400
-0.002200
0.000800
-0.008600
-0.003000
0.017000
-0.003182
-0.000818
-0.000538
0.002696
0.000000
0.001200
-0.000600
-0.002364
-0.004909
-0.001800
-0.007400
-0.006167
0.014200
0.004200
-0.003000
0.009400
0.006400
0.009000
0.021600
0.004600
0.004000
0.002581
0.000133
-0.009579
0.003800
-0.008600
0.006909
-0.000182
0.002000
0.005455
-0.009000
0.005600
-0.011000
-0.007200
0.003400
-0.005400
0.000545
-0.003400
-0.006600
-0.010400
0.009400
0.015667
0.005800
0.006400
-0.001200
-0.011500
-0.000600
-0.011400
-0.013000
-0.022200
0.006200
0.000400
0.016000
-0.003818
-0.001200
-0.013818
0.005091
-0.016615
0.010000
0.000182
-0.000200
-0.016333
0.010667
-0.008000
0.006400
0.011500
0.004400
0.009692
0.002800
-0.005455
0.003273
-0.009400
0.008800
-0.017538
-0.007455
0.007800
0.009091
0.000833
0.006923
-0.027400
0.006400
-0.000571
-0.009600
0.003400
-0.010600
-0.011400
-0.006200
0.008200
0.017692
-0.001231
0.001692
0.004154
0.012571
-0.002833
-0.004182
0.023500
-0.008667
-0.008167
-0.026364
-0.005636
0.006500
-0.009800
-0.006286
0.014400
0.005667
-0.009333
0.003000
0.006154
0.008364
0.001333
-0.007333
0.002833
0.001467
0.003818
0.004400
0.007500
0.011667
0.000000
0.006000
-0.006600
-0.010545
0.005231
-0.004182
-0.015000
0.008600
0.015538
0.009091
0.009273
-0.007692
0.003077
0.004167
-0.011000
0.006308
0.018364
0.013636
-0.009800
0.001833
-0.001478
0.016240
-0.003500
0.013750
0.004091
0.004231
-0.004240
0.016174
-0.000333
-0.006160
0.002720
-0.004762
0.000074
-0.003217
0.003545
0.000174
0.006476
-0.002250
0.011524
0.008087
-0.003333
-0.004500
0.000783
