0.048400
0.067800
0.057455
0.050400
0.029000
0.031400
0.028364
0.011000
0.044286
0.080800
0.029385
0.034545
-0.040929
-0.044182
-0.047310
-0.055111
-0.030067
-0.027677
-0.029500
-0.040720
-0.062583
-0.052303
-0.048414
-0.053429
-0.022400
-0.019000
-0.043200
-0.024462
-0.059875
-0.059400
-0.038545
-0.044000
-0.027091
-0.035000
-0.031800
-0.051538
0.023556
0.031308
0.030714
0.012063
0.048444
0.041786
0.034000
0.042000
0.061316
0.064133
0.059000
0.058917
-0.150916
-0.157522
-0.151526
-0.151918
-0.148848
-0.141250
-0.143500
-0.142000
-0.112783
-0.118500
-0.123594
-0.121178
-0.125114
-0.126747
-0.119838
-0.122026
-0.109108
-0.109594
-0.109913
-0.113138
-0.168369
-0.166055
-0.167478
-0.169485
-0.050800
-0.033636
-0.048545
-0.060000
-0.026000
-0.051667
-0.022545
-0.032600
-0.051000
-0.044143
-0.051818
-0.037091
-0.054600
-0.044000
-0.039600
-0.038909
-0.034167
-0.025200
-0.023067
-0.021800
-0.029600
-0.016833
-0.017400
-0.046800
-0.034000
-0.045200
-0.033273
-0.030400
-0.041400
-0.037400
-0.030545
-0.039000
-0.030200
-0.028167
-0.032000
-0.007857
-0.019400
-0.027818
-0.044667
-0.027455
0.030000
0.014167
0.035091
0.036545
0.027000
0.031400
0.042200
0.025091
0.021143
0.025125
0.046000
0.033429
0.046286
0.037714
0.022286
0.030400
0.016571
0.037750
0.011846
0.051200
0.037833
0.052833
0.046727
0.033800
0.045385
0.040000
0.026909
0.025077
0.043455
0.033000
0.030667
0.055273
0.008125
0.015455
-0.004000
0.001400
-0.006909
0.014429
0.024750
0.011455
-0.009444
-0.003875
-0.000667
0.003333
0.003667
-0.010533
0.003222
0.012600
0.004667
0.009857
0.002143
0.004800
0.013800
0.009467
0.015500
0.011091
0.051775
0.051816
0.057950
0.049679
0.050025
0.047483
0.049634
0.055089
-0.022727
-0.011675
-0.014453
-0.014564
-0.022400
-0.019000
-0.043200
-0.024462
-0.059875
-0.059400
-0.038545
-0.044000
-0.027091
-0.035000
-0.031800
-0.051538
-0.048621
-0.050357
-0.041280
-0.054786
0.006308
0.020308
0.024692
0.012455
0.016143
0.016500
0.007636
0.006250
0.010182
-0.004690
-0.006571
-0.005643
0.006400
-0.010800
-0.018000
-0.004000
-0.032200
-0.059800
-0.024400
-0.032400
0.035500
0.024600
0.021000
0.015800
0.005600
0.010400
-0.012200
-0.014000
-0.011917
-0.011400
-0.010552
-0.017852
-0.019600
-0.034000
-0.037200
-0.030000
0.004600
0.002000
0.006000
-0.008800
-0.014308
0.008800
0.001800
0.020200
-0.002000
-0.007800
-0.017800
-0.014400
0.040522
0.048571
0.044065
0.045048
0.021800
0.015818
0.037800
0.023400
0.012000
0.012400
0.017000
0.006200
0.029400
0.023800
0.026400
0.020800
-0.008400
0.014600
0.008800
0.007800
0.048400
0.067800
0.057455
0.050400
0.029000
0.031400
0.028364
0.011000
0.044286
0.080800
0.029385
0.034545
-0.023357
-0.024483
-0.024296
-0.014815
0.050733
0.051500
0.039909
0.040370
-0.005429
-0.009417
-0.001923
-0.014957
0.027182
0.019077
0.018720
0.010476
0.026182
0.025800
0.010600
0.026800
0.027200
0.015600
0.023200
0.017800
-0.010000
-0.001600
0.010600
-0.007400
0.009400
0.015600
0.020600
0.002600
-0.006455
0.014091
-0.009077
-0.007130
0.029000
0.034200
0.011800
0.024000
-0.000727
-0.005800
-0.014800
-0.003500
-0.022600
-0.024000
-0.011800
-0.038400
0.003800
0.013000
0.000000
0.003600
-0.038538
-0.047290
-0.051467
-0.046947
-0.032000
0.007200
-0.021818
-0.011273
0.013200
0.001091
0.003200
0.000800
-0.012000
-0.030000
-0.022000
-0.029400
0.004182
-0.001800
-0.002000
0.009800
-0.020000
-0.003167
-0.004200
-0.009000
-0.011200
-0.029500
-0.036200
-0.033200
-0.010400
-0.035000
-0.022600
-0.020800
-0.018600
-0.002364
-0.023000
-0.015636
-0.009455
-0.021077
-0.015818
0.002727
-0.035000
-0.036333
-0.039000
-0.020600
-0.016000
-0.030500
-0.031400
-0.029846
-0.026800
-0.017091
-0.028727
-0.008000
0.059200
0.038615
0.039273
0.045800
0.045273
0.050000
0.052769
0.052800
0.029800
0.028571
0.036000
0.027200
0.027200
0.025400
0.014200
0.007800
0.002308
0.005385
-0.020615
-0.004154
0.020571
0.028833
0.008545
0.023667
0.004000
-0.001667
-0.003636
-0.017091
-0.042500
-0.029000
-0.023571
-0.034800
0.001167
-0.020111
-0.003571
-0.006000
0.026000
0.021333
0.027333
0.031500
-0.010133
-0.007273
0.004400
0.019333
-0.029500
-0.021455
-0.027733
-0.031400
-0.039636
-0.039538
-0.048364
-0.018333
-0.032000
-0.042615
-0.032909
-0.029818
0.023692
0.025385
0.020167
0.010200
0.038154
0.000545
0.034000
0.018200
-0.008750
-0.002870
0.009040
0.003250
-0.011750
-0.007273
-0.014923
-0.017360
0.006957
-0.003167
-0.014400
-0.018800
0.005143
0.002815
0.005913
0.010636
0.016870
0.002762
0.013583
0.003524
-0.006522
0.007167
-0.002286
0.003043
