0.015000
-0.012400
-0.012545
-0.003200
0.010200
0.009200
-0.016545
-0.004857
-0.009857
0.008000
0.014308
-0.009455
-0.006571
0.007758
-0.001310
-0.005889
-0.004133
-0.006387
0.000429
-0.005920
-0.003667
0.004788
0.001793
-0.011143
-0.003400
-0.002000
0.002200
-0.010615
0.004750
-0.009600
0.011273
0.006000
-0.011273
-0.010000
0.011600
0.011385
-0.005481
0.011231
0.003786
0.002000
0.003185
0.005214
0.012000
-0.002000
0.002895
-0.007400
-0.003000
-0.013667
-0.006723
-0.007045
-0.003079
0.000849
-0.004515
-0.002000
0.004382
-0.001493
-0.998493
-0.998687
-0.998783
-0.998603
0.003924
0.000400
-0.001730
-0.000474
-0.006308
-0.006116
-0.005536
0.004708
-0.998738
-0.998849
-0.998870
-0.998606
-0.008800
0.005091
-0.001636
0.011400
0.012800
-0.005167
0.014000
-0.013800
0.012000
0.006571
0.007455
0.002909
-0.013000
0.001000
0.000800
-0.005818
0.007833
-0.002800
-0.005733
0.007400
0.016000
0.014667
0.019400
-0.010400
-0.006800
-0.003600
-0.005636
0.017000
-0.010400
-0.028200
-0.014909
-0.019600
0.002400
0.003167
-0.011200
-0.008429
0.021000
0.017455
0.003000
-0.007636
0.018909
0.002667
-0.009455
-0.005273
0.004400
-0.013200
0.015800
0.003091
-0.000857
-0.021000
0.009867
0.002286
-0.007571
-0.001286
0.006857
0.021733
0.004429
0.005625
-0.003538
0.006600
-0.012500
0.012500
0.015273
0.013200
-0.007231
-0.012308
-0.009636
-0.006308
-0.007273
0.010125
0.006667
-0.004182
-0.003125
-0.004000
-0.004154
0.015000
-0.001273
0.002714
-0.008375
-0.002727
-0.004000
0.001125
0.019667
0.006800
-0.000333
0.004800
-0.001889
-0.011000
-0.004133
-0.006714
-0.003000
0.009200
-0.007600
-0.024133
-0.001833
0.010545
0.001025
-0.004207
-0.002275
-0.003877
0.002228
0.001124
-0.002098
-0.003595
0.997481
0.997450
0.997493
0.997667
-0.003400
-0.002000
0.002200
-0.010615
0.004750
-0.009600
0.011273
0.006000
-0.011273
-0.010000
0.011600
0.011385
0.000966
0.000786
-0.002560
0.000071
0.000538
0.008692
-0.007231
-0.008909
-0.004786
-0.006643
0.014000
-0.005917
-0.011545
0.005241
-0.005714
-0.010929
0.023800
0.014600
-0.007800
-0.005600
-0.000600
-0.010200
-0.013800
0.006000
0.003500
0.001600
-0.020600
-0.005600
0.013800
0.005800
-0.003200
0.006400
0.000000
-0.001200
-0.008138
0.003630
-0.004200
-0.015800
0.000600
-0.006000
-0.006200
-0.004200
0.008800
-0.004800
-0.005692
-0.003800
0.002800
0.002600
0.010000
-0.003600
0.014000
-0.007200
0.003391
0.001357
0.005290
0.010952
0.007400
-0.000364
-0.009200
0.002600
-0.011273
0.017400
0.011000
0.000200
-0.001600
-0.019800
0.014000
-0.005000
-0.014200
-0.002400
0.014000
0.003600
0.015000
-0.012400
-0.012545
-0.003200
0.010200
0.009200
-0.016545
-0.004857
-0.009857
0.008000
0.014308
-0.009455
0.002357
0.000414
0.001111
-0.002222
-0.001933
-0.007167
-0.000909
-0.009556
-0.006071
-0.010750
-0.006385
-0.004174
-0.001273
-0.005154
0.000320
0.004952
0.014727
0.003800
-0.009400
-0.005800
-0.001600
0.006800
0.011000
0.006400
-0.006200
0.001600
0.000600
0.001800
0.006400
-0.010000
-0.010600
-0.003400
0.001545
0.010000
-0.004846
0.009304
-0.002000
0.010200
-0.000600
0.006909
0.008545
-0.003000
-0.001600
-0.008667
-0.000800
-0.013000
-0.015000
-0.001600
-0.002200
0.004600
0.005000
0.016400
-0.010154
0.002323
-0.004733
-0.005789
0.002600
0.009400
-0.005818
-0.006364
-0.006200
-0.001636
0.003000
0.016200
-0.008400
0.011800
-0.005600
0.005800
-0.002364
-0.023800
-0.012000
-0.002200
-0.002800
0.007333
-0.022600
-0.002600
0.008000
0.011667
-0.004000
-0.006200
-0.004400
0.019000
0.001800
0.006600
-0.009000
0.008182
-0.005000
-0.008000
0.010000
-0.007692
-0.016364
-0.006909
-0.001800
-0.003167
-0.002500
-0.005600
-0.001400
-0.002000
-0.005600
0.004462
-0.002600
0.007273
0.000727
0.010400
0.002000
0.002308
0.010000
0.000800
-0.018727
-0.024000
-0.008923
0.014600
-0.008800
0.000000
0.004200
-0.012200
0.006600
0.013600
-0.003000
-0.004000
0.014000
0.010308
0.008000
-0.005231
0.019429
-0.002667
0.010182
0.011333
0.013889
0.007500
0.004909
0.000182
0.006333
-0.010600
0.002714
-0.003000
-0.004000
0.002667
-0.005571
-0.010462
-0.018182
-0.019500
-0.013833
0.036000
-0.010267
-0.005273
-0.005800
-0.005333
-0.006833
-0.003273
-0.003067
0.007200
0.004000
0.002154
-0.017636
0.003167
-0.003600
-0.009846
-0.011818
0.003273
-0.002923
-0.004462
-0.003333
-0.005200
0.009077
-0.001818
0.000727
0.005400
0.011750
-0.014174
-0.003760
0.010833
-0.002500
0.009636
-0.000692
0.014560
0.012957
-0.000667
0.000800
-0.003920
0.012190
0.002074
0.001652
0.017000
0.005739
-0.002667
-0.002083
0.008667
-0.003304
0.004583
-0.013857
0.003478
