0.000200
0.004600
-0.005091
-0.003400
-0.012400
-0.018200
-0.003273
-0.001714
0.000000
0.004200
-0.011077
-0.004545
-0.011929
-0.015758
0.001862
-0.002278
0.005400
0.005032
0.008500
-0.006720
0.003167
-0.002485
-0.001655
-0.012952
-0.000200
-0.014800
0.001000
0.002000
-0.008625
0.009800
-0.015636
-0.011273
-0.008727
-0.011800
0.002200
0.000154
0.000519
0.000692
-0.003071
-0.000562
0.002000
0.005714
0.004769
0.008769
0.004842
0.002800
-0.001867
0.007917
-0.020530
-0.017821
-0.019000
-0.017945
-0.016697
-0.018219
-0.013529
-0.011099
-0.025681
-0.023844
-0.026435
-0.025014
-0.011266
-0.013067
-0.016108
-0.022605
-0.013569
-0.015710
-0.013217
-0.017938
-0.020892
-0.022493
-0.021101
-0.024879
0.009400
0.002182
0.004364
0.000200
-0.003200
0.008333
0.002000
0.000800
-0.002333
-0.005286
-0.013455
-0.022364
0.001400
0.006200
-0.005400
-0.017818
-0.004167
0.008400
0.004267
-0.003800
-0.002400
-0.009333
-0.006400
-0.010200
-0.017800
-0.012800
-0.007091
-0.017200
0.006600
-0.016600
0.009818
0.017800
-0.003400
-0.007333
0.006200
-0.000143
-0.009800
-0.004545
-0.013667
0.010727
-0.016727
-0.000667
0.001636
0.010727
0.011200
0.005800
-0.009200
0.013455
-0.004286
-0.002375
-0.002000
0.000857
-0.005571
0.005714
0.001571
0.003200
-0.007286
-0.004375
0.005077
0.005400
-0.001833
0.020167
-0.002909
0.004000
0.008308
0.001231
0.012909
0.010769
-0.006182
-0.009875
0.004500
0.000364
-0.004375
0.004000
0.001231
0.009400
0.004000
-0.007857
0.009375
0.015818
0.013222
-0.010375
-0.006500
0.015600
0.002667
0.004533
0.004778
0.000000
-0.003600
-0.008714
-0.012000
0.017400
-0.000200
0.009333
0.011000
-0.023273
0.004100
0.004920
0.002725
0.003235
0.002025
0.012315
-0.001146
0.003975
-0.003506
-0.002275
-0.002027
-0.003846
-0.000200
-0.014800
0.001000
0.002000
-0.008625
0.009800
-0.015636
-0.011273
-0.008727
-0.011800
0.002200
0.000154
-0.004276
-0.008429
0.009040
-0.000929
-0.001615
0.005923
-0.014462
0.005000
-0.004357
0.004786
-0.007636
0.008750
-0.006545
-0.001724
-0.004000
-0.004071
-0.019600
-0.006800
-0.005600
-0.014000
-0.002000
-0.002600
-0.002200
0.002200
0.010500
-0.004600
0.014200
0.016000
0.007800
-0.005200
0.009800
0.000200
0.012167
-0.009467
0.003517
-0.002815
0.005800
0.005200
-0.002000
-0.006800
-0.013600
-0.003000
0.022200
-0.012600
-0.012769
0.000000
-0.000600
-0.008400
0.006400
-0.004400
-0.007800
0.018000
0.005739
0.002714
0.002774
0.005524
0.000200
0.012000
0.005800
0.013400
-0.003091
0.008400
-0.007600
-0.002200
-0.008400
-0.008600
-0.004800
0.015000
0.006400
-0.015800
0.006400
-0.008800
0.000200
0.004600
-0.005091
-0.003400
-0.012400
-0.018200
-0.003273
-0.001714
0.000000
0.004200
-0.011077
-0.004545
0.002500
0.000828
-0.007185
-0.006963
0.011067
0.004167
0.005182
0.010444
-0.001643
0.003333
-0.000231
-0.002174
-0.002000
0.003231
-0.006400
-0.005810
-0.005818
0.022200
-0.004200
-0.005200
-0.002000
0.004400
0.006400
-0.014800
0.005200
0.012400
-0.007400
-0.010000
-0.007800
0.007600
0.001600
-0.009000
-0.002273
-0.011182
0.002385
-0.002696
-0.002400
-0.011200
0.003800
-0.010545
-0.002909
-0.011600
-0.009600
0.001500
-0.006400
-0.004000
0.015200
0.009400
0.007200
-0.005800
0.005400
-0.007400
0.005692
-0.005935
-0.004533
-0.006842
0.002400
-0.014000
0.013091
-0.006364
0.012800
-0.004182
-0.017000
-0.005600
0.020000
0.002200
-0.008200
-0.005400
0.004545
-0.008000
0.006400
0.000600
-0.005200
-0.009333
-0.006200
-0.000600
0.005200
-0.001833
-0.002200
0.019800
-0.000400
-0.003400
-0.001000
0.003200
-0.021800
-0.005818
-0.010600
-0.016545
0.020545
0.001846
-0.007091
0.009818
-0.009000
0.007500
-0.005333
0.007400
0.004200
0.014500
0.011000
-0.000308
0.012400
-0.009091
0.011636
-0.009000
-0.004800
-0.008154
0.007636
-0.004600
0.005455
-0.002000
-0.002769
0.012000
0.000000
0.002571
0.012800
-0.008200
0.002800
-0.003600
0.013600
-0.010600
-0.005846
0.005231
-0.003385
-0.004923
0.019571
-0.002167
-0.000545
-0.012500
-0.003111
0.009333
0.009091
-0.010182
0.019000
0.008800
-0.009857
-0.013200
-0.012833
0.009000
-0.008000
0.005385
-0.014909
-0.001333
0.003667
0.005833
-0.003733
-0.002000
-0.006600
0.025000
0.002500
-0.002364
0.017733
-0.001800
-0.005091
-0.019385
-0.009455
-0.011167
-0.007400
-0.024615
0.006364
0.007091
-0.014923
0.012615
0.015500
-0.006600
-0.001231
0.014545
-0.002727
0.006600
-0.003000
0.003652
-0.002480
0.000750
0.009083
0.004364
-0.006000
-0.003680
-0.010870
-0.000083
0.006480
-0.009920
-0.000095
0.001037
0.000609
-0.005273
-0.006696
0.006762
-0.004250
0.003429
-0.005304
-0.002917
0.003786
-0.005217
