0.019000
-0.005800
-0.006909
0.002400
0.010200
0.013000
0.009818
-0.000143
0.006000
0.024200
0.018769
0.018909
-0.019429
-0.015758
-0.010483
-0.017389
-0.016000
-0.007161
-0.015929
-0.017920
-0.017333
-0.003091
-0.012621
-0.008000
0.000200
0.005400
-0.003600
-0.012000
-0.012625
0.000600
-0.011273
-0.013091
-0.013091
-0.013800
-0.002600
-0.029846
-0.004222
0.010231
0.001143
0.003312
0.014963
0.012857
0.002615
0.025077
0.020526
0.000400
0.011200
0.014000
-0.037663
-0.044299
-0.039711
-0.038329
-0.032667
-0.032063
-0.040824
-0.034451
-0.078058
-0.075094
-0.082116
-0.077699
-0.039215
-0.043093
-0.039703
-0.036368
-0.034369
-0.040377
-0.045826
-0.039446
-0.070769
-0.068000
-0.069391
-0.073121
0.007400
-0.010727
-0.005455
-0.016800
-0.006000
-0.009333
-0.005273
0.008800
0.007333
-0.007857
-0.005455
-0.009091
-0.009800
0.023600
-0.006200
-0.009091
-0.013333
0.003000
0.022533
0.012800
0.007400
0.009167
-0.002600
-0.002800
0.007600
-0.019600
-0.010182
-0.007200
0.009400
-0.006600
-0.003273
-0.009000
0.000000
0.003000
0.003200
-0.005143
0.006000
-0.002364
0.001333
0.004727
-0.010182
-0.016333
-0.006000
-0.008000
-0.003800
0.002400
-0.014200
0.000545
0.004714
0.003375
0.012267
0.019857
-0.004571
0.000429
-0.001000
0.004267
0.003714
0.003375
-0.003077
0.013800
-0.008833
0.013833
-0.005818
0.006200
0.006154
0.003231
-0.003818
0.007231
0.022727
0.009875
-0.007500
0.005818
-0.005000
0.001636
-0.003077
0.008000
-0.003636
0.002429
0.006250
-0.000545
0.003111
0.005000
0.009000
0.014000
0.000167
-0.001600
0.002667
0.006000
-0.008800
-0.004143
0.014571
0.010000
-0.014600
-0.007600
0.008833
0.018000
0.010875
0.014782
0.005950
0.012840
0.013013
0.010831
0.012683
0.016430
0.008286
0.008650
0.008427
0.012000
0.000200
0.005400
-0.003600
-0.012000
-0.012625
0.000600
-0.011273
-0.013091
-0.013091
-0.013800
-0.002600
-0.029846
0.006759
0.001000
-0.005200
0.006071
-0.017692
0.008000
0.000923
0.009909
-0.003929
0.003143
-0.006636
0.001250
-0.000909
0.003103
0.000500
0.005071
-0.007800
-0.002600
-0.006000
0.013000
0.007800
0.009200
0.012800
0.007000
0.012000
-0.002000
0.009800
0.011200
-0.013600
0.006000
-0.009400
-0.015000
0.013167
0.004067
0.007241
-0.003852
0.012800
0.020800
-0.026400
-0.001400
0.000800
-0.013600
-0.013000
-0.023600
-0.000923
0.014000
-0.022400
-0.006200
0.010400
0.002600
-0.007200
0.014000
0.010000
0.001214
-0.000903
-0.002476
-0.004800
0.000364
0.014800
-0.005600
-0.003091
0.004600
-0.007000
-0.001800
-0.002400
-0.005000
0.001600
0.006000
0.007800
0.015400
-0.013400
0.003400
0.019000
-0.005800
-0.006909
0.002400
0.010200
0.013000
0.009818
-0.000143
0.006000
0.024200
0.018769
0.018909
0.009429
-0.002897
0.006222
-0.005333
-0.006467
-0.006917
-0.005091
-0.017556
0.018500
0.000417
-0.006692
0.012522
-0.001182
0.002308
-0.002160
0.002667
-0.006000
0.022400
0.007200
-0.009600
-0.009600
0.008000
0.013200
0.008000
-0.015000
0.007000
0.012400
-0.015600
0.011000
-0.007200
-0.000600
0.005000
0.000818
-0.007818
0.001462
0.004174
-0.010200
-0.010200
0.010600
-0.006364
-0.000364
0.008400
0.006400
0.006833
0.002400
0.001000
-0.013600
0.016800
-0.010400
0.010200
0.018200
0.012400
0.000923
0.012258
0.005600
0.005579
-0.023200
0.002000
-0.030364
0.004364
-0.014600
-0.001818
0.000200
0.019200
0.002800
0.005800
0.002200
0.001400
0.019455
0.018200
0.010400
0.028000
0.004000
0.015167
-0.006200
-0.004800
0.005200
0.003667
-0.010800
0.013800
-0.000600
-0.016800
-0.012800
0.004000
-0.021800
0.009273
-0.014400
0.002364
-0.003818
-0.010308
0.004909
-0.007091
-0.002600
0.001333
0.016667
0.008200
0.013800
-0.012333
0.012800
-0.013692
-0.005200
0.010364
-0.011818
-0.023200
-0.013800
0.028923
0.004909
0.001400
0.004727
-0.005000
-0.012154
0.011000
-0.011200
0.005714
0.009600
-0.004000
0.000200
0.029000
0.001000
-0.000800
-0.013231
0.002615
0.004462
-0.004615
-0.005286
0.012167
-0.002364
0.008333
0.014111
-0.004333
0.014000
0.001091
0.011167
-0.000200
0.004571
0.003800
0.004500
-0.006444
-0.001000
-0.001385
-0.000364
0.000333
0.011500
-0.004500
-0.009333
-0.001091
0.000200
0.018667
0.012500
-0.001818
-0.018133
-0.010200
0.014182
-0.014000
-0.018000
0.000500
0.008400
-0.009385
-0.016000
-0.007636
-0.021385
0.016000
0.032833
-0.000800
-0.005385
0.018364
0.007636
0.006800
-0.011333
-0.002087
-0.007840
-0.004000
0.001750
0.010273
-0.013846
0.006640
-0.000957
0.009500
0.008240
0.002880
-0.010095
0.006296
-0.006783
-0.009545
0.004957
0.005048
0.011583
0.006286
-0.006261
-0.007750
0.003786
0.002870
