-0.009600
-0.004200
-0.001818
0.009200
-0.001000
0.021600
0.024727
0.005429
0.012571
0.012400
-0.002769
0.003273
-0.015714
-0.006242
-0.010828
-0.017889
-0.010667
-0.010194
-0.004357
-0.010480
-0.006000
-0.000848
-0.000690
-0.001905
0.006200
-0.008400
-0.009000
-0.005692
-0.002375
0.008000
-0.020364
-0.002364
0.007455
0.008400
-0.024600
-0.012154
0.013259
0.011769
0.014071
0.014250
0.020148
0.019357
0.023154
0.015385
-0.006158
-0.000333
0.009267
-0.006667
-0.037807
-0.041522
-0.033158
-0.029288
-0.028879
-0.036156
-0.035235
-0.035606
-0.062783
-0.058844
-0.060986
-0.053863
-0.026228
-0.032133
-0.030784
-0.036737
-0.032277
-0.028087
-0.032667
-0.035138
-0.043600
-0.041863
-0.047942
-0.049606
-0.013800
-0.016364
0.010000
-0.009600
0.000600
0.009000
0.009091
0.005800
-0.022167
-0.017143
-0.019636
0.001636
0.002200
-0.003800
-0.014400
-0.010727
0.012333
0.005200
-0.006267
-0.019600
0.001200
-0.002667
-0.003600
-0.006800
0.003800
0.009200
0.005273
-0.002000
0.007800
0.015400
0.012000
0.023400
-0.003200
-0.001500
0.013400
0.000143
-0.006000
-0.005636
0.011000
-0.007636
0.000000
0.004000
0.004727
-0.021091
0.013400
0.007600
0.005400
0.013818
0.000714
0.013250
0.004533
0.014429
-0.001000
0.007000
0.003857
-0.007333
0.021143
0.008000
0.018923
-0.009000
-0.005333
0.015000
-0.009273
-0.006600
-0.008462
0.006000
0.008364
0.007692
0.003636
0.007000
-0.004500
0.011455
-0.007625
-0.003091
-0.011385
-0.004200
-0.016727
-0.002429
-0.005375
-0.005818
0.003667
0.007750
0.005333
0.009200
-0.002833
-0.010000
0.001000
0.003000
0.009733
0.006571
0.010286
-0.003000
-0.011000
0.003333
0.011833
-0.002909
0.001325
0.009218
0.005675
0.008370
0.005722
0.010764
0.009293
0.005468
-0.004935
-0.010625
-0.003040
-0.000744
0.006200
-0.008400
-0.009000
-0.005692
-0.002375
0.008000
-0.020364
-0.002364
0.007455
0.008400
-0.024600
-0.012154
0.006690
0.009143
0.003120
0.001357
0.000154
-0.010692
-0.006692
0.007455
0.004857
0.000214
0.005182
0.002583
0.004364
0.001241
0.008857
0.002071
0.002400
0.007200
-0.013400
-0.000800
0.001600
-0.003800
0.008800
-0.012200
-0.023000
0.000600
-0.008200
0.000000
-0.002000
-0.019000
0.000600
-0.003400
0.010917
-0.006333
-0.005517
0.002074
-0.012800
-0.010800
0.006400
-0.000200
0.009800
-0.004600
-0.000400
-0.002400
-0.004462
-0.007200
0.001000
0.008200
-0.004600
0.006000
0.003000
-0.012200
-0.009826
-0.015571
0.001290
0.003714
-0.014200
0.015455
0.012800
0.013200
-0.019091
0.000600
0.001200
-0.007800
0.002600
-0.009600
0.009200
-0.009600
0.004600
0.014000
-0.004200
0.028600
-0.009600
-0.004200
-0.001818
0.009200
-0.001000
0.021600
0.024727
0.005429
0.012571
0.012400
-0.002769
0.003273
-0.001143
0.002552
0.004444
0.000296
0.004533
-0.005167
-0.010273
0.009037
-0.004357
-0.004750
-0.005077
-0.020783
0.002727
0.010615
0.002640
0.001429
0.014545
-0.007800
0.005800
0.016200
-0.016600
0.014600
0.002400
-0.018200
-0.003600
0.002400
-0.005000
-0.016200
0.000800
0.008200
-0.014200
-0.010000
-0.001091
0.000727
-0.004385
-0.006348
0.006400
0.002800
-0.002800
0.003818
0.004182
0.000200
-0.005400
0.005833
-0.006600
-0.023000
-0.003600
-0.002800
0.001800
0.011600
0.002400
0.001400
-0.002615
0.004323
0.006200
-0.001684
-0.012200
-0.000200
-0.003818
-0.008000
-0.020200
0.006545
0.021400
0.007400
-0.001400
0.008000
0.004600
0.013600
-0.002000
-0.005400
0.003400
0.005800
-0.010000
-0.005333
0.003800
0.015600
0.008000
-0.005667
-0.005400
-0.007000
0.014000
0.003000
0.013800
0.004200
0.002600
-0.004545
-0.017800
0.002182
-0.002545
-0.023077
0.002000
-0.007455
-0.006000
-0.004833
0.011000
0.005000
-0.002400
-0.012500
0.000800
-0.001692
-0.012600
-0.006545
0.018182
-0.001400
-0.009400
-0.004769
0.001455
-0.012200
0.006000
-0.018333
0.007231
0.002000
0.001200
-0.000429
-0.005800
-0.004400
-0.012600
0.014400
-0.005600
-0.006200
0.012000
-0.012000
-0.000308
-0.004462
0.010286
-0.002667
-0.006545
0.019000
-0.005222
-0.005667
0.010545
0.000182
0.005667
0.008600
0.005143
0.005400
-0.008667
0.003556
-0.008286
0.013385
0.012364
0.019833
-0.009167
-0.000667
-0.011733
-0.005636
-0.013400
0.010000
0.011333
0.007091
-0.010400
-0.014600
0.005636
-0.009538
-0.014364
0.006500
-0.003000
-0.002923
-0.000545
-0.002909
0.018308
-0.010308
0.002000
-0.007800
0.004923
-0.006909
0.008182
-0.018000
0.000750
-0.004957
0.005360
0.001500
0.006750
-0.001364
-0.001846
-0.000400
-0.008087
0.010500
0.009920
-0.008080
-0.003905
-0.010815
0.001304
-0.005636
0.004261
-0.010095
0.005583
-0.001429
-0.001391
-0.007417
0.013500
-0.007565
