0.032000
0.020200
0.019273
0.013400
-0.002000
0.000400
-0.007455
-0.005429
0.004143
0.016600
-0.005385
0.009273
-0.003500
-0.007273
-0.003931
-0.007000
-0.008133
-0.012645
-0.013643
-0.016320
-0.025417
-0.016000
-0.021655
-0.013333
-0.007000
-0.009400
-0.002800
0.002615
-0.008125
-0.023400
-0.022545
-0.006545
-0.022000
-0.004800
-0.001400
0.003077
0.007630
-0.000385
-0.001571
0.013125
0.001704
0.007214
0.010538
0.001231
0.021368
0.021467
0.008733
0.022500
-0.051711
-0.048179
-0.052079
-0.050000
-0.046182
-0.049875
-0.044647
-0.049183
-0.091826
-0.090875
-0.087478
-0.083945
-0.058759
-0.053760
-0.059081
-0.049553
-0.045292
-0.042870
-0.046986
-0.045600
-0.095692
-0.095945
-0.100377
-0.094576
-0.004400
-0.002364
-0.000909
0.009000
-0.000400
0.000000
0.010364
-0.009000
-0.017167
-0.023714
0.004364
-0.031818
0.001200
-0.009200
0.006200
0.002727
0.010500
0.002800
0.001333
0.027000
-0.000600
0.004333
0.009600
-0.015400
-0.021200
-0.005400
-0.017091
-0.018600
-0.005800
-0.017600
0.002000
-0.000200
-0.026600
-0.028500
-0.012200
-0.010143
-0.018000
0.006727
0.001667
-0.005455
-0.006545
-0.002500
-0.016182
-0.007636
0.019200
-0.017000
0.000600
-0.005455
-0.016000
0.010875
0.013467
0.015143
-0.004571
0.009429
-0.009000
0.010133
0.006857
0.016250
0.017692
0.019600
0.004833
-0.017833
0.004182
0.002800
0.000615
-0.002308
-0.000545
-0.007231
-0.009636
-0.000375
-0.004333
0.003636
0.016125
0.012545
0.011538
-0.002400
0.002182
0.000571
0.001750
-0.005818
0.016000
0.009625
0.014333
0.024267
-0.000333
0.000533
0.006778
0.003800
-0.000800
0.024714
0.004714
0.026600
-0.007600
0.013067
-0.012500
0.010182
0.015650
0.008805
0.018525
0.017531
0.017519
0.017573
0.015683
0.013139
0.014156
0.016925
0.012853
0.011744
-0.007000
-0.009400
-0.002800
0.002615
-0.008125
-0.023400
-0.022545
-0.006545
-0.022000
-0.004800
-0.001400
0.003077
0.007724
0.006786
0.014240
0.005357
0.002769
-0.001692
-0.001154
-0.002091
0.000429
0.000429
0.000545
0.005583
-0.009636
0.002690
0.000500
-0.001714
-0.004400
-0.002600
0.000200
0.025600
0.015200
0.006800
-0.004000
-0.018000
-0.004667
0.001400
0.004400
-0.004200
-0.004200
0.003800
0.002800
-0.003000
-0.005917
-0.006000
-0.011034
-0.003481
0.003200
-0.003000
-0.014400
-0.011200
-0.015000
-0.008400
-0.001800
-0.000400
-0.001692
0.000000
0.009200
0.007200
-0.009600
-0.013400
-0.009400
0.004400
0.010348
-0.004500
-0.003806
0.015333
-0.012200
0.007091
0.000400
0.003800
-0.010182
0.000400
0.006400
0.008400
0.001600
0.005200
0.008600
-0.001000
0.008600
-0.007000
-0.005000
-0.002600
0.032000
0.020200
0.019273
0.013400
-0.002000
0.000400
-0.007455
-0.005429
0.004143
0.016600
-0.005385
0.009273
-0.000286
-0.004138
0.001852
-0.014889
-0.005933
-0.012083
-0.000909
0.005778
0.005357
-0.000083
0.004308
0.001565
0.007273
-0.002615
0.011600
0.007429
-0.008545
0.001200
0.009000
-0.008200
-0.008000
-0.005600
0.020200
0.020800
0.002000
0.010000
-0.012600
0.015800
0.005600
-0.010400
0.009400
0.017800
-0.004273
-0.000727
-0.009692
0.006174
0.013000
-0.003000
0.001800
0.007636
0.015091
-0.008200
0.014000
0.007333
0.004600
0.002400
-0.005600
0.002800
-0.005600
0.001400
0.012400
0.006200
0.009769
-0.005613
0.001600
-0.006737
-0.006800
0.000000
0.001455
0.004364
-0.008000
-0.003273
0.011600
0.004000
-0.013600
-0.012400
0.011200
0.005800
-0.007091
0.004800
0.011800
0.001200
0.014200
0.006333
-0.025400
0.004800
0.006400
0.019833
-0.007400
0.008600
0.003800
0.007800
0.009200
-0.001000
-0.010600
-0.009818
-0.015200
0.011091
0.006364
-0.009231
0.020909
0.014727
-0.003400
0.015333
-0.011833
-0.000400
0.024000
0.002667
-0.007600
-0.000769
-0.003600
-0.012182
-0.002000
0.001200
-0.010400
-0.009385
0.006545
-0.011600
-0.010727
-0.005500
-0.009231
-0.005400
-0.007600
-0.015857
-0.025200
-0.005600
-0.002000
-0.003600
-0.011800
0.003000
0.010000
-0.008000
-0.010000
-0.002462
0.007857
0.001333
0.003091
-0.003667
0.003778
-0.002500
-0.010364
0.003818
-0.028833
0.008000
-0.001429
-0.007000
0.013833
0.002667
0.010143
-0.003077
-0.016364
-0.002667
0.001500
0.004833
0.004133
0.000182
0.021000
-0.005000
0.000833
-0.001818
0.003867
0.002000
-0.013455
-0.003692
-0.003273
-0.005833
0.003200
0.001077
-0.014909
0.011636
0.000308
-0.005231
0.000000
-0.023200
0.004615
-0.017091
-0.005455
-0.008600
0.002250
0.002435
0.002560
0.007250
0.007000
0.001545
0.008308
-0.004160
-0.003913
0.003000
-0.000640
-0.004480
-0.002000
-0.015259
0.002783
0.002636
-0.000087
0.004000
0.007167
0.011524
0.002087
0.008000
0.003500
0.002348
