0.005400
0.003800
0.006182
-0.001600
0.003200
0.001800
0.001818
0.001714
-0.003571
0.006000
0.012615
0.009273
-0.011571
-0.000667
-0.000414
-0.002278
-0.010800
-0.005161
-0.011571
-0.004400
-0.002417
-0.012545
-0.018000
-0.006571
0.011400
-0.010000
-0.008000
0.006615
0.002500
-0.005800
-0.011455
-0.001818
-0.001818
-0.004200
-0.018200
-0.002154
-0.002444
0.000538
0.002429
-0.003500
0.003704
-0.004786
-0.004231
0.008846
0.005053
-0.003067
0.006733
-0.001083
-0.015446
-0.016746
-0.012211
-0.019068
-0.012364
-0.007188
-0.012971
-0.009155
-0.012493
-0.016688
-0.010000
-0.010027
-0.008051
-0.009547
-0.008054
-0.012447
-0.007169
-0.010551
-0.008551
-0.005662
-0.010985
-0.006055
-0.005681
-0.019727
-0.004200
0.020727
0.007636
-0.001600
-0.010400
-0.005833
0.008000
0.009800
-0.014667
-0.006857
-0.021273
-0.002000
-0.010600
-0.006000
-0.010800
-0.007818
0.006000
-0.007000
-0.016267
-0.023400
0.007000
-0.005167
0.005000
-0.002200
0.005600
0.007800
-0.005636
-0.005400
-0.000200
-0.006800
-0.010727
-0.009800
-0.001600
0.000667
-0.010600
0.012714
-0.000600
-0.009091
-0.008167
0.018545
0.015091
0.000333
0.020909
0.014545
0.007800
-0.007200
-0.002800
0.008545
-0.000143
-0.003625
-0.001200
0.004000
0.009143
0.007143
0.001714
-0.006933
0.002286
0.000625
-0.001231
-0.004800
-0.005000
-0.012000
0.000909
-0.004200
0.002923
0.008462
0.004545
0.016923
0.003091
0.002250
0.001167
0.007818
-0.004000
-0.002909
0.002462
0.003400
0.004909
-0.001143
-0.007375
0.008000
0.006889
-0.006500
0.012000
0.004533
0.003167
-0.011600
-0.002556
-0.001200
-0.016133
0.000143
0.002429
-0.011800
-0.002400
0.008133
-0.002500
-0.006545
0.005900
0.001586
0.002650
0.002099
0.002203
0.000764
-0.004659
0.008278
0.001429
-0.003450
-0.001333
-0.001462
0.011400
-0.010000
-0.008000
0.006615
0.002500
-0.005800
-0.011455
-0.001818
-0.001818
-0.004200
-0.018200
-0.002154
0.003448
0.001000
0.001200
-0.001857
0.004846
0.008000
0.005231
0.003909
0.012500
-0.006857
-0.001364
-0.001917
-0.002000
-0.001034
-0.003571
-0.009643
0.002600
-0.002000
0.015400
0.011600
0.006400
0.010600
-0.014400
-0.008600
-0.006500
0.009000
0.001600
0.020000
0.000800
-0.003200
0.002600
-0.008600
-0.012833
0.002467
-0.003448
-0.007704
-0.011200
-0.015400
-0.005000
-0.008200
-0.012200
-0.005600
0.006200
0.003800
-0.007692
-0.003400
0.012600
0.007000
-0.007200
0.016600
-0.016200
-0.017000
0.007478
0.003286
0.013032
0.004667
0.003000
0.004909
0.006600
-0.003200
-0.016727
0.000800
0.029800
-0.005800
-0.006000
0.009400
0.010600
-0.018200
0.001600
0.002000
-0.016800
0.003000
0.005400
0.003800
0.006182
-0.001600
0.003200
0.001800
0.001818
0.001714
-0.003571
0.006000
0.012615
0.009273
-0.006571
-0.005034
-0.001852
0.002074
0.001400
0.012250
-0.002273
-0.004370
-0.009071
0.011583
0.002308
-0.005391
-0.008182
-0.008846
0.003040
0.003810
-0.002364
-0.009400
0.003600
0.008800
-0.005400
-0.005400
0.000600
0.008600
0.003400
-0.003600
-0.010600
-0.013000
-0.003400
0.001200
-0.007000
0.005600
0.005727
-0.009273
0.000231
0.004348
0.005000
-0.010200
-0.004000
0.001273
-0.002364
-0.007400
0.017400
-0.006667
-0.008600
-0.017200
0.003800
-0.021400
-0.002200
0.006200
-0.007800
-0.001200
0.007231
-0.002774
0.009200
-0.009053
-0.005000
0.005200
-0.010182
-0.001273
-0.000800
0.000727
-0.010200
0.010600
-0.003800
0.019400
-0.011000
-0.002400
-0.001455
0.016400
-0.001400
0.010000
-0.005400
0.001833
0.009800
0.002800
-0.010400
0.001167
0.004600
0.001800
0.006800
0.001600
0.003000
0.023400
0.007600
-0.006000
-0.005000
0.001455
-0.004364
-0.010000
0.010909
0.004545
0.003600
-0.004833
-0.009833
-0.001800
0.012600
0.008833
0.003800
0.007077
-0.012400
-0.007818
0.004545
-0.012000
-0.000200
0.013231
0.013636
-0.010000
0.016909
0.002667
-0.002462
0.006200
0.009400
-0.001143
0.016200
-0.005000
-0.021600
0.001400
-0.021400
0.001200
0.013231
0.017385
0.001538
0.005077
0.006571
0.002500
-0.003818
0.000167
-0.000889
-0.002667
-0.000364
0.014545
-0.008500
-0.003600
-0.007143
0.010200
0.000333
0.000778
0.005286
-0.008308
-0.003091
0.006500
0.009333
0.002667
0.008133
-0.003455
-0.013600
-0.017167
-0.006167
-0.004364
0.003867
-0.010600
0.000909
-0.006000
0.008909
0.009500
-0.005800
0.001077
-0.003273
0.011818
-0.010154
-0.006769
-0.004167
0.009400
0.002000
0.000182
0.014909
-0.010800
-0.002417
0.003913
0.004400
-0.003000
-0.001417
-0.003273
-0.009615
-0.001200
-0.001304
0.001083
0.000160
0.006560
-0.004571
0.002741
0.001478
-0.013091
-0.008174
-0.005429
-0.003333
-0.006000
0.018000
-0.004417
-0.005357
0.006261
