0.003263
0.005636
-0.008000
0.006000
0.001600
0.002500
0.016800
0.001700
-0.032200
0.025100
0.087200
-0.003000
-0.000800
0.018100
-0.003200
0.001100
0.002900
-0.011600
0.004000
-0.007400
0.005400
0.005700
0.005200
0.039600
-0.000100
-0.003900
-0.006200
-0.004800
0.003000
0.006500
0.003000
0.007100
0.011300
-0.029400
0.013200
0.003800
-0.007800
-0.007700
-0.001100
-0.006800
0.000900
-0.007500
-0.002800
-0.008000
-0.003600
-0.021200
0.011200
-0.017800
-0.008400
0.000200
-0.007200
0.032400
0.076800
-0.024400
0.003200
0.013200
-0.000200
0.004800
-0.002800
-0.013800
-0.005800
-0.006000
-0.000200
0.003400
0.000600
0.037400
0.007200
0.004800
-0.003400
0.014000
-0.013400
0.011200
0.000000
-0.011600
-0.003000
-0.024200
0.017000
-0.013200
0.001000
0.000600
-0.005200
-0.015000
-0.003000
-0.003000
-0.958200
-0.803800
-0.735600
-0.869800
-0.969600
-0.832000
-0.767400
-0.976000
-0.986200
-0.857000
-0.424800
-0.961400
-0.942600
-0.954600
-0.979600
-0.958600
-0.446600
-0.754600
-0.916600
-0.990800
-0.967600
-0.924200
-0.961000
-0.717000
-0.924200
-0.967000
-0.415600
-0.955800
-0.814200
-0.928200
-0.910200
-0.909800
-0.866200
-0.964400
-0.880600
-0.989000
-0.981800
-0.957200
-0.935400
-0.887400
-0.714800
-0.902600
0.005818
0.051333
0.019600
-0.002200
-0.003700
-0.006600
-0.006300
-0.014400
0.011100
0.009800
-0.004800
-0.043100
-0.001900
-0.006900
0.004100
-0.002700
0.161900
-0.003500
0.007900
0.003200
0.027500
0.004500
0.003800
-0.010800
-0.023400
0.002500
-0.009900
0.005900
0.000300
0.001300
0.000600
-0.001500
0.002800
0.007300
0.001200
-0.000900
0.003100
0.006100
-0.001700
0.002000
0.007000
0.011789
-0.000400
0.074000
0.025000
-0.000200
0.001800
-0.021000
-0.015800
-0.004000
0.007400
0.012600
-0.000600
-0.031000
0.002600
0.007600
0.011000
-0.008600
0.171000
-0.002400
0.004000
0.009800
0.003000
-0.006200
-0.007800
0.000600
-0.030000
0.006600
0.011800
0.006400
0.005200
0.007400
-0.008000
-0.004600
0.023600
0.007400
-0.010200
0.007600
0.021400
0.010400
0.000200
-0.001200
0.007000
0.044400
-0.972800
-0.772800
-0.875000
-0.978600
-0.966800
-0.655800
-0.979200
-0.982800
-0.957800
-0.389400
-0.726400
-0.962200
-0.950200
-0.958000
-0.958000
-0.969600
-0.434800
-0.966800
-0.931600
-0.989200
-0.929000
-0.968600
-0.736400
-0.941800
-0.931600
-0.729800
-0.524600
-0.893400
-0.896600
-0.887800
-0.900000
-0.855600
-0.955800
-0.968800
-0.899800
-0.980600
-0.963000
-0.934400
-0.983600
-0.656800
-0.940400
-0.904000
0.004400
-0.057800
-0.005800
-0.010600
-0.011000
-0.015800
-0.004200
-0.010800
-0.025000
0.006400
-0.014800
0.010800
-0.001000
-0.005600
0.001600
-0.006400
-0.182600
0.007400
-0.002400
-0.012600
-0.028800
-0.009400
-0.015000
0.015200
0.026200
-0.005600
0.007400
0.017000
0.009200
-0.001600
-0.030200
-0.020000
-0.001400
-0.018800
0.003200
-0.003200
0.021600
-0.015400
-0.005800
0.010800
0.006200
0.002000
0.002000
-0.004000
-0.001600
-0.004600
0.002600
0.009800
-0.012800
-0.017600
-0.013200
-0.006800
-0.006800
0.007200
0.000000
-0.010200
0.007600
-0.006600
0.006400
-0.011600
0.015000
-0.025800
-0.001400
-0.015200
0.008200
0.014400
0.010800
-0.014800
0.013000
-0.002600
-0.003200
0.015200
0.007400
-0.002600
0.002600
0.003200
-0.003800
0.001000
-0.010200
-0.006400
-0.004000
-0.017400
-0.005800
0.013200
0.014545
-0.003200
-0.017200
0.022800
-0.003600
0.002200
-0.013200
0.003000
-0.002800
-0.014800
-0.089200
0.031400
0.007200
0.000400
-0.000200
0.017200
0.001000
0.012600
0.013000
-0.012000
0.001000
0.000200
-0.007800
-0.038400
0.008800
0.008600
0.016200
0.019000
-0.003000
-0.004000
-0.000400
0.002200
-0.006600
0.046000
-0.003400
0.009400
0.003600
-0.004800
0.006000
0.001800
-0.010800
-0.000200
-0.006000
0.015200
-0.000800
-0.001000
-0.008000
0.008800
0.014000
0.009400
-0.014400
0.002800
-0.000400
-0.010000
0.007800
0.008800
0.002400
-0.007000
0.021200
0.001600
-0.001800
0.002400
-0.004800
0.002400
-0.011400
-0.013000
-0.004200
0.001600
0.006800
0.018400
0.006200
-0.014800
-0.016200
0.026200
0.020200
-0.000200
0.004400
0.001400
-0.009600
-0.004200
0.000600
-0.005000
-0.001400
0.014000
0.016200
-0.049400
-0.011600
0.000200
0.004600
0.014000
0.003000
0.002400
0.007200
0.008600
-0.004400
0.025000
-0.019200
0.003800
-0.006000
-0.007800
-0.141000
0.008600
-0.001400
0.000600
-0.003600
0.002400
-0.004000
-0.003800
0.022800
0.000400
0.004400
0.014200
-0.001200
0.006800
0.046400
0.000200
-0.004200
-0.012800
-0.003600
-0.009400
0.002200
0.022200
0.001400
-0.006600
0.009600
-0.009000
-0.003800
-0.012200
-0.019600
0.009000
0.004200
0.005200
-0.012000
-0.017000
0.011800
-0.015600
-0.078400
0.005400
0.005600
0.008200
-0.010000
0.004400
-0.021400
0.000600
-0.016400
-0.012000
0.016400
0.004800
0.009600
-0.012600
0.000400
-0.002000
0.005200
-0.006800
0.012000
0.006800
0.003600
0.015000
0.016000
0.043600
-0.003600
0.025000
-0.011000
-0.004000
-0.006000
-0.008400
0.013000
0.005600
0.008182
0.012364
-0.006800
0.010750
-0.007500
0.002100
0.005300
0.005100
-0.002500
0.001100
0.000000
0.003300
-0.007100
0.000200
0.000300
-0.009200
0.043600
-0.014500
0.005500
-0.002800
0.001300
0.002200
0.008800
0.002600
-0.003500
-0.003400
-0.003300
0.012700
-0.001300
0.011200
0.003400
-0.002400
-0.004100
-0.002700
-0.002600
-0.007900
-0.002900
-0.007600
-0.001800
-0.003600
0.008300
0.002211
0.000400
-0.013692
-0.020182
-0.000600
-0.009000
0.016000
-0.005400
-0.002200
-0.001400
0.002200
0.001400
0.010200
0.002600
0.000400
0.000400
0.009800
0.031800
0.004200
0.003400
-0.001800
0.004800
-0.004400
-0.005200
0.006400
-0.009600
-0.013800
0.002800
-0.001600
0.005000
-0.009800
0.004400
-0.025800
0.011000
0.006400
0.003200
0.012800
0.011600
0.007800
0.017000
-0.025800
-0.000400
-0.001400
0.936200
0.756800
0.697400
0.862800
0.963600
0.751800
0.752600
0.968000
0.948000
0.426800
0.430400
0.949600
0.959600
0.969800
0.949200
0.935800
0.740200
0.741000
0.967400
0.986000
0.918600
0.897200
0.723000
0.725200
0.959000
0.728800
0.707000
0.852800
0.873600
0.919600
0.877000
0.814600
0.843200
0.934800
0.961200
0.974800
0.948400
0.902800
0.925800
0.717800
0.700000
0.919800
