-0.025571
0.008200
-0.034400
-0.021667
-0.033286
-0.014143
0.007286
-0.049571
0.009571
-0.002286
0.055571
0.008571
-0.002571
-0.020000
0.009714
0.008857
0.006571
-0.012571
-0.036000
-0.035143
-0.015714
0.011857
-0.010000
-0.011714
-0.019143
-0.032143
-0.013143
0.006571
-0.038286
-0.020000
-0.014571
-0.003571
-0.002571
-0.026714
-0.054286
-0.051857
-0.038571
-0.049286
-0.044429
-0.003571
-0.010714
-0.029000
-0.038800
-0.019800
-0.031800
-0.027000
-0.003200
-0.003600
0.006800
-0.044000
-0.007000
-0.015800
0.067000
-0.004800
0.016400
-0.004800
-0.030000
-0.006000
-0.024200
-0.011400
-0.037800
-0.029600
-0.034800
-0.016600
-0.047400
-0.020000
-0.035800
-0.020000
-0.033600
0.026200
-0.002400
-0.068000
0.017600
-0.002200
0.004200
-0.042200
-0.017400
-0.062200
-0.019000
-0.022200
-0.017200
-0.012000
-0.028200
-0.024600
-0.023200
-0.032600
-0.005400
-0.025400
0.019000
-0.028200
-0.003600
0.008400
0.024000
0.013400
0.062600
-0.004600
0.023800
0.011800
0.012400
0.002200
0.016000
-0.000600
-0.024400
-0.018600
-0.043200
-0.042800
-0.036000
-0.014600
-0.041800
-0.034200
-0.025000
-0.009000
-0.020800
-0.062000
0.018400
0.005600
0.015600
-0.037600
0.003600
-0.022400
0.045200
0.029400
-0.025600
-0.002800
-0.026400
-0.030400
-0.024545
0.019818
-0.005455
-0.023571
-0.004143
-0.013429
0.001000
-0.003714
0.010857
0.003857
0.005429
-0.010286
0.006429
-0.006000
-0.005857
-0.005286
0.159857
-0.024429
-0.030429
-0.024857
-0.016286
-0.021429
-0.006857
-0.029143
-0.066429
-0.013286
-0.007714
-0.037429
-0.068429
-0.025857
0.005571
-0.004857
0.000429
-0.039143
-0.036143
-0.016857
-0.016571
-0.045000
-0.022286
-0.003429
-0.006857
-0.021286
-0.038600
0.029000
-0.010400
-0.025200
-0.019800
0.001400
0.002800
-0.020000
0.020400
0.018000
0.003400
-0.008800
-0.003800
0.020600
-0.022200
0.003400
0.156400
-0.029200
0.001600
-0.007800
-0.003600
-0.013200
-0.016800
-0.051200
-0.054200
-0.031200
-0.021400
0.002800
-0.039600
-0.030000
-0.013000
0.007600
-0.013600
-0.019600
-0.037000
-0.013600
-0.027400
-0.058000
-0.009000
-0.032200
-0.024000
-0.036000
-0.039000
0.035800
0.002000
-0.027600
-0.016600
-0.022200
-0.014400
0.014600
0.004400
-0.018600
0.013600
-0.030200
-0.021400
0.015200
0.021400
0.007600
0.170200
-0.032800
-0.043400
0.019200
-0.006400
-0.007400
-0.020000
-0.048400
-0.069200
-0.027800
-0.003400
0.020800
-0.052400
-0.058200
0.012200
-0.016000
0.003000
-0.007200
-0.037000
0.036000
0.020400
-0.001200
-0.045400
-0.041400
-0.015600
-0.012800
0.007200
0.000400
0.008000
0.013200
0.005200
-0.010200
0.013800
-0.000400
-0.025400
-0.001000
0.000600
-0.004800
-0.001600
0.007600
-0.014800
0.003800
0.000400
-0.000400
-0.004000
-0.001200
-0.009000
-0.012200
0.029600
0.014200
0.015400
-0.021400
-0.005800
-0.004800
0.008000
-0.011000
-0.019200
-0.003200
-0.021600
-0.001800
0.011400
0.008800
-0.004000
0.008800
0.016000
0.002600
-0.003200
0.008200
0.008200
-0.011400
0.007800
0.027000
-0.017000
-0.002800
-0.008800
-0.014800
-0.023400
0.014200
0.012400
-0.006400
-0.012200
-0.004400
0.009000
0.009400
-0.008800
0.017000
0.006600
0.023600
0.010400
-0.005600
0.010000
0.002800
0.018200
-0.016800
-0.015200
-0.002400
-0.012800
-0.006200
-0.008000
0.005200
-0.005400
0.023000
0.015800
0.006000
0.019000
0.014400
-0.006400
0.008000
0.019800
0.031800
-0.007455
-0.004571
0.006800
0.002600
0.000000
-0.014400
0.014600
0.011400
0.004600
0.028200
0.023000
-0.000200
-0.005000
-0.014800
-0.010400
0.001400
-0.024200
-0.005000
0.015600
-0.014600
0.006600
0.012000
-0.013400
0.008400
-0.000600
0.010400
-0.008000
-0.017200
-0.005200
-0.012200
0.013800
0.016400
0.008200
-0.001800
0.016000
-0.028000
0.025000
-0.001400
0.020200
-0.007000
0.010400
0.007800
0.012667
0.011800
-0.021000
-0.013400
0.002000
-0.003600
-0.018600
0.032600
0.015600
0.016400
0.000200
0.000800
0.014000
-0.009600
0.001000
-0.001000
-0.008600
-0.020800
0.013000
-0.008400
0.002000
-0.002600
-0.007400
-0.002000
-0.024200
0.012600
0.019600
-0.004000
-0.007400
0.006000
0.019800
0.009200
0.014600
0.026000
0.020800
0.016000
-0.015000
-0.010000
-0.030200
0.004800
-0.000800
0.001000
-0.001200
-0.001000
-0.004667
0.007000
-0.016200
0.003000
0.020200
-0.013000
0.019400
0.013400
0.020600
-0.005800
-0.012200
-0.004000
0.011000
0.006200
0.001800
0.000400
-0.003800
-0.015400
-0.015800
-0.010600
0.003000
-0.014000
-0.021000
0.006200
0.003200
-0.017200
-0.006600
0.016000
-0.000800
-0.003400
-0.012000
-0.008600
0.012200
-0.005800
-0.034200
-0.008200
-0.023600
-0.000600
-0.006200
0.016200
-0.003600
-0.003400
0.000889
-0.005800
-0.001000
-0.008200
-0.023800
0.012800
-0.012000
-0.010200
0.018800
-0.004000
-0.003600
0.002000
0.004400
-0.013000
-0.012600
0.002000
-0.001800
0.016200
0.002800
-0.006600
0.019600
-0.017200
-0.007800
0.018600
-0.001200
0.000400
-0.012600
-0.005600
-0.008800
-0.008600
-0.009200
0.002400
0.008000
0.008400
-0.026000
-0.003600
0.003200
0.005400
-0.021200
-0.019800
-0.004182
-0.006200
-0.001200
0.015333
0.003714
-0.002429
-0.017429
0.009286
0.013000
-0.006714
-0.007857
0.003143
-0.003000
0.000286
0.051857
0.012714
0.019286
-0.000429
0.000714
0.000857
0.006571
0.043571
-0.008000
-0.004286
0.006714
-0.018857
0.002286
-0.004286
-0.001857
0.014143
-0.009571
0.002143
0.002429
-0.007857
-0.003286
0.001571
-0.016286
0.002857
-0.017571
-0.000714
-0.010714
-0.005429
0.016600
0.014308
-0.008364
-0.002200
0.007800
0.002200
-0.018000
-0.004000
0.019800
0.008200
0.007200
-0.002800
-0.007800
0.014200
0.055000
0.003000
-0.001400
-0.017000
-0.005000
-0.006600
0.019200
0.045800
-0.011400
0.021600
0.008000
-0.019600
0.000200
0.000600
0.018000
0.021200
-0.000200
-0.007000
0.001800
-0.003800
0.023600
0.017400
0.003600
0.010200
-0.023400
0.008600
-0.000200
0.017400
-0.000600
0.013200
0.000800
0.009800
0.007200
-0.003200
0.004800
0.010200
-0.010000
0.017600
0.013400
0.001200
-0.000800
0.003800
0.045400
-0.003400
0.027800
-0.013800
-0.010200
0.006200
-0.010800
0.017000
0.014800
0.010600
0.012200
0.002800
-0.005200
-0.020600
-0.006800
0.006200
0.008600
-0.020800
0.009400
-0.005200
0.017000
0.048000
0.024000
0.006600
-0.010600
0.003400
0.020000
-0.004000
