-0.104421
-0.062364
-0.047800
-0.058875
-0.037500
-0.014400
-0.026700
-0.010300
0.083600
-0.051900
0.062500
0.028400
0.019800
-0.017500
0.023000
-0.065800
-0.033600
-0.027700
-0.089500
-0.056700
-0.077200
-0.011600
-0.004700
-0.019000
-0.076900
-0.057400
-0.053500
-0.014800
-0.028700
-0.123700
-0.038600
0.010500
0.015600
-0.062800
-0.066100
-0.046800
-0.077100
-0.038000
-0.089600
0.048100
-0.050900
-0.039900
-0.060000
-0.058400
-0.038200
-0.018600
-0.037400
0.027600
0.002800
-0.017800
-0.026400
-0.036200
0.076000
-0.020800
-0.013800
0.004400
0.001800
0.018800
-0.006000
-0.053400
-0.110000
-0.027000
-0.063600
0.027400
-0.041800
-0.014800
-0.121800
-0.065200
-0.073400
-0.039200
-0.061600
-0.127000
-0.025400
0.018600
0.018400
-0.024000
-0.049000
-0.023000
-0.068400
-0.066600
-0.090400
0.024400
-0.037400
-0.089000
-0.077200
-0.022800
-0.025400
-0.036600
-0.030800
-0.036000
0.001800
0.009200
0.003400
0.004400
0.107400
-0.011400
-0.000400
-0.020400
-0.015600
-0.010200
-0.014400
-0.035800
-0.129800
-0.057600
-0.079400
-0.038800
-0.013600
-0.024400
-0.123400
-0.126000
-0.058000
-0.033600
-0.026800
-0.084000
0.068400
-0.061600
0.011200
-0.029400
-0.060600
-0.025400
-0.019400
-0.072800
-0.078200
-0.068400
-0.068600
-0.069400
-0.068909
0.004667
0.040267
-0.081000
0.009800
-0.011000
-0.002000
-0.024500
0.063600
-0.000800
-0.019900
-0.012200
0.015100
0.005200
-0.012800
-0.026900
0.126500
-0.035300
-0.056300
-0.013400
-0.019200
-0.007400
-0.032000
-0.046900
-0.136000
-0.033000
-0.012800
-0.014500
-0.149900
-0.020100
-0.017700
0.017500
-0.012200
-0.062200
-0.076800
-0.031600
-0.060600
-0.052500
-0.037200
-0.073000
-0.032300
-0.067053
-0.053200
0.003000
-0.043400
-0.045600
-0.022200
-0.014600
-0.027000
0.002800
0.025800
-0.011600
0.020000
-0.013000
-0.003400
-0.001200
-0.001400
-0.017200
0.126600
-0.066800
-0.061600
-0.041200
-0.037800
-0.043800
-0.033800
-0.072800
-0.112600
-0.062600
-0.021600
-0.029600
-0.111200
-0.029200
-0.011600
-0.018400
-0.000800
-0.019400
-0.057000
-0.009800
-0.084200
-0.071000
-0.003600
-0.044800
-0.030200
-0.086600
-0.085800
-0.019000
-0.026800
-0.045200
-0.009000
-0.001600
-0.033200
0.017000
-0.168600
-0.044800
0.004000
-0.003200
-0.001600
-0.012600
-0.001000
-0.002200
0.098000
-0.088800
-0.052600
-0.029200
-0.047600
-0.049000
-0.023800
-0.068600
-0.124000
-0.073000
-0.048200
-0.016000
-0.126600
-0.098000
0.010800
-0.027400
-0.009400
-0.041200
-0.098200
0.000800
-0.074800
-0.071000
-0.092400
-0.032000
-0.063000
-0.108400
0.004800
0.008400
-0.016600
0.042200
0.017800
-0.012400
0.018800
0.018600
0.035600
0.009400
0.001800
-0.005200
-0.004000
0.023600
0.003400
0.016200
0.047200
-0.009800
-0.000600
0.007800
-0.007600
-0.002200
0.005800
0.009200
0.039600
-0.010800
-0.005600
0.037800
0.046000
-0.037200
0.014600
0.013600
0.009800
0.013800
0.028000
0.028400
0.043600
0.011200
0.004200
-0.001000
0.021200
0.015800
0.002200
0.002400
-0.011600
0.031200
-0.009400
0.012200
0.011400
-0.006800
-0.044200
-0.008800
-0.000800
-0.015400
-0.007600
0.015200
-0.009000
0.007400
-0.009000
-0.022200
0.017400
-0.003800
0.032800
-0.017400
0.023000
-0.000800
0.044400
-0.008800
-0.012400
0.024200
0.001400
-0.033400
0.008000
-0.039200
-0.005600
0.004800
0.045600
0.000800
0.048200
0.019000
-0.020600
0.028200
-0.000200
-0.031800
0.008909
0.016800
-0.003600
0.011200
0.013400
-0.017800
0.012400
0.009400
0.023000
0.009800
-0.013400
-0.002400
-0.001200
0.017800
-0.013600
0.012000
-0.012800
0.002800
-0.027000
0.025200
0.006200
0.032400
0.014800
0.025000
0.013800
0.077400
-0.016200
-0.006800
0.031800
-0.002800
-0.009400
-0.028400
-0.015800
0.020600
0.024400
0.010000
0.042600
0.032600
-0.017600
-0.003200
0.005800
-0.007200
0.002200
0.012800
0.041000
-0.027600
-0.029600
-0.013000
-0.016400
-0.007000
0.044400
0.002600
-0.004200
0.007600
0.018600
0.027000
-0.018000
-0.006800
0.009600
0.017800
-0.009400
0.004600
-0.020200
0.005800
-0.003800
-0.001200
-0.067400
-0.003600
-0.008400
-0.010600
-0.038600
0.010200
-0.018000
0.028400
-0.005200
-0.014600
-0.026800
-0.008600
-0.033400
-0.032400
-0.022200
-0.020600
-0.001800
0.023600
0.013200
-0.021800
0.018600
-0.039400
0.001200
0.002200
-0.013200
0.005000
-0.017600
0.000800
0.009800
-0.006000
-0.009400
-0.013800
-0.006800
-0.010800
-0.003400
-0.004400
-0.004000
-0.006200
-0.044400
-0.004800
0.014400
-0.023800
-0.011200
0.024800
-0.000800
-0.022000
-0.040000
0.053600
-0.035200
0.011400
-0.010400
0.001400
-0.030000
0.001800
-0.023800
0.011600
0.002600
-0.007200
-0.000200
-0.007400
-0.009400
-0.009000
0.013400
0.002400
-0.007600
0.016000
-0.027600
0.011200
-0.082800
-0.020800
0.001600
0.002600
-0.004600
-0.019600
0.006800
-0.000600
-0.019600
-0.017600
0.022600
0.002400
0.003200
0.007600
-0.025600
0.028000
-0.004800
-0.023200
0.013000
-0.003600
-0.036000
-0.020800
-0.000600
-0.049200
0.008800
0.003000
-0.027800
-0.007600
-0.042400
-0.039400
0.039000
-0.011000
-0.010800
0.017400
-0.001818
-0.012545
-0.014800
-0.008750
-0.000500
0.002000
-0.006500
-0.033800
0.075600
-0.005900
0.009400
0.014800
0.004300
-0.010300
0.061000
0.021500
-0.002300
0.016000
0.013800
-0.000500
0.055200
0.030400
-0.001700
0.046900
-0.011100
0.000200
-0.011500
0.012100
0.006400
0.050200
-0.003900
-0.007400
-0.015000
0.002400
-0.012700
0.010000
-0.002700
-0.002500
-0.000800
0.015900
0.005200
0.020632
0.020800
-0.015231
0.009818
-0.042600
0.025600
0.003400
0.001800
0.007800
0.004600
-0.007400
0.003600
-0.005000
-0.015200
0.009200
0.032800
0.029600
0.005400
0.007400
0.009200
-0.002600
0.019400
0.033600
-0.008400
-0.008000
0.009600
0.020600
0.008600
0.015600
0.015200
0.054600
0.007000
-0.011000
0.005600
-0.027800
-0.004800
0.006400
-0.015800
0.018000
-0.033600
-0.041600
0.006800
0.015200
0.019400
0.012400
0.011000
-0.012600
0.005000
-0.002400
-0.022200
-0.000600
0.001600
0.007600
0.011400
-0.005400
-0.020400
-0.003400
0.051000
-0.031200
0.024400
-0.001800
0.004400
-0.004000
-0.007800
0.014200
-0.013000
0.017400
0.017000
-0.035000
0.005000
0.027200
-0.018200
-0.024000
0.028000
-0.071800
0.014200
-0.008600
0.002400
0.004600
0.010200
-0.017400
0.007400
-0.035600
-0.009600
-0.025800
