-0.014000
0.001273
0.000000
-0.017750
-0.025700
-0.038600
0.008300
-0.020900
-0.003500
0.025600
0.053600
-0.035400
0.004400
-0.011400
0.014700
-0.011800
-0.007300
0.005200
-0.023200
-0.013800
-0.000300
0.015200
-0.005300
0.012500
-0.012300
-0.028400
-0.025100
-0.007500
-0.055700
-0.014500
-0.012200
-0.011100
0.005300
-0.017500
-0.017100
-0.033400
-0.014900
-0.018300
-0.018300
-0.011700
-0.015300
-0.020600
-0.018800
-0.004600
-0.002400
-0.003400
-0.012800
0.005400
0.011400
-0.030400
-0.050600
0.008200
0.068800
0.013400
-0.007600
0.003000
0.006000
0.010600
-0.019800
-0.026400
-0.042000
0.013000
-0.017000
0.007200
-0.011600
0.014200
0.002400
0.004800
-0.026600
0.068000
-0.010800
-0.009400
-0.018600
-0.021200
0.004800
-0.028600
-0.007200
-0.042000
-0.004400
-0.006600
-0.000800
-0.015000
-0.012800
-0.012600
-0.006000
0.008200
0.008400
-0.006600
0.029000
-0.024800
-0.013000
0.019400
-0.006800
0.043600
0.087200
0.026400
-0.030400
0.008200
-0.001600
-0.002400
-0.013400
-0.017200
-0.006400
-0.033200
-0.011000
-0.015800
0.021800
0.018600
0.004200
0.013600
-0.039000
0.045000
-0.001600
0.026400
0.046800
0.026600
-0.010400
-0.004600
0.002000
0.022200
0.023000
0.024400
0.008000
-0.009400
-0.010600
-0.027200
0.014182
0.071833
0.030533
-0.033600
-0.004100
-0.004700
-0.004200
-0.009000
0.000400
0.006200
-0.023500
0.002900
-0.000500
0.006000
0.014600
-0.009200
0.168900
-0.006100
-0.017800
-0.020500
0.013500
0.000300
-0.007100
0.002000
-0.020600
-0.015400
-0.000100
0.028600
-0.019100
-0.012200
-0.005900
-0.003400
0.013000
-0.007000
-0.006200
-0.006200
-0.003100
-0.020800
-0.007000
-0.011800
-0.004900
-0.004947
0.000200
0.074600
0.016800
-0.003200
-0.010000
-0.022600
-0.024800
-0.003200
0.029000
-0.003200
0.005800
-0.003800
-0.003400
0.015000
0.002400
0.003000
0.147400
-0.035400
-0.001800
-0.013400
0.005800
0.003400
0.009200
0.018200
-0.028400
-0.013400
0.006400
0.012600
-0.040200
-0.006400
-0.002600
-0.012800
-0.010200
-0.033000
-0.039800
-0.029400
0.010000
-0.031200
-0.015200
-0.026600
-0.016000
-0.028800
0.001400
0.054800
0.003600
0.000400
-0.011000
-0.005000
-0.013800
0.030000
-0.038200
0.027600
0.030200
0.006200
-0.008600
0.030800
0.001800
0.020400
0.162000
-0.001600
-0.016000
-0.005800
0.003600
0.008400
-0.001800
0.016800
-0.015800
-0.022200
0.020800
0.010800
0.002000
-0.018200
0.027400
0.025800
-0.017200
0.005800
-0.014800
0.023400
-0.009600
0.018400
-0.043800
0.017600
0.002600
0.005200
-0.013600
-0.000800
0.005800
0.004444
-0.013800
0.024000
-0.006200
-0.006889
-0.027600
0.004667
-0.008400
-0.007333
-0.006600
0.005000
0.001778
-0.019400
-0.002444
-0.004600
0.014667
-0.001200
-0.013778
-0.015600
-0.020222
-0.032000
-0.000800
-0.002400
-0.001600
0.009200
-0.007000
-0.003200
-0.011000
-0.001400
0.021600
-0.000200
-0.004400
0.007400
0.004200
-0.023400
-0.002400
-0.000800
0.008000
0.002667
0.002000
-0.015400
-0.009400
0.007600
0.003000
0.007200
0.013400
-0.005000
-0.006800
0.011400
0.010600
0.007000
0.003778
0.008200
-0.013000
0.002600
0.005800
-0.011000
-0.003400
-0.004600
-0.001800
0.009600
0.003800
0.005111
0.033000
-0.007556
-0.014200
-0.000222
-0.001200
0.009778
-0.000200
0.004000
-0.010400
0.020667
0.012200
-0.017111
-0.006000
0.008000
-0.002000
-0.000222
-0.002400
0.005400
0.003455
-0.001778
0.014800
-0.004000
-0.001200
0.008200
0.010400
-0.006800
-0.004400
-0.008800
0.001800
-0.007200
0.017000
-0.016444
-0.010600
0.003200
-0.003800
0.026800
0.006000
-0.006000
-0.010800
0.009200
-0.017200
-0.019600
0.001200
0.011600
0.001800
0.010200
0.012600
-0.011800
0.014400
-0.003000
0.002600
-0.010000
0.007800
0.008000
0.028600
-0.010200
-0.001000
0.006000
-0.018222
0.015200
-0.006000
0.001800
0.001000
0.004800
0.000000
-0.017200
-0.004600
0.001400
0.001800
0.036200
-0.001000
0.011200
0.001800
-0.012200
-0.010400
0.004400
-0.011800
0.008000
-0.005600
0.014000
-0.008000
0.017800
-0.002600
0.002200
-0.009556
0.008400
0.005778
-0.009800
0.000444
-0.008600
0.003333
0.007000
-0.025333
0.001000
0.012667
0.009600
-0.007333
0.009200
-0.004889
-0.017200
0.009200
-0.021400
0.006600
-0.003200
-0.002600
-0.007200
-0.013400
-0.010000
0.008600
0.013200
0.007600
-0.016600
0.014200
0.011600
-0.000800
0.005400
-0.010600
-0.001000
0.006400
-0.000200
0.006800
-0.001600
0.009800
0.007600
-0.016600
0.015200
-0.023400
0.002600
0.016800
0.000200
-0.019600
-0.004400
0.011400
0.002600
-0.023200
-0.012000
0.010800
-0.006600
-0.009800
-0.007200
-0.002600
-0.007600
0.004800
-0.013600
-0.001800
0.010600
-0.004800
0.006600
0.005556
0.002600
0.002889
0.030600
0.002667
-0.005400
0.008222
-0.005800
-0.014200
0.012600
0.009600
0.000000
0.017000
0.001556
-0.000600
0.000444
-0.009600
0.020667
-0.001800
0.010000
0.013800
-0.003200
0.012600
0.010400
0.013600
0.004200
0.002000
0.034200
-0.003400
-0.020400
-0.004200
0.017200
0.000200
-0.003800
0.003000
0.001800
0.004600
0.002400
0.019091
0.016182
-0.003800
-0.004000
-0.010800
-0.006900
-0.001300
0.000900
0.039300
-0.006000
-0.009900
0.002300
0.005300
0.002200
0.046700
0.005600
-0.002800
-0.003700
0.000000
-0.009900
0.004000
0.046300
-0.016800
-0.001900
-0.016700
-0.025800
-0.008200
-0.017500
-0.017800
0.008300
-0.009500
0.001300
0.002900
0.003900
-0.005300
-0.009200
-0.009000
-0.010500
-0.005300
-0.004300
-0.006800
0.007895
-0.007400
-0.013231
-0.002909
-0.001000
-0.002800
0.002400
0.025400
0.003200
-0.006400
0.016600
-0.017000
-0.019200
-0.021800
-0.002800
0.041200
-0.000800
0.001600
-0.003800
-0.002600
0.006400
-0.001600
0.025000
-0.007200
0.012400
0.002400
-0.036200
-0.025800
-0.001000
0.012600
0.012600
-0.008400
0.002400
0.013000
0.013200
0.002200
-0.014600
0.011600
-0.001800
0.004000
-0.008400
0.010400
-0.003000
-0.000200
0.014667
0.010444
0.013800
0.016000
0.012600
-0.000800
0.025000
0.010200
0.026000
0.011000
-0.012200
0.005400
-0.003000
0.041000
-0.010000
0.020200
0.000000
-0.021600
0.005400
-0.003400
0.020600
0.008000
-0.003400
-0.012400
-0.020600
-0.019000
0.000200
0.010400
0.014600
0.028200
0.032000
0.005200
-0.005600
0.032000
0.041600
0.002200
0.033600
-0.036200
-0.024600
0.029600
-0.001200
