-0.082526
-0.068182
-0.078800
-0.026375
-0.016000
-0.051700
-0.038400
-0.025900
0.077000
-0.034300
0.067200
0.067900
0.055200
-0.004200
0.032400
-0.027300
-0.042600
-0.027500
-0.038000
-0.086600
-0.044500
-0.113200
-0.095500
-0.069700
-0.094900
-0.129000
-0.055100
0.000700
-0.086100
-0.130900
-0.046400
0.069900
-0.000900
-0.082000
-0.081800
-0.025900
-0.073700
-0.129300
-0.116700
0.108200
-0.076200
-0.061100
-0.059800
-0.048800
-0.090000
-0.019800
-0.040200
0.002400
-0.037600
-0.037400
0.035800
-0.042600
0.067800
-0.009000
-0.002200
-0.011600
-0.014800
-0.011400
-0.064800
-0.057800
-0.008000
-0.090400
-0.053000
-0.016200
-0.069200
-0.089000
-0.049400
-0.091000
-0.035400
-0.006000
-0.079800
-0.137600
-0.025800
0.059800
0.027200
-0.017800
-0.079800
-0.029400
-0.125800
-0.095800
-0.112000
0.041800
-0.049200
-0.088600
-0.085400
-0.059200
-0.080400
-0.047600
-0.046600
-0.044600
-0.025600
0.022000
-0.069400
-0.036200
0.117800
0.020800
-0.005200
-0.010400
-0.002400
-0.038000
-0.012000
-0.002000
-0.145600
-0.132000
-0.135800
-0.091200
-0.105200
-0.059400
-0.066000
-0.160000
-0.115400
-0.032600
-0.114400
-0.086400
0.044600
-0.061600
-0.005400
-0.075800
-0.097400
-0.066600
-0.050000
-0.066600
-0.076000
-0.114400
-0.129200
-0.067600
-0.062364
-0.008000
0.008000
-0.085100
0.008700
-0.007400
-0.044300
-0.057900
0.022900
-0.009500
-0.003300
-0.005200
-0.003700
0.001100
-0.016900
-0.046200
0.143700
-0.031500
-0.105200
-0.034500
-0.032200
-0.011700
-0.046500
-0.023200
-0.137600
-0.059500
0.027400
-0.006700
-0.210300
-0.048800
-0.003400
0.014200
-0.028500
-0.071000
-0.089400
-0.051900
-0.111800
-0.111000
-0.045400
-0.088700
-0.056300
-0.041789
-0.036200
-0.003800
0.007000
-0.056000
-0.035600
-0.037000
-0.036800
-0.030000
-0.016000
-0.024200
0.009400
-0.010600
0.002600
-0.013400
-0.016400
-0.014800
0.162400
-0.021800
-0.047600
-0.029400
-0.048800
-0.030800
-0.036000
-0.071600
-0.087000
-0.072000
-0.018600
-0.052200
-0.219800
-0.027400
-0.034200
-0.034200
-0.005600
-0.065200
-0.082000
-0.039400
-0.136600
-0.102800
-0.034000
-0.082600
-0.043200
-0.089000
-0.107400
-0.064800
-0.037800
-0.069800
0.006600
-0.010600
-0.115600
-0.035800
-0.129000
-0.078000
0.004200
-0.008400
-0.024200
-0.036400
0.008400
-0.016400
0.120800
-0.051800
-0.067600
-0.054800
0.001000
-0.038200
-0.051600
-0.080400
-0.115200
-0.111800
-0.059000
-0.041400
-0.206800
-0.150600
0.037800
-0.031200
0.003200
-0.049600
-0.108800
0.029600
-0.092200
-0.103000
-0.070400
-0.087400
-0.087600
-0.117400
0.043000
0.044400
-0.011800
0.002000
0.029200
0.002400
0.007600
0.046000
0.034800
0.013200
-0.011800
0.006800
0.026800
0.025400
-0.005200
0.009000
0.019800
0.005600
0.027200
-0.009600
0.000200
-0.005600
0.022200
0.018000
0.027400
-0.022400
0.029600
0.004400
0.040000
-0.060400
-0.008600
0.018200
0.006000
0.016800
0.085000
0.000200
0.040000
0.021600
0.010200
0.013800
0.029800
-0.045600
0.019400
0.011200
0.001600
-0.017800
0.034400
-0.007400
0.037000
-0.003800
-0.044600
0.027800
-0.009400
-0.021800
-0.008200
0.022200
0.017200
-0.008000
0.030600
-0.018400
0.050400
-0.007000
0.072400
-0.037000
0.026800
0.000600
0.026800
-0.037200
0.005600
0.058600
0.029200
-0.049400
-0.007000
-0.108000
0.000600
0.013400
0.055400
0.008600
0.088400
0.037200
-0.000800
0.043800
0.014600
-0.037200
0.045273
0.045800
-0.022000
0.011400
-0.011400
-0.007600
0.036800
0.020000
-0.010600
0.023400
-0.010600
0.004800
-0.003000
0.016000
0.018200
0.015200
-0.025000
-0.015800
0.041400
-0.038400
-0.012000
0.004200
0.029000
-0.002400
0.041200
0.060400
-0.012400
0.039600
0.090800
0.046200
-0.020000
-0.012000
0.004600
0.006800
0.062400
0.018200
0.041200
0.069400
-0.029200
-0.015200
0.017400
-0.005200
-0.038600
0.018000
-0.022000
0.016600
0.005800
-0.003200
-0.017200
-0.008000
-0.012200
-0.000200
0.004000
0.016600
-0.001200
0.008600
-0.003400
-0.009600
-0.018400
0.060600
-0.044600
0.042400
-0.036200
-0.007600
-0.042000
0.048600
-0.029000
0.022600
-0.033000
-0.026400
-0.066000
0.041000
0.006800
0.094200
-0.016800
-0.012200
-0.063000
0.014200
-0.007400
-0.049000
-0.013000
-0.018000
-0.020200
0.069200
-0.016200
-0.013600
0.020800
-0.011000
-0.007800
0.011200
-0.020800
-0.031400
-0.046600
-0.002200
0.010800
0.000800
0.008400
0.004600
0.021800
-0.003600
-0.021000
0.015200
-0.016400
0.001000
-0.024200
0.001600
-0.005400
-0.007000
-0.026200
0.022000
-0.037400
-0.030000
-0.011800
0.059400
0.005800
0.006400
0.006600
-0.026400
-0.085400
0.030000
-0.075800
-0.015000
-0.020400
-0.001200
-0.015800
0.058000
-0.028200
-0.051600
0.021600
-0.002600
0.010600
0.025800
-0.047400
-0.003000
-0.065200
-0.031400
-0.002200
-0.008600
0.011200
0.019600
-0.003000
-0.009000
-0.007200
-0.014200
-0.033800
0.012400
-0.022600
-0.002000
-0.026600
0.020600
0.002600
-0.052600
0.013200
-0.037600
-0.065200
-0.010200
0.003600
-0.048400
-0.005600
-0.014800
-0.051200
-0.053200
-0.086600
-0.047200
0.037800
-0.003600
-0.026600
0.027000
0.030727
-0.021818
0.028400
-0.013000
0.032100
0.012700
0.000100
-0.044000
0.078500
0.002000
0.008900
-0.004700
-0.001100
-0.014100
0.058500
0.031300
0.008100
0.028800
0.019400
0.009700
0.043300
0.031100
0.024000
0.054700
0.016700
-0.007700
-0.008700
-0.000800
0.025000
0.008700
-0.016200
0.013500
-0.013200
0.002200
-0.036800
0.007600
0.029900
-0.014700
0.018100
-0.016300
-0.007900
0.053789
0.018800
0.009385
0.005273
-0.011800
0.013800
-0.003800
-0.010000
0.003000
-0.006600
0.033600
0.001200
0.000000
0.010400
-0.021800
0.054400
0.029400
-0.000400
0.003200
-0.020400
0.008200
0.007400
0.039000
-0.003200
-0.011800
0.020800
0.009400
0.018400
0.013400
0.032000
0.007800
0.005200
0.003200
-0.001200
-0.003400
-0.011800
0.010800
-0.014400
0.001400
-0.022400
-0.055200
-0.016400
0.010400
-0.034400
-0.031200
0.010200
-0.023000
0.014800
0.016000
-0.025600
0.018200
0.029600
-0.006200
0.000000
-0.004000
0.001400
-0.002000
0.036400
-0.015200
0.021200
-0.017800
-0.023600
0.004400
-0.038400
-0.013000
0.008000
0.008200
-0.001600
-0.003800
0.004400
0.020800
-0.013600
-0.019800
0.058000
-0.119600
-0.004600
-0.014200
-0.002600
-0.016600
0.060600
0.020400
-0.015600
0.007000
0.034400
-0.019800
