-0.014316
0.021273
-0.025400
-0.005750
-0.025700
-0.025100
0.004300
-0.014500
0.014200
0.030600
0.084100
-0.029400
-0.002400
0.014100
0.009000
-0.024900
0.021800
-0.004000
0.000000
-0.012100
-0.007700
0.009400
-0.000200
0.015500
0.019300
-0.021300
-0.013900
-0.015000
-0.031400
-0.003300
-0.011800
0.009600
-0.004100
-0.013700
-0.024300
-0.044000
-0.000200
-0.013900
-0.000800
0.022400
-0.002700
-0.014900
-0.000400
-0.019800
0.003800
-0.008600
0.010000
-0.000400
0.003800
-0.008800
-0.032400
0.002800
0.042200
-0.042200
-0.017800
-0.002400
0.012600
-0.005600
-0.024000
-0.015800
-0.024400
0.001800
-0.000200
0.020200
0.023600
-0.003200
-0.003600
0.006400
-0.051600
0.029400
-0.027600
0.009600
0.004600
-0.015200
0.010600
-0.007200
0.003200
-0.015200
0.009600
0.022800
-0.018400
0.008800
0.001000
0.010000
-0.001000
0.004000
0.011400
-0.015600
0.020600
-0.020400
0.002400
0.008600
0.014400
0.029400
0.077800
-0.015000
0.015600
0.021000
-0.011200
0.020400
0.002000
-0.023600
0.010400
0.007200
0.010400
-0.006800
0.020000
0.019800
-0.013800
-0.000400
-0.033800
0.007200
0.015400
0.010200
0.042400
0.023200
-0.003800
-0.008400
0.007600
0.027200
0.057200
0.034400
0.022400
0.013400
0.012800
-0.027200
-0.000727
0.076000
-0.009333
-0.020700
0.011800
-0.005600
-0.002800
-0.009000
-0.001500
0.005900
-0.009900
-0.004300
0.000100
0.011900
0.025700
0.003200
0.154400
-0.000600
-0.003900
0.007400
0.013400
0.000000
0.001700
0.010100
-0.017100
-0.014200
0.004800
-0.010700
-0.023100
-0.022800
0.012700
0.007300
-0.012800
-0.016900
-0.007500
0.010300
0.025500
0.004900
-0.013100
-0.007500
-0.009800
-0.008421
-0.007400
0.063600
-0.016200
-0.039600
0.003400
-0.013000
0.007400
-0.016600
0.015400
0.001800
0.000400
0.009000
0.011200
0.020400
0.002000
-0.007200
0.170000
-0.027000
-0.005400
0.007000
0.021200
-0.004800
0.008000
-0.022000
-0.014400
-0.018200
0.010200
0.016800
-0.013600
-0.019000
-0.025000
0.005800
0.002200
-0.011000
-0.022600
-0.008600
0.009800
-0.015600
-0.000400
-0.004800
-0.011400
-0.025800
-0.015600
0.077200
0.004800
0.018000
-0.012000
-0.012600
-0.014400
0.036000
-0.025600
0.026600
0.018600
-0.010800
-0.005800
0.042000
0.031000
0.014800
0.160400
0.015600
-0.012200
-0.002400
0.024000
0.003000
0.019400
0.018000
-0.020400
-0.005000
0.003600
0.009600
-0.006200
-0.005800
0.030000
0.029800
0.007000
-0.016000
0.000600
0.012800
0.010400
0.038600
-0.027200
-0.029800
0.000600
0.005400
-0.013600
0.017800
0.000200
0.007800
0.006000
-0.002400
0.003000
-0.007400
-0.004000
0.014200
-0.001200
-0.006200
-0.005400
0.010800
0.003200
-0.019600
0.016600
-0.001600
0.001600
-0.014000
0.003400
-0.009400
0.013800
0.000600
0.002800
-0.000200
0.005200
-0.023600
0.016200
-0.001800
-0.001600
0.000200
-0.002200
0.013800
-0.001800
0.008800
0.000200
0.004600
0.011600
0.012000
0.007800
-0.013600
-0.009200
0.004200
-0.008200
0.008200
-0.000200
-0.000800
0.008600
0.008200
-0.009800
0.008000
0.012600
0.006600
-0.006200
-0.005800
0.004000
0.006600
0.014400
0.005400
-0.013800
0.003400
0.007800
0.001400
0.004200
0.014400
-0.012200
0.010400
-0.000200
-0.026800
-0.008000
0.010800
-0.025200
0.010600
0.008000
0.012000
0.012600
0.000600
-0.019800
0.011400
0.008400
0.003400
0.004400
0.014600
-0.015455
-0.002600
0.003200
0.005800
0.002400
0.020400
-0.000600
-0.001000
0.021000
-0.007600
0.005400
-0.019600
0.001800
-0.009000
-0.015800
-0.006600
0.005800
-0.015400
0.011400
0.027000
-0.001200
-0.004800
-0.015600
-0.010200
0.012200
0.000200
0.011400
0.001800
-0.011400
-0.009800
0.021200
0.001400
-0.026200
0.004800
0.004800
0.004600
0.036400
0.021000
0.003800
-0.003200
0.002600
0.014800
0.004000
0.008800
-0.004400
-0.001000
0.013400
-0.019400
-0.021400
0.009400
0.004800
0.021600
0.001400
0.001800
-0.004400
0.012200
0.017200
0.003000
0.006200
0.001600
-0.004200
0.023200
0.006000
0.012800
0.008000
-0.011600
0.003000
0.000000
0.008200
0.010800
-0.002600
0.004800
-0.003400
-0.016600
-0.004400
-0.006800
-0.004400
0.002800
-0.011800
0.000200
-0.019400
-0.011400
0.005000
-0.026400
-0.007800
-0.007000
-0.008600
-0.008200
-0.016600
0.005400
0.009800
0.000800
0.005000
0.006200
-0.002600
0.003000
-0.015600
-0.018000
-0.003000
-0.007600
0.009400
0.007800
0.001800
0.003800
-0.014400
-0.003400
-0.025800
0.013200
0.005600
0.003400
0.003000
0.008200
0.018200
-0.003800
-0.005400
-0.004200
0.009400
-0.015400
-0.012600
-0.020600
0.000600
-0.004000
-0.004400
-0.008800
-0.007000
0.018000
0.011000
0.009000
-0.005800
0.004600
-0.002600
0.029000
-0.010800
0.015200
-0.027400
0.008600
-0.008200
0.005600
0.014600
-0.014600
0.027400
-0.002000
-0.007200
0.016000
0.006800
-0.008200
-0.005800
0.002000
-0.004000
-0.005600
0.001400
-0.015800
0.003200
-0.001200
0.004000
-0.004000
0.013600
-0.003200
-0.003000
-0.004800
0.000600
0.016200
-0.009000
0.006000
-0.002000
-0.007200
-0.009600
0.011000
0.004364
0.010000
0.015200
-0.014625
-0.005700
-0.030300
-0.002900
-0.013900
0.003300
-0.006100
0.004800
-0.006300
0.007500
0.007200
0.052100
-0.002500
0.014000
0.001400
0.001900
0.010900
-0.003700
0.052800
-0.009900
-0.012600
0.010000
-0.020500
-0.003500
0.005100
-0.012100
-0.015300
-0.000300
0.004500
0.002700
-0.005000
-0.009800
0.009500
-0.000900
-0.015800
-0.007700
-0.008100
0.016300
-0.009474
-0.018600
-0.010462
0.016909
-0.010600
-0.011400
0.003400
-0.004000
0.003000
0.014200
0.013800
0.003800
-0.004800
0.007400
0.006400
0.035000
0.000000
-0.016000
0.003200
-0.008200
0.012000
-0.010200
0.037800
-0.016000
-0.003600
-0.003600
-0.015000
-0.011400
0.004600
0.000800
-0.017800
-0.003200
-0.013400
0.002000
0.005400
0.012200
-0.013400
-0.007000
0.009600
-0.000800
0.002800
0.007200
-0.014600
-0.003000
-0.000667
0.004600
0.002000
-0.020600
-0.009800
0.002000
-0.008200
0.004800
0.016400
0.029600
0.004200
-0.019800
0.000600
0.041800
-0.014400
0.011600
-0.010800
0.008200
0.002400
-0.018000
0.032200
0.004600
0.012200
0.006600
-0.019000
-0.007800
0.022800
-0.010400
0.036400
0.038400
0.025800
-0.016800
0.008000
0.013000
0.040000
0.033200
0.005800
-0.031200
-0.024800
0.015800
-0.007000
