0.008632
-0.016182
-0.016200
-0.012000
-0.008300
-0.031700
0.034000
-0.011600
-0.015200
0.034800
0.052800
-0.024200
0.028000
-0.003800
-0.000500
-0.003700
-0.000100
-0.003900
-0.006200
0.001700
-0.009100
0.016100
-0.018700
0.020400
0.005600
-0.022500
-0.028300
-0.017300
-0.026400
-0.023400
-0.004500
-0.004500
0.014600
-0.013300
-0.027900
-0.023500
-0.000200
-0.002600
-0.009400
0.021700
-0.003000
-0.019400
-0.027400
0.003000
0.008000
-0.023000
0.001000
0.021800
0.005600
0.000600
-0.027800
-0.001400
0.050200
-0.001800
-0.019800
0.004800
0.027400
0.011600
-0.038600
-0.006200
-0.005200
-0.021400
-0.011800
0.003800
-0.015000
0.001400
0.006400
-0.007000
-0.041000
0.023400
-0.002800
0.012600
0.008200
0.001400
0.001600
-0.028800
-0.000200
-0.031000
-0.002800
-0.003600
0.003600
-0.004000
0.000200
0.005200
0.008200
0.014200
0.002400
-0.007200
0.013200
-0.039600
0.002400
-0.004000
0.008000
0.042800
0.071800
0.012400
0.001600
0.010000
-0.023600
0.001800
-0.000200
0.002600
0.004200
-0.005800
-0.010200
0.006400
0.013400
0.019800
0.011200
-0.002200
-0.012600
0.005200
-0.003200
0.037800
0.053400
0.006000
-0.001200
-0.017600
0.001800
0.048200
0.070600
0.034600
-0.004600
0.000400
-0.005400
-0.024000
-0.002364
0.063167
-0.004133
-0.032200
0.007200
0.002400
-0.009300
-0.000100
0.009400
-0.000800
-0.006700
0.008300
0.017700
0.007700
0.013700
-0.006600
0.165800
-0.007300
0.003300
0.009800
0.013000
-0.004600
-0.005000
-0.018800
-0.023000
-0.005500
0.009400
-0.033800
0.004000
-0.009500
0.006100
-0.012900
0.014400
-0.019700
0.005100
0.015000
-0.008200
0.014800
-0.007300
-0.013800
-0.000300
-0.006632
-0.013400
0.052000
-0.003800
-0.026800
-0.014400
-0.020400
-0.011600
-0.020400
0.006200
0.020000
0.004400
-0.004800
0.015400
0.014800
-0.012200
-0.004400
0.142600
-0.018800
-0.001800
-0.012200
0.011000
-0.004600
0.009000
-0.011400
0.005800
-0.017800
-0.003000
0.023200
-0.004600
0.004800
0.006600
-0.000600
0.018800
-0.023800
-0.016600
-0.020400
0.013600
-0.013000
-0.001400
0.006000
-0.006400
-0.010000
-0.011000
0.072400
0.022200
0.012800
-0.008600
-0.019400
0.008000
0.021400
-0.055400
0.020400
0.023200
-0.009600
-0.005000
0.035800
0.018400
-0.006200
0.153400
0.025000
0.002200
0.002800
0.016800
-0.007400
0.031800
0.002200
-0.028000
-0.014400
-0.003000
0.023600
0.003200
-0.009200
0.023600
0.036800
0.004000
-0.008800
-0.007400
0.020600
0.037200
0.033400
-0.022400
0.003000
-0.015600
-0.011200
-0.012400
0.021200
-0.004400
0.004800
-0.012600
0.002600
-0.006000
0.000800
-0.034200
0.000600
-0.003200
0.003800
-0.028000
-0.000800
-0.011000
0.016000
0.004400
-0.016000
0.002400
0.001200
0.002600
0.005600
-0.015400
-0.007600
0.003000
-0.003600
0.006000
0.005000
0.009800
0.001600
0.015200
-0.001200
-0.010000
-0.000800
-0.002000
-0.004000
-0.004400
-0.005600
0.011800
0.012600
0.005400
0.003600
-0.004800
-0.016800
-0.020400
0.003000
0.016400
0.010200
0.017400
-0.003000
0.006600
0.004000
0.007400
0.015000
-0.012000
-0.026000
0.011600
0.006200
-0.009400
0.013200
-0.028000
-0.002800
-0.000200
0.003800
-0.007000
-0.012000
-0.002000
0.006200
0.006400
0.011200
-0.000600
0.011200
-0.020600
0.026000
-0.008600
0.019000
0.002400
-0.001200
-0.000200
-0.006600
-0.029000
0.002000
0.005400
-0.000800
0.002182
0.003000
0.001400
0.011400
-0.006200
0.009400
-0.012600
-0.000400
0.013400
0.012200
-0.002200
0.013800
-0.011400
0.001600
-0.039400
-0.014800
0.018200
-0.003600
-0.002400
-0.026200
0.005800
0.015200
-0.011000
-0.010800
0.008000
-0.011600
-0.014400
-0.009200
-0.000400
-0.004400
0.001000
-0.010600
0.011000
-0.013400
0.006800
0.009200
0.011000
-0.019000
-0.010200
0.010000
0.009400
-0.008000
0.000800
0.005200
-0.001000
-0.035800
0.015600
-0.011400
0.000600
0.002800
0.016400
0.008200
0.018400
-0.003600
0.004600
-0.007000
0.018200
0.013400
0.000400
0.013800
-0.001600
0.004600
0.008000
-0.005000
-0.005400
0.009400
-0.018600
0.011600
-0.005400
0.012200
0.020000
0.014000
0.015000
-0.012800
0.000200
0.005200
0.005400
0.031400
0.004400
-0.015000
0.000400
-0.004800
-0.015600
-0.001800
0.000800
0.010200
-0.004200
0.000400
-0.014200
-0.005600
0.007200
-0.009000
0.031200
0.006200
0.015200
0.003200
-0.003600
-0.003000
0.002000
-0.020000
-0.007000
-0.008600
0.006400
-0.010800
-0.007800
-0.006000
-0.015400
0.004600
-0.023800
0.000200
0.005000
-0.008600
-0.010200
0.004000
0.000400
0.002400
-0.008800
-0.015800
0.003000
-0.006400
-0.009200
-0.023800
0.001400
-0.001000
-0.015200
0.031200
-0.004400
0.012200
0.005600
-0.000600
-0.031600
0.005800
-0.002000
0.008200
-0.028200
-0.007000
-0.004000
-0.011600
0.000200
0.008200
0.009200
0.005000
-0.009200
0.004800
0.003400
-0.003200
-0.003800
0.007000
0.007000
0.003000
-0.019200
-0.001600
-0.005600
0.005200
0.015400
-0.024800
-0.001800
0.009200
0.008400
0.016600
0.008600
0.008200
0.006800
0.005000
0.004400
0.014000
0.004400
-0.022000
0.002000
-0.019455
-0.002600
-0.008125
0.001700
-0.027100
0.001500
0.005500
0.021200
-0.005800
0.013900
-0.005300
0.021100
0.001100
0.049600
-0.005700
0.015900
0.000000
0.002100
0.009500
-0.008300
0.050500
-0.021100
0.010800
-0.003600
-0.024200
-0.012700
-0.000900
0.002200
-0.003900
-0.007600
-0.014600
-0.004000
0.002000
0.003000
0.002900
-0.008400
-0.007200
0.006700
-0.020100
0.003700
0.012526
-0.014000
0.004769
-0.006909
0.020600
-0.000200
-0.007800
-0.009600
-0.004600
0.006800
0.025800
0.009000
-0.013800
0.001600
-0.003200
0.053200
0.007200
-0.007200
-0.009800
-0.010200
-0.008400
-0.006800
0.019600
-0.018400
0.011600
0.003400
-0.032800
-0.012000
0.017400
0.022600
0.016200
-0.006400
0.017600
0.013600
0.005000
0.001200
-0.002200
-0.008800
-0.013000
-0.003800
0.010000
-0.009800
-0.008000
0.012400
0.031067
0.012800
0.012400
-0.003000
-0.006600
-0.005200
0.001800
-0.005000
0.028400
0.029000
0.004400
0.001400
0.000600
0.055200
-0.024400
0.012800
0.015200
-0.000800
0.015800
-0.003800
0.028200
-0.009600
0.028000
-0.004000
-0.021800
-0.008800
0.008000
0.022000
0.009000
0.005000
0.011600
0.005200
0.010800
0.035200
0.032000
0.003800
0.022400
-0.022600
-0.005000
0.011800
0.002000
