-0.008105
0.012200
-0.009400
-0.023750
-0.005900
-0.036000
0.007500
-0.024000
0.003600
0.031900
0.062500
-0.040000
-0.015700
0.002600
-0.013700
-0.018400
-0.015700
-0.023600
-0.003700
-0.016900
-0.024300
0.013200
-0.030000
0.006500
0.023200
-0.030700
-0.005200
-0.024600
-0.026100
-0.006400
-0.000200
-0.010800
0.008900
-0.009800
-0.010800
-0.034400
-0.003900
-0.024800
-0.003600
0.018300
-0.005400
-0.015400
-0.031800
-0.039200
-0.010600
-0.013200
-0.024200
0.009200
-0.002000
-0.018000
-0.036200
-0.005200
0.055600
-0.012000
-0.023800
-0.004400
0.022800
0.000800
-0.034800
-0.023200
-0.014800
-0.002000
-0.009600
-0.003400
-0.015200
0.013600
-0.007800
-0.018400
-0.024600
0.029800
0.002000
-0.030800
0.003000
0.001200
0.014200
-0.007600
-0.012600
-0.030800
0.006600
-0.005400
-0.012600
0.013800
-0.018800
-0.014600
-0.002000
0.012200
0.014200
-0.006800
0.029200
-0.043200
-0.014600
-0.002400
0.027200
0.052800
0.066400
0.008800
-0.028000
-0.008800
-0.006000
0.009400
-0.009600
-0.019800
0.009000
0.005200
0.005800
-0.007800
0.030400
0.018000
-0.000200
-0.004400
-0.014400
0.043400
0.012000
-0.007800
0.043400
0.038800
-0.009000
-0.011000
0.011000
0.032600
0.065000
0.053600
0.023200
-0.007600
-0.002600
-0.016200
-0.018727
0.069455
0.002667
-0.023300
-0.001600
-0.008800
-0.007700
0.004900
0.008200
-0.005500
0.007900
-0.012900
0.003300
0.014900
0.010700
-0.003300
0.173000
-0.008700
-0.006000
-0.008600
0.017400
0.013600
-0.002300
0.007300
-0.029200
-0.023100
-0.001500
-0.009300
-0.028600
-0.017100
0.016700
-0.005900
-0.006400
-0.019500
-0.002300
-0.007100
-0.003500
-0.002000
-0.023500
-0.011400
0.000600
0.011895
-0.000800
0.063600
-0.003200
-0.013000
0.012600
-0.001400
-0.024800
-0.016800
0.026800
0.019600
-0.005000
-0.013600
0.010400
0.015000
-0.012200
-0.001400
0.154000
-0.017600
0.010400
-0.025800
-0.010600
-0.003200
0.006600
0.000600
-0.032800
0.008400
0.020400
0.011600
-0.006600
-0.002000
-0.008200
-0.016600
-0.019200
0.008200
-0.034200
-0.001400
0.009000
-0.027400
-0.018400
-0.021200
-0.031800
-0.028800
-0.007400
0.068600
0.006000
0.008400
0.012200
0.003800
0.005000
0.056400
-0.039800
0.009800
0.026600
-0.005600
0.014600
0.019000
0.012800
0.009800
0.150000
0.004000
-0.004200
0.003200
-0.003200
0.000600
0.032800
-0.008200
-0.030800
-0.016400
-0.014000
0.026400
-0.036400
-0.007000
0.032600
0.021200
0.005800
-0.006200
-0.004000
0.057200
0.049200
0.035200
-0.019400
-0.001600
-0.001400
-0.011800
0.002444
0.008400
-0.010200
0.004400
0.005200
-0.013778
-0.003000
-0.007333
-0.032800
0.018000
-0.007400
0.000800
-0.006600
-0.000889
-0.010200
-0.015000
0.004600
0.004000
0.005200
-0.017600
0.007000
0.004889
0.004200
0.011333
-0.003400
0.009800
-0.011200
0.011600
-0.008400
0.004800
-0.004000
-0.006889
0.010600
-0.001111
0.006000
-0.011000
-0.016000
0.004400
-0.006400
-0.018200
0.009333
0.000600
0.021200
-0.001600
-0.006444
-0.006600
-0.001000
0.003800
0.026200
-0.020400
-0.012400
0.002800
-0.006000
0.021600
-0.000400
-0.016200
-0.012889
0.008000
0.002000
0.015800
0.000222
0.001600
-0.041000
0.020200
0.003400
0.002600
0.002444
-0.015800
-0.016600
0.009600
-0.010889
-0.002000
-0.005800
0.022400
-0.001800
-0.008600
0.000444
-0.007000
-0.026000
0.008000
-0.009200
0.010200
0.003400
0.011200
0.011091
-0.007000
-0.000400
-0.007600
-0.011600
0.007600
0.003400
-0.020400
-0.000600
-0.003400
0.017600
0.017800
0.002200
0.008000
-0.003400
0.002000
-0.004800
0.003200
0.004000
-0.006200
-0.004600
0.011000
-0.003400
-0.007000
0.010000
0.003556
-0.008600
0.001000
-0.020800
0.002800
-0.002400
0.000800
-0.011200
-0.009400
0.000200
-0.024222
0.007000
0.013200
-0.013400
-0.016200
-0.011400
0.011800
-0.001600
0.012000
-0.019200
0.008000
0.034800
-0.014200
0.009400
-0.017000
0.017200
-0.008800
-0.007200
-0.013778
-0.003800
-0.006800
-0.007000
0.015200
0.013800
0.004222
-0.006800
-0.013333
-0.010400
0.012400
-0.004000
0.011600
-0.024400
0.024400
0.016000
-0.008444
0.003200
-0.007778
-0.004400
-0.002800
-0.000800
0.034600
-0.010000
0.010400
-0.008600
0.003200
-0.008000
-0.006400
-0.011000
0.008800
-0.008800
-0.000200
-0.002000
0.010200
-0.005200
-0.000200
0.019200
0.010600
0.013600
-0.000600
0.001400
-0.008400
0.001000
-0.030200
-0.001000
-0.009600
0.010444
0.004000
-0.001600
-0.005400
-0.001400
0.006800
-0.012400
0.015400
-0.010400
-0.009400
-0.002000
0.008200
-0.000400
0.004400
-0.015400
0.008000
-0.006600
-0.020000
-0.019200
-0.007400
-0.019800
-0.003000
-0.007600
-0.005400
-0.009600
-0.003000
0.002600
0.004000
0.007200
-0.011200
-0.010222
0.038000
-0.008222
0.022200
-0.020889
0.000800
0.005400
-0.028600
0.002667
0.017800
0.017000
-0.009200
0.007800
-0.000600
0.016400
-0.003400
-0.011111
-0.009600
0.002444
0.001400
-0.005800
-0.009400
-0.000600
-0.015800
0.008400
-0.009200
0.001778
0.000800
0.002222
-0.001600
-0.016000
0.016000
-0.008000
0.012400
-0.003400
-0.006889
-0.020000
-0.000889
0.003091
-0.011400
0.011400
-0.000875
-0.008700
-0.004000
0.001000
0.012700
0.023200
-0.019200
0.001400
-0.000700
-0.015600
0.015500
0.043800
0.001300
0.011900
-0.000900
0.002500
0.015900
0.002300
0.045600
-0.007500
0.002000
0.013600
-0.012600
-0.004300
0.001900
-0.012300
-0.011100
0.009900
-0.008700
-0.002500
-0.022500
-0.001300
-0.007700
-0.010000
-0.008800
-0.012300
-0.005500
-0.004400
0.002000
0.004600
-0.005692
-0.006727
0.018200
-0.036400
0.006200
-0.009600
-0.010400
0.014600
-0.004000
-0.009400
0.004400
0.015000
0.011000
0.021800
0.001000
0.008800
-0.013200
-0.001200
-0.012200
0.002200
0.027000
-0.017400
-0.001800
-0.000600
-0.026000
-0.019400
0.023400
0.014600
0.004000
-0.006400
0.011000
0.006600
-0.011800
0.015200
-0.022200
-0.001600
0.006000
-0.017800
-0.008600
0.002600
-0.009000
0.020200
0.015867
0.008200
0.006800
0.016600
-0.017400
0.003200
0.022000
-0.002600
0.005000
0.040200
0.012400
0.005400
0.001400
0.026400
-0.009200
0.025200
-0.006600
-0.002800
0.000000
-0.008600
0.033200
-0.016400
0.004600
-0.002600
-0.000800
-0.002800
-0.018600
-0.000400
-0.002000
0.035600
0.021600
0.014400
0.016000
0.028200
0.021800
0.030600
0.053600
-0.033800
-0.016800
0.012400
0.000000
