-0.073474
-0.033091
-0.022200
-0.058750
-0.035100
-0.040700
-0.016100
-0.016200
0.057000
0.028000
0.076700
0.001600
0.011700
-0.007200
0.016100
-0.033200
-0.011900
0.004400
-0.083200
-0.021000
-0.074500
-0.012200
-0.029300
-0.012700
-0.013800
-0.067600
-0.046700
-0.019000
-0.030600
-0.118500
-0.008100
-0.011900
0.000300
-0.028700
-0.030100
-0.031800
-0.048300
-0.026400
-0.043500
-0.001900
-0.026300
-0.043100
-0.066000
-0.038800
-0.019400
-0.046200
-0.055400
-0.031600
0.008000
0.017400
0.005000
-0.002600
0.074200
-0.015200
0.002800
-0.019400
-0.018800
-0.004200
-0.023200
-0.035400
-0.094000
-0.042800
-0.044200
-0.027200
-0.029600
-0.023000
-0.045200
-0.065200
-0.054000
-0.005000
-0.055200
-0.103400
-0.017600
0.023400
0.014200
-0.038000
-0.075400
-0.041200
-0.029600
-0.063600
-0.059200
-0.017000
-0.047600
-0.045200
-0.058200
-0.039800
-0.025200
-0.057800
0.009400
-0.015800
-0.002600
-0.001000
0.031800
0.021600
0.071200
-0.008400
0.001000
0.025800
0.015200
-0.054000
-0.015200
-0.014000
-0.066600
0.018600
-0.069800
-0.070800
-0.013400
-0.035000
-0.069400
-0.083400
-0.072600
-0.016000
-0.041000
-0.080800
0.043600
-0.043800
-0.007600
-0.039000
-0.044600
0.010200
0.050600
-0.010200
-0.020400
0.014200
-0.060800
-0.057000
-0.064000
0.032333
0.012400
-0.023900
-0.019400
-0.026600
0.001500
-0.007400
0.027100
-0.000200
-0.006600
-0.007400
0.003600
0.005500
-0.005900
-0.009200
0.157400
-0.016100
-0.021900
-0.022100
-0.013700
-0.025900
-0.036500
-0.069400
-0.074900
-0.007100
-0.018700
-0.032100
-0.066600
-0.075600
-0.008800
0.022000
-0.001100
-0.025200
-0.068400
-0.030600
-0.044600
-0.037100
-0.041000
-0.037600
-0.032900
-0.056737
-0.044000
0.031600
-0.034400
-0.022600
-0.028600
-0.023600
-0.003400
-0.012400
0.002800
-0.013600
0.000400
-0.006000
-0.022600
0.021000
0.011000
-0.011200
0.181400
-0.048400
-0.025200
-0.038800
-0.038400
-0.039000
-0.024200
-0.061600
-0.084800
-0.039000
-0.033200
0.005000
-0.077400
-0.047000
0.011800
0.019400
0.007600
-0.029600
-0.060600
-0.028800
0.002200
-0.054000
-0.010600
-0.027400
-0.051800
-0.057400
-0.075000
-0.010000
-0.020400
-0.048000
-0.025000
-0.016400
-0.033600
0.005800
-0.065600
-0.043400
-0.002600
-0.024200
0.003000
0.011400
0.012600
0.003200
0.142000
-0.088200
-0.056800
-0.015200
-0.028000
-0.035200
-0.033600
-0.045400
-0.079600
-0.033000
-0.036400
-0.020200
-0.105000
-0.084800
-0.002600
-0.029800
-0.013400
-0.013400
-0.049200
0.044200
-0.002400
-0.042800
-0.064000
-0.032200
-0.033000
-0.057200
-0.018600
0.017800
-0.007000
-0.005200
-0.002200
0.006800
-0.008800
0.025400
-0.006200
0.007800
0.027200
-0.002800
0.005400
0.013000
0.008000
0.019800
-0.001800
0.010400
-0.009800
0.001600
-0.011800
-0.003200
0.016800
-0.007600
0.016200
-0.006600
0.001800
0.020000
0.026400
-0.007800
0.003800
0.024200
-0.004200
0.020200
0.000400
0.013600
0.017200
0.015000
0.003400
0.002000
-0.026200
0.032400
-0.017600
0.007000
-0.003200
0.011800
-0.003600
-0.001000
0.008600
0.001000
-0.027200
0.011600
-0.007400
0.002200
0.000000
0.029600
0.011800
0.012600
-0.004400
0.014000
-0.038000
0.020000
0.010000
0.013600
0.002400
0.024600
0.029600
0.000800
-0.014400
0.025800
0.030800
-0.027600
0.008000
-0.027000
-0.005800
0.012000
0.010400
0.012200
0.021600
0.023000
-0.015400
0.017400
-0.003600
0.013000
0.000364
-0.020400
-0.001800
-0.000200
-0.013400
0.021000
0.015200
0.000200
0.050400
0.006200
-0.010000
0.010200
-0.002400
0.004000
-0.006000
0.001800
-0.015000
0.012400
-0.004000
0.007400
0.012400
0.020200
-0.006800
0.021800
0.010000
0.024200
-0.009600
0.004800
0.014400
0.001600
0.007800
0.013400
0.006200
-0.008600
0.008800
-0.002200
0.015400
0.005000
-0.017600
-0.030200
-0.007200
0.008600
0.016400
0.005000
-0.000400
-0.019800
-0.005400
0.008800
0.014600
0.012800
0.022000
0.001000
0.002600
0.013800
0.013800
-0.009800
-0.010200
-0.017400
-0.014000
0.003200
-0.006400
0.005800
-0.026600
-0.006800
0.007800
-0.009800
-0.013800
0.012400
0.013600
0.000000
-0.006600
-0.000200
0.006200
-0.010200
0.003400
-0.017200
-0.009800
0.017800
-0.013000
-0.012400
-0.014800
0.001800
-0.006400
-0.008600
-0.000400
-0.002200
0.006200
-0.004400
0.002800
0.005400
-0.003200
0.006000
-0.024200
0.025800
-0.002200
0.000600
0.002800
-0.008200
0.010800
-0.000200
0.011800
0.008000
0.005200
-0.004200
-0.014000
-0.010000
-0.007400
-0.021400
-0.017800
0.023400
-0.016000
-0.007600
-0.033800
0.020000
0.011400
-0.015200
-0.001600
-0.011000
0.005400
-0.019800
-0.025000
-0.006400
0.000400
-0.013600
0.008000
-0.010200
0.008000
-0.018200
0.020200
-0.006200
0.019800
-0.003400
-0.000800
0.015600
-0.012400
-0.000800
0.001000
0.007800
0.007400
-0.009000
0.007000
-0.004200
0.010400
0.003400
0.024000
-0.003000
0.007800
-0.012800
-0.009800
-0.019800
0.004200
0.003400
-0.019800
0.000600
-0.015600
0.040400
-0.020200
-0.016600
-0.006600
-0.003400
-0.016200
0.005200
-0.040000
-0.021200
0.010800
-0.021800
-0.005400
-0.002000
-0.001818
-0.000727
0.029400
0.005875
-0.004100
0.001700
0.009000
-0.004200
0.020100
0.004000
0.002100
0.006800
-0.003700
0.005300
0.060000
0.004800
0.012900
-0.005900
-0.009500
-0.006700
0.011200
0.031700
-0.014000
0.021300
0.010100
-0.011500
-0.002000
0.011300
0.000200
0.022300
-0.004500
-0.014700
-0.004400
-0.002100
-0.000700
0.006600
-0.030100
0.010300
-0.006700
-0.007900
0.004200
-0.002947
0.002000
-0.023846
0.000727
-0.003200
0.004800
0.024800
0.003800
-0.012200
0.003000
-0.011800
-0.001000
-0.018000
0.008200
-0.004000
0.053400
0.005800
-0.004200
0.010200
0.014400
0.020400
0.031800
0.053400
-0.012600
0.011000
0.000800
0.002200
0.000400
-0.011600
0.019000
0.019200
0.007800
-0.011600
0.011800
-0.008000
-0.026000
0.010400
-0.004200
0.006400
-0.002600
-0.014800
0.017800
0.013800
0.008800
-0.000267
0.000600
0.008600
0.006800
-0.005400
0.008600
0.000400
0.001800
0.010200
-0.005000
0.007000
0.002000
-0.007200
0.046200
-0.006800
0.026000
-0.029000
0.013400
-0.009000
0.001400
0.035600
-0.005400
0.013200
0.024600
-0.028000
-0.004200
0.011000
0.006400
0.007600
0.005000
-0.032400
-0.011400
-0.004000
-0.020600
0.007600
0.011800
0.013000
-0.007200
-0.028800
-0.002600
-0.003800
