0.0 -3.781653922968088
0.3093362496096232 -2.4289756729376717
0.6186724992192464 -1.558563040843118
0.9280087488288695 -0.5615114724472942
1.2373449984384928 -0.37004657026303106
1.546681248048116 -0.4046788001337088
1.856017497657739 -0.1350677268794524
2.1653537472673623 -0.13725443811063115
2.4746899968769855 -0.020217903077651124
2.784026246486609 0.008853676647070525
3.093362496096232 0.04519951167879452
3.4026987457058553 0.06818905933953164
3.712034995315478 0.08022928325248091
4.021371244925102 0.005007643792513292
4.330707494534725 0.06650240180946906
4.640043744144348 0.10749131617873636
