-0.009189
-0.005265
-0.004404
-0.003451
-0.010522
-0.005527
-0.008303
-0.011372
-0.006746
-0.014815
-0.013433
-0.013936
-0.006271
-0.000605
-0.009474
-0.005821
-0.001815
-0.002959
-0.006378
-0.010756
-0.010671
-0.013299
-0.011034
-0.008196
0.009474
0.011515
0.004828
-0.012308
-0.021000
-0.000606
-0.004483
-0.010000
0.001739
0.000000
-0.028571
-0.014444
0.018049
0.000625
-0.014545
0.003333
0.005366
0.019412
-0.000357
-0.007458
-0.002000
0.007647
0.010000
-0.008108
0.001600
-0.006667
0.012941
0.008621
0.003137
-0.035882
0.000000
-0.010741
-0.008980
-0.001951
-0.023103
0.018182
-0.013061
0.015294
-0.011053
-0.001786
-0.010196
-0.006667
-0.008276
0.021404
0.014510
-0.012571
0.023889
0.019216
0.000472
0.007119
0.005772
0.000595
-0.005812
0.001780
0.003179
-0.004579
0.004270
0.000151
-0.002477
0.002726
0.001061
0.005809
-0.002654
0.007038
-0.003529
-0.025217
-0.013077
-0.007500
-0.015429
-0.012143
0.011724
0.004151
0.005292
-0.001224
0.001560
-0.002607
0.019231
-0.018519
-0.009143
0.010857
-0.024800
-0.026250
-0.030000
0.006154
-0.000858
0.004720
0.002862
0.001789
0.012414
0.028750
0.038788
0.025714
0.006000
-0.009091
-0.042000
0.002222
-0.009231
0.035000
0.011429
0.017838
-0.009091
-0.020000
0.002759
-0.003784
0.014857
0.024000
0.002182
0.000000
-0.027273
-0.070000
-0.035484
-0.005946
-0.021538
-0.004545
-0.003846
-0.012787
-0.026452
-0.010000
0.010714
0.001875
-0.001321
0.003048
0.010385
0.000800
0.009735
-0.002830
-0.005766
0.004295
0.019266
0.006471
0.004602
0.012277
-0.009394
0.005462
-0.010000
0.004727
-0.005600
-0.002629
-0.015256
-0.004564
0.005577
0.003292
0.006433
0.006244
-0.012461
-0.006634
-0.001009
-0.001283
0.001036
0.004365
0.004971
-0.003607
0.012332
0.000208
-0.001053
0.006519
0.005622
0.009852
0.015172
-0.002069
0.000000
-0.010345
0.016923
-0.026667
0.007097
-0.029091
-0.002105
0.003200
-0.012941
-0.012727
0.015000
-0.003333
-0.017391
0.060000
-0.025185
-0.024444
0.000204
0.003881
0.002312
0.003909
0.028333
0.025455
-0.009091
0.011000
-0.021111
-0.006000
-0.011333
-0.020000
-0.028182
-0.012143
0.016667
-0.025556
0.018125
0.015000
-0.026667
-0.011852
-0.002995
-0.012663
-0.002210
0.000221
-0.025294
0.038000
0.012500
-0.019310
0.009524
0.017391
0.007778
0.007143
0.010435
-0.038000
-0.002581
-0.012500
-0.002857
-0.034000
-0.026452
0.004000
0.005825
0.006719
0.003485
0.008788
-0.013786
-0.003475
-0.006729
0.015385
-0.002140
-0.005814
0.002379
-0.001162
-0.000945
-0.001102
0.001429
-0.007129
-0.002146
0.000813
-0.021300
-0.002773
-0.004687
-0.011382
-0.004085
-0.002648
0.005000
0.008235
0.008333
0.003333
0.006400
0.000755
-0.007500
-0.000714
0.004000
0.015926
-0.024651
-0.017949
-0.001250
0.066667
0.000000
0.016667
-0.004444
-0.010000
-0.028235
-0.004706
0.013818
0.003158
0.014545
0.021053
-0.010909
0.002353
-0.025000
-0.005714
-0.000833
-0.013600
0.007879
-0.027407
-0.007037
0.016863
0.000465
-0.012000
-0.014545
0.001667
0.025455
0.033846
0.007500
0.008421
-0.005333
0.007059
-0.002545
0.017949
0.027879
0.015000
-0.001043
-0.000231
0.005000
0.008020
0.006730
0.001085
-0.004775
0.006504
0.007822
-0.002422
-0.000446
-0.008812
-0.007953
0.000240
0.007684
-0.009502
0.013822
-0.003065
-0.010840
0.005328
-0.009183
0.002857
-0.005026
-0.001008
-0.005806
0.006296
-0.006818
-0.016596
0.026667
-0.002857
0.024000
-0.018750
-0.013846
0.017143
0.003636
-0.003750
-0.011923
-0.002264
0.011034
-0.001176
0.010909
-0.007170
-0.002273
0.012653
-0.016364
0.017143
0.010000
0.076923
0.011525
-0.019459
0.000690
-0.018537
0.018750
-0.004762
0.010667
0.023529
0.022667
-0.001000
0.009333
0.025000
0.005574
-0.036842
-0.011176
0.027692
-0.008085
0.004167
0.003125
-0.020000
0.014545
0.018571
0.024000
0.007692
0.000308
-0.010769
0.012613
-0.001720
0.006875
-0.005616
0.001006
0.001124
0.001140
0.009648
0.003616
0.001202
-0.010215
-0.009353
-0.002529
0.006816
0.034444
0.022000
0.012500
0.000000
0.000833
-0.040000
0.002069
0.045000
0.024211
0.024000
0.014286
-0.041538
-0.009714
-0.038462
0.045000
0.010000
-0.005426
-0.000296
0.005730
0.012135
-0.022778
-0.007273
-0.017576
-0.011429
0.005000
0.014400
0.037000
-0.026154
0.015294
-0.026000
-0.014839
0.006154
0.031000
0.014000
-0.002400
0.023750
-0.003731
-0.003762
0.000440
-0.000978
0.015200
-0.028000
0.041250
-0.021538
0.011429
-0.070000
0.006667
0.018462
0.030909
0.010909
-0.007059
0.025517
-0.014737
0.029600
-0.014118
-0.053750
0.004205
-0.002158
-0.000476
0.002105
-0.003220
-0.000851
-0.011210
0.000091
-0.002234
0.000596
0.000764
0.001350
-0.005283
0.005600
-0.004571
0.012549
0.003670
0.000583
0.005347
0.000990
0.007091
0.007525
-0.013832
0.013425
0.000472
0.007119
0.005772
0.000595
-0.005812
0.001780
0.003179
-0.004579
0.004270
0.000151
-0.002477
0.002726
-0.003529
-0.025217
-0.013077
-0.007500
-0.015429
-0.012143
0.011724
0.004151
0.019231
-0.018519
-0.009143
0.010857
-0.024800
-0.026250
-0.030000
0.006154
0.012414
0.028750
0.038788
0.025714
0.006000
-0.009091
-0.042000
0.002222
0.004615
-0.001905
-0.018588
-0.004658
-0.006667
0.012000
0.004941
0.005000
-0.009231
0.035000
0.011429
0.017838
0.007273
0.003871
0.013529
-0.002069
-0.009091
-0.020000
0.002759
-0.003784
-0.016364
-0.004923
-0.004776
0.017176
0.000857
0.000290
-0.005647
-0.008864
-0.003333
-0.015077
-0.000714
-0.005753
-0.000526
-0.019714
-0.010465
0.001818
0.014857
0.024000
0.002182
0.000000
-0.027273
-0.070000
-0.035484
-0.005946
0.006173
-0.020645
0.003636
-0.004828
0.005833
0.011385
0.002892
-0.010989
0.010588
-0.014848
-0.003529
0.001972
0.005854
0.003871
0.006977
-0.002472
-0.021538
-0.004545
-0.003846
-0.012787
-0.013077
-0.005938
0.015821
-0.004419
-0.026452
-0.010000
0.010714
0.001875
-0.026531
0.007805
-0.001818
-0.009836
-0.015918
-0.006667
0.019623
-0.010333
-0.015833
0.008936
0.022373
-0.005373
-0.020000
0.029000
0.003333
0.004262
-0.024074
-0.023636
0.014194
-0.016061
-0.009362
0.019000
0.015600
-0.022333
0.023571
0.015000
-0.012727
0.000250
0.012000
0.006667
0.009091
-0.010667
-0.038000
0.027273
-0.027273
-0.016000
-0.004000
0.034286
-0.009091
-0.007273
-0.011000
0.000000
-0.041667
-0.021333
0.002093
-0.004894
0.000282
-0.000723
0.011667
-0.038182
-0.020000
0.021250
-0.004000
-0.003636
-0.056364
-0.018000
0.000000
0.003077
-0.004286
-0.021250
-0.014000
0.006667
0.009091
-0.014545
-0.002444
0.004146
0.008571
0.005278
0.012000
0.009333
-0.032000
0.000000
0.036250
0.001739
0.001250
-0.008000
0.020000
-0.026000
0.010769
0.016000
-0.008000
-0.004000
0.005455
-0.018000
0.015897
-0.010000
-0.024706
0.016667
-0.018000
0.001818
0.003636
0.054000
0.050909
-0.005455
-0.002000
-0.020000
-0.003158
0.024167
-0.004000
-0.047273
-0.008000
-0.008000
0.026667
-0.012727
0.003590
0.008780
0.015077
0.012113
0.010000
0.055000
0.027500
-0.010769
-0.005882
0.016000
0.032632
0.070000
-0.004000
0.016000
0.021818
0.022000
-0.020000
0.008000
-0.043636
0.013846
0.010123
0.013671
0.011000
-0.005714
-0.001333
-0.017500
0.036364
0.001667
0.009091
0.009231
-0.034000
0.010000
-0.014000
-0.062000
-0.014545
0.036364
0.000000
0.062000
0.012727
0.016923
0.086000
-0.018462
-0.022857
-0.027692
0.019259
0.000000
-0.025455
0.004545
-0.004000
-0.050769
-0.010000
-0.010909
-0.006000
-0.008000
0.046000
-0.009091
-0.004000
0.023636
0.030769
-0.042857
0.034167
0.041538
0.010769
-0.018000
0.052727
-0.012000
0.000000
0.034000
-0.010000
0.048571
-0.013333
0.046000
-0.018333
0.025000
-0.001667
-0.082000
-0.016364
-0.050000
-0.004000
0.036000
0.014000
0.003636
-0.026000
0.012308
0.025000
0.006667
-0.010769
-0.008000
0.001538
0.024000
0.007059
-0.020000
0.005455
0.054000
0.004000
0.003077
0.026000
-0.040000
-0.038182
-0.009091
0.028000
-0.024615
-0.008000
-0.001667
-0.062000
-0.029231
0.016000
0.043077
-0.008000
0.000000
-0.010000
-0.020000
0.005714
-0.061250
0.050000
0.019048
0.036000
0.023636
-0.042000
0.013333
-0.034000
0.000000
0.024000
0.012000
0.067273
0.021667
-0.058333
0.002000
-0.013571
-0.005000
-0.005882
-0.025000
0.010000
0.008000
0.060000
-0.038462
-0.009189
-0.005265
-0.004404
-0.003451
-0.010522
-0.005527
-0.008303
-0.011372
-0.006746
-0.014815
-0.013433
-0.013936
-0.006271
-0.000605
-0.009474
-0.005821
-0.001815
-0.002959
-0.006378
-0.010756
-0.010671
-0.013299
-0.011034
-0.008196
0.006012
0.000819
-0.002559
0.001374
0.001061
0.005809
-0.002654
0.007038
-0.006677
-0.002894
0.000407
-0.001573
0.005292
-0.001224
0.001560
-0.002607
-0.000761
0.002686
0.007201
-0.003407
-0.000858
0.004720
0.002862
0.001789
0.011020
0.008389
0.001708
-0.004551
0.012754
-0.014154
0.008529
-0.012754
-0.008529
0.010909
0.006667
0.002609
0.001821
0.002665
-0.005877
0.002345
-0.000571
0.013043
-0.006027
0.004923
0.020000
-0.002769
-0.011385
0.020000
-0.001867
-0.000680
-0.001725
0.000104
-0.008235
0.007077
0.006567
0.000923
0.003824
0.020000
0.010606
0.003939
0.012727
0.021818
0.013208
0.002041
-0.025455
-0.002857
-0.046667
-0.014545
-0.023636
-0.009231
-0.038000
0.004000
-0.030000
0.030000
0.052000
0.027692
-0.054000
0.024211
0.024000
-0.021818
-0.022609
0.005600
-0.002642
-0.002800
0.041818
0.018182
0.046667
-0.033846
0.062000
0.012857
-0.028000
-0.063636
-0.028000
0.007778
-0.002667
0.056000
0.014000
0.035385
0.042000
-0.020000
-0.001633
-0.026957
0.019216
0.028525
0.050000
0.005714
-0.042000
-0.021818
0.014000
0.018824
0.005882
0.040000
0.005455
0.025455
-0.011667
-0.073333
-0.066000
-0.003077
-0.016000
0.008000
0.003182
0.015217
-0.009825
0.002128
0.016000
-0.022000
0.034000
-0.044000
0.027273
0.036364
0.018182
-0.018182
-0.032727
0.009474
0.001333
0.004000
-0.069091
0.007692
0.026000
-0.013333
0.001778
-0.002553
0.009455
-0.021887
0.018000
0.028333
0.028000
-0.010769
-0.027273
-0.001111
-0.023333
-0.026000
0.000000
0.018000
0.030000
0.024000
0.036364
-0.045455
0.018182
0.040000
-0.000870
-0.003111
-0.001887
0.021250
-0.046000
-0.008235
0.045714
-0.053750
-0.010909
-0.012308
-0.068000
0.040000
0.036000
-0.042000
0.026000
0.009091
0.005455
0.004000
-0.070000
-0.004615
0.012727
-0.027692
0.001538
-0.017143
-0.054000
0.018182
-0.024000
0.012000
0.074000
0.013846
0.002000
0.016667
-0.017895
-0.012000
0.004000
0.031111
-0.002000
0.036923
-0.018462
-0.038333
0.020000
0.002000
0.062000
0.010909
0.015000
0.046000
-0.047273
0.031000
0.014000
-0.036923
0.010000
0.038000
-0.014000
0.015000
-0.048000
0.000000
-0.018750
0.027143
0.021538
-0.004211
-0.008000
-0.043077
-0.018333
0.037143
-0.002000
0.020000
0.006000
-0.016364
-0.018182
0.047273
-0.070000
-0.036364
0.027273
-0.025000
0.006667
0.052727
0.030667
-0.010000
0.001667
-0.014737
-0.018000
0.020000
-0.008000
-0.013333
0.050000
-0.024615
-0.012000
-0.003333
-0.014118
0.040000
0.018667
-0.032500
0.002000
-0.034000
0.046000
0.031667
-0.010000
-0.045000
-0.033333
-0.050000
-0.014667
-0.016364
0.038462
0.013684
-0.036000
-0.021667
0.006000
-0.066000
0.044000
0.020000
-0.020000
0.016923
-0.043636
-0.021667
-0.009231
-0.011667
0.009474
0.011515
0.004828
-0.012308
-0.021000
-0.000606
-0.004483
-0.010000
0.001739
0.000000
-0.028571
-0.014444
0.018049
0.000625
-0.014545
0.003333
0.005366
0.019412
-0.000357
-0.007458
-0.002000
0.007647
0.010000
-0.008108
-0.006667
0.010933
-0.001316
-0.002069
0.004324
-0.005926
0.015789
-0.000230
0.004706
0.026765
0.008169
0.014684
0.001600
-0.006667
0.012941
0.008621
-0.018133
-0.012353
0.006667
-0.010750
0.003137
-0.035882
0.000000
-0.010741
-0.008824
-0.017108
0.009870
0.003243
0.012222
-0.001351
-0.012877
-0.007536
-0.008980
-0.001951
-0.023103
0.018182
-0.010244
-0.002059
0.011294
-0.000482
0.007895
0.002059
0.003582
0.012308
-0.013061
0.015294
-0.011053
-0.001786
-0.011831
0.008649
-0.008000
-0.022029
-0.020845
-0.005641
-0.009315
-0.005135
-0.010196
-0.006667
-0.008276
0.021404
-0.002169
-0.015616
0.003000
0.002169
0.014510
-0.012571
0.023889
0.019216
-0.005250
0.001270
0.013235
-0.024211
0.005455
-0.005486
-0.001486
-0.004229
0.006400
-0.000460
0.001264
0.005943
0.000809
0.001034
0.000455
0.001818
-0.001321
0.003048
0.010385
0.000800
0.009735
-0.002830
-0.005766
0.004295
0.019266
0.006471
0.004602
0.012277
0.000308
-0.010769
0.012613
-0.001720
0.006875
-0.005616
0.001006
0.001124
0.001140
0.009648
0.003616
0.001202
-0.010215
-0.009353
-0.002529
0.006816
0.034444
0.022000
0.012500
0.000000
0.000833
-0.040000
0.002069
0.045000
0.024211
0.024000
0.014286
-0.041538
-0.009714
-0.038462
0.045000
0.010000
-0.005426
-0.000296
0.005730
0.012135
-0.022778
-0.007273
-0.017576
-0.011429
0.005000
0.014400
0.037000
-0.026154
0.015294
-0.026000
-0.014839
0.006154
0.031000
0.014000
-0.002400
0.023750
-0.003731
-0.003762
0.000440
-0.000978
0.015200
-0.028000
0.041250
-0.021538
0.011429
-0.070000
0.006667
0.018462
0.030909
0.010909
-0.007059
0.025517
-0.014737
0.029600
-0.014118
-0.053750
0.005825
0.006719
0.003485
0.008788
-0.013786
-0.003475
-0.006729
0.015385
-0.002140
-0.005814
0.002379
-0.001162
-0.002907
0.002842
0.001196
0.004578
0.010842
0.005475
0.010171
0.006420
-0.000945
-0.001102
0.001429
-0.007129
-0.005549
0.001209
0.008156
0.008434
-0.009894
-0.000838
-0.011977
-0.002609
-0.002146
0.000813
-0.021300
-0.002773
-0.012022
-0.003913
-0.001277
0.007212
0.006146
0.004000
-0.001953
0.000795
-0.004687
-0.011382
-0.004085
-0.002648
0.006429
0.005385
-0.020714
-0.002857
0.015200
-0.009600
-0.020741
0.015000
0.009091
0.005000
0.015000
-0.030000
0.007857
0.000000
-0.001538
-0.043704
-0.018889
-0.013750
0.018667
-0.004348
-0.006923
-0.003333
0.003333
0.022400
-0.030968
0.031724
0.009412
-0.001481
0.007500
-0.006667
-0.022667
0.018947
0.005600
0.000000
0.025000
-0.012174
-0.001250
-0.008889
-0.003448
0.015556
0.003333
0.007143
-0.001176
-0.035294
0.012414
-0.013333
0.012258
0.014815
-0.006400
-0.000800
-0.004615
0.017241
-0.008462
0.000000
-0.007407
0.008462
0.045455
-0.005333
0.030909
0.100000
-0.010000
-0.018788
-0.020769
0.005185
-0.051200
-0.006154
-0.015200
0.009565
0.008462
0.016000
-0.010000
-0.026667
-0.001429
-0.021212
-0.002857
0.010769
-0.026000
0.043636
-0.029091
0.008333
0.032258
0.012727
0.022963
0.016667
-0.028000
-0.029333
-0.013846
0.049474
0.052500
0.004286
0.023750
-0.042353
-0.018519
-0.031538
-0.003333
-0.003077
-0.054000
0.027692
0.005000
0.011250
-0.031111
-0.025926
0.025806
0.000000
0.018333
0.000000
-0.017576
-0.010000
0.029333
0.010000
-0.022667
-0.033333
-0.021379
-0.005333
-0.012308
0.017143
-0.028000
-0.012000
0.022000
0.042000
0.034000
0.060000
-0.008000
-0.042000
-0.054000
-0.014000
-0.034000
-0.072000
0.020000
-0.040000
0.004000
0.000000
0.018667
0.028421
-0.015833
-0.034167
-0.010000
-0.040000
-0.026000
0.004000
0.038000
0.026000
0.028000
0.012000
0.012000
0.028000
-0.008000
-0.056000
0.022000
0.006000
-0.060000
0.008000
0.015833
-0.004167
-0.044615
-0.003846
-0.030000
-0.024000
-0.032000
0.068000
-0.056000
-0.001818
-0.006000
-0.004000
-0.026000
0.034000
0.000000
0.021818
0.052000
0.002000
-0.040000
-0.034000
-0.025217
-0.008696
-0.012632
0.014400
0.012000
0.030000
-0.024000
0.018000
-0.016000
0.048000
-0.010000
0.034000
0.012000
0.038000
0.038000
-0.020000
-0.040000
0.048000
-0.042000
0.032000
-0.048000
0.021333
0.011250
0.003750
-0.013143
-0.011429
-0.025714
0.012903
-0.028000
0.016000
-0.040000
0.028333
-0.020000
-0.001538
0.004000
-0.025217
0.026667
-0.016522
0.038889
0.002609
0.066000
0.018000
-0.018000
0.006000
-0.016000
0.046667
-0.044000
0.102000
0.004000
-0.008000
-0.030000
0.076000
-0.006000
-0.032000
-0.016000
0.016000
-0.019167
0.039286
-0.011724
0.031111
-0.022000
-0.003636
0.002000
0.006000
-0.012000
-0.008000
0.010000
0.000000
0.048000
-0.004000
0.008000
-0.030000
0.007273
0.034545
-0.006000
0.026000
-0.000714
0.005000
-0.017600
-0.010769
0.005455
-0.002000
0.060000
0.004000
0.016000
-0.022000
-0.028000
0.002000
0.004000
0.126000
-0.028000
-0.048000
0.000000
-0.008000
0.072000
-0.094000
-0.013750
0.021000
-0.017000
0.010000
-0.036000
0.040000
-0.036000
-0.010000
0.006000
-0.020000
0.012000
-0.052000
0.034000
-0.006000
-0.070000
-0.006000
-0.032000
0.046000
-0.016000
0.004000
0.038621
-0.018621
0.029697
-0.001290
0.026000
-0.012727
0.002000
-0.041818
-0.025714
0.014118
0.026667
0.002500
-0.006286
-0.003571
0.000000
0.016000
-0.002500
0.011200
0.001481
0.040000
0.064000
0.028000
-0.042000
0.008000
0.028000
0.000000
0.000000
0.012000
-0.028000
0.012000
-0.008000
0.004000
-0.062000
-0.008000
0.018000
0.092000
0.002759
0.010667
0.006400
-0.003846
-0.004000
0.026000
0.026000
-0.010000
0.038333
-0.024000
-0.002000
0.038000
-0.008000
0.002000
-0.016000
0.016000
-0.044000
-0.010000
0.092000
-0.046000
0.022400
0.035000
0.022222
-0.022581
-0.004000
0.054000
0.002000
0.036000
-0.028000
-0.008000
-0.064000
0.006000
-0.030000
0.002000
-0.020000
0.010000
0.022000
-0.003333
0.012000
-0.004000
0.003478
-0.036522
-0.012308
-0.048148
0.050000
0.028000
0.014000
-0.024000
-0.052000
0.032000
0.050000
0.074000
0.032000
-0.012727
-0.048000
-0.018000
-0.020000
0.032000
0.024000
0.002000
-0.001043
-0.000231
0.005000
0.008020
0.006730
0.001085
-0.004775
0.006504
0.007822
-0.002422
-0.000446
-0.008812
0.002428
0.002353
-0.002796
0.003190
-0.004526
-0.012254
0.001548
-0.010964
-0.007953
0.000240
0.007684
-0.009502
0.009497
-0.007725
0.002280
0.014537
-0.005773
-0.001685
0.010463
0.002428
0.013822
-0.003065
-0.010840
0.005328
-0.004253
-0.000326
-0.001354
-0.002892
-0.017849
-0.003218
-0.000460
0.007545
-0.009183
0.002857
-0.005026
-0.001008
0.010588
0.055000
0.007333
-0.003478
-0.031429
0.003846
0.040000
0.037500
-0.013333
-0.002000
-0.025714
-0.005517
0.012222
0.028000
-0.031429
-0.003750
0.018621
-0.004667
0.008462
0.005333
-0.008696
-0.016667
-0.030000
0.052500
0.011667
-0.015000
0.008421
0.007143
0.006000
-0.020000
0.006154
0.006667
0.003846
-0.001667
0.004167
0.016800
0.007407
-0.015385
-0.016429
0.006429
0.004000
0.016571
-0.030556
-0.019231
-0.060000
-0.011667
-0.048000
-0.038571
-0.014667
-0.020000
0.013571
-0.004444
-0.004667
0.026364
0.003810
0.017273
0.022069
-0.009231
-0.019394
0.005185
-0.003750
-0.008571
-0.008000
0.007500
0.051333
0.022857
-0.002727
-0.025000
0.025333
0.014118
0.017778
-0.003333
-0.016000
0.029333
0.001250
0.011250
0.026667
0.009600
0.043871
0.022400
0.004615
0.009231
0.018333
-0.037143
0.018519
0.007692
-0.011111
0.006000
-0.022759
-0.000588
-0.005714
0.012500
0.054545
-0.049231
-0.030000
0.024286
0.003889
-0.009231
-0.017143
-0.020588
-0.013333
-0.023333
-0.029333
0.005714
-0.010000
0.018182
0.001111
0.020000
-0.009600
0.005517
0.012308
0.027143
-0.011200
0.036522
0.037600
-0.013600
-0.026000
0.036000
0.034545
0.060000
-0.044000
0.034000
-0.042000
-0.028000
0.000000
0.012000
0.000000
-0.006000
-0.028000
-0.032000
-0.002000
-0.072727
0.043636
-0.009600
0.023158
-0.012800
-0.048000
0.090000
0.042000
-0.014000
-0.040000
0.022000
-0.018000
-0.080000
0.038000
-0.012000
-0.020000
-0.006000
-0.036000
-0.024000
-0.038000
0.076000
0.008667
0.018571
-0.010400
-0.022400
-0.048000
-0.020000
-0.048000
-0.012000
-0.038000
-0.054000
0.042000
-0.078000
-0.056000
-0.018000
-0.002000
-0.024000
0.040000
-0.018000
0.030000
-0.046000
0.011250
0.014737
0.002000
-0.010400
-0.074000
-0.028000
0.022000
0.060000
-0.020000
-0.072000
-0.026000
0.028000
-0.052000
0.012000
-0.082000
0.000000
0.038000
-0.010000
-0.008000
-0.032000
-0.021481
0.006897
0.019355
0.007097
-0.012000
0.034000
-0.010000
-0.002000
-0.016571
0.023846
-0.034815
0.013333
0.005333
0.027368
-0.033333
-0.036000
-0.011250
0.014167
-0.001905
-0.013846
0.024000
0.004000
-0.060000
0.014000
-0.008000
0.044000
0.040000
0.036000
-0.094000
0.000000
0.052000
0.044000
0.014000
0.012000
0.020000
0.008000
0.027407
0.015172
-0.013077
0.000833
-0.002000
-0.042000
0.006000
0.034000
0.028000
-0.022000
0.026000
0.006000
0.050000
-0.008000
-0.010000
0.098000
-0.014000
-0.010000
-0.014000
-0.014000
-0.014615
-0.020769
0.004800
0.025000
-0.006000
-0.040000
-0.008000
-0.052727
-0.060000
-0.024000
-0.010000
0.014000
-0.002000
-0.046000
0.032000
0.012000
0.036000
0.010000
0.004000
0.036000
-0.000800
-0.008800
-0.012381
-0.004516
-0.016000
-0.008000
-0.016000
0.014000
-0.042000
0.054000
0.016000
-0.014000
-0.026000
0.023636
-0.002000
0.008000
0.032000
0.030000
0.006000
0.008000
0.028571
-0.007059
-0.025714
0.013333
0.024000
-0.001481
0.008889
0.008667
0.046667
0.007586
0.017931
-0.001538
-0.056000
0.036000
-0.018000
0.023636
0.022105
0.003200
-0.008182
-0.029167
0.012000
0.006000
-0.002000
0.010000
0.080000
0.026667
-0.026000
-0.030000
-0.002000
0.012000
-0.082000
0.030000
0.002000
-0.038000
-0.040000
0.008000
0.007692
-0.002222
0.035556
0.012143
-0.018000
-0.018000
-0.038000
0.020000
-0.016000
0.002000
-0.024000
-0.007692
-0.006000
0.000000
-0.018000
0.064000
0.014000
-0.028000
0.048000
0.016000
-0.016000
0.017000
-0.016190
-0.029600
-0.074000
0.048000
-0.040000
0.044000
0.006000
0.012000
0.018000
0.042000
-0.028000
-0.004000
-0.008000
-0.014000
0.070000
-0.006000
0.004000
0.000000
-0.017037
-0.020714
0.008462
-0.011667
0.036364
-0.022000
-0.036000
-0.002000
0.042000
-0.032000
0.000000
-0.018000
-0.006000
0.030000
0.048000
-0.024000
0.036000
-0.046000
-0.052000
-0.018000
-0.012461
-0.006634
-0.001009
-0.001283
0.001036
0.004365
0.004971
-0.003607
0.012332
0.000208
-0.001053
0.006519
0.005622
0.009852
0.015172
-0.002069
0.000000
-0.010345
0.016923
-0.026667
0.007097
-0.029091
-0.002105
0.003200
-0.012941
-0.012727
0.015000
-0.003333
-0.017391
0.060000
-0.025185
-0.024444
0.000204
0.003881
0.002312
0.003909
0.028333
0.025455
-0.009091
0.011000
-0.021111
-0.006000
-0.011333
-0.020000
-0.028182
-0.012143
0.016667
-0.025556
0.018125
0.015000
-0.026667
-0.011852
-0.002995
-0.012663
-0.002210
0.000221
-0.025294
0.038000
0.012500
-0.019310
0.009524
0.017391
0.007778
0.007143
0.010435
-0.038000
-0.002581
-0.012500
-0.002857
-0.034000
-0.026452
0.004000
-0.005283
0.005600
-0.004571
0.012549
0.003670
0.000583
0.005347
0.000990
0.007091
0.007525
-0.013832
0.013425
-0.008786
-0.005281
-0.001788
0.004800
-0.004884
-0.006743
0.011955
0.006400
-0.000231
0.010400
0.004831
-0.003523
0.000472
0.007119
0.005772
0.000595
-0.005812
0.001780
0.003179
-0.004579
0.004270
0.000151
-0.002477
0.002726
-0.009189
-0.005265
-0.004404
-0.003451
-0.010522
-0.005527
-0.008303
-0.011372
-0.006746
-0.014815
-0.013433
-0.013936
-0.006271
-0.000605
-0.009474
-0.005821
-0.001815
-0.002959
-0.006378
-0.010756
-0.010671
-0.013299
-0.011034
-0.008196
-0.006667
0.010933
-0.001316
-0.002069
0.004324
-0.005926
0.015789
-0.000230
-0.026531
0.007805
-0.001818
-0.009836
0.004706
0.026765
0.008169
0.014684
-0.015918
-0.006667
0.019623
-0.010333
-0.018133
-0.012353
0.006667
-0.010750
-0.008824
-0.017108
0.009870
0.003243
0.012222
-0.001351
-0.012877
-0.007536
-0.015833
0.008936
0.022373
-0.005373
-0.010244
-0.002059
0.011294
-0.000482
-0.020000
0.029000
0.003333
0.004262
0.007895
0.002059
0.003582
0.012308
-0.011831
0.008649
-0.008000
-0.022029
-0.020845
-0.005641
-0.009315
-0.005135
-0.024074
-0.023636
0.014194
-0.016061
-0.002169
-0.015616
0.003000
0.002169
-0.009362
0.019000
0.015600
-0.022333
-0.005250
0.001270
0.013235
-0.024211
0.011765
-0.000299
0.009412
0.009643
0.015224
0.015135
-0.007188
0.013000
0.000274
0.002034
-0.002812
0.009643
-0.020615
-0.013455
0.010508
0.008148
-0.003125
-0.010000
-0.002951
0.009643
0.018182
-0.007000
0.000952
-0.010000
0.008060
-0.006286
-0.019692
0.007826
0.072000
0.020000
0.043636
-0.026000
0.004000
-0.012000
0.008000
-0.035000
-0.028000
-0.006154
-0.024000
0.074000
0.037778
-0.002727
0.032000
-0.016364
-0.010857
-0.003662
0.015000
-0.013529
-0.066000
-0.034000
-0.028000
-0.026000
-0.002000
-0.050769
-0.001818
0.032000
-0.010000
-0.050476
0.018462
-0.036000
0.010000
-0.016000
0.029091
-0.032000
0.020000
-0.021818
-0.044000
-0.040000
-0.025000
-0.045455
0.030909
-0.028000
0.027273
0.012308
-0.015714
0.029091
-0.026400
-0.020000
0.025455
0.012308
0.048000
-0.018000
0.014000
-0.014545
0.012000
0.006000
0.058000
-0.026667
0.016000
-0.032000
0.026000
-0.010000
0.008000
-0.018000
-0.018000
0.054000
-0.016000
0.025455
0.020000
0.030909
-0.015000
0.034000
-0.012727
-0.002000
0.005455
0.016364
-0.035385
-0.007692
0.031200
0.064000
-0.020000
-0.050000
-0.014000
0.022000
-0.030909
-0.063333
-0.005455
-0.036000
-0.048000
-0.032000
-0.008000
-0.050909
0.010000
-0.022000
-0.038000
0.029091
-0.024000
0.010000
0.005352
-0.001493
0.013226
0.016140
0.016000
0.031429
-0.016250
-0.013333
-0.036250
-0.007368
-0.012500
0.030000
-0.010000
0.016000
-0.032000
0.026000
-0.014000
0.012000
0.004000
-0.008000
-0.024444
-0.008235
-0.038621
-0.002807
0.002000
0.020000
-0.042000
0.016667
0.014000
0.000000
-0.003636
-0.002000
-0.009412
-0.002000
-0.042000
-0.005455
0.034000
0.011765
0.040000
0.022000
-0.023333
0.042000
0.018182
-0.002000
0.026000
-0.001818
-0.020000
0.013333
0.020000
0.043636
-0.026000
0.072000
-0.021818
0.024000
-0.036000
-0.004000
-0.014000
0.011667
-0.018000
0.050000
0.010000
-0.089091
-0.032727
-0.004000
0.036364
0.014545
-0.001818
-0.015000
-0.008000
0.042000
-0.036923
-0.016923
0.014545
0.001667
-0.010909
-0.030000
0.046000
0.036364
-0.012000
-0.006000
0.061739
0.036000
-0.048750
0.031429
0.045455
-0.032000
0.000000
0.020000
-0.004000
-0.006000
0.005455
0.009231
-0.005455
0.038000
-0.018000
0.008000
-0.012000
-0.012000
-0.036000
0.036000
0.012000
-0.018000
-0.038000
0.010000
-0.008857
-0.003939
0.009492
-0.008966
-0.010000
-0.011429
0.038750
-0.032727
-0.003750
-0.010526
0.017333
-0.031429
-0.050000
0.010000
0.030000
-0.005455
0.010000
-0.038000
0.029091
-0.024000
0.022000
-0.009206
0.004762
0.001404
-0.002500
-0.006316
0.052000
-0.058000
-0.050000
-0.003077
0.036000
-0.018000
0.008000
0.023636
0.028000
-0.032727
0.010000
0.012000
-0.018000
-0.038000
-0.023636
-0.020000
0.030000
0.050000
-0.004000
0.023636
-0.002000
-0.066667
-0.034000
-0.028000
-0.026000
-0.066000
0.030000
-0.014000
-0.064000
0.002000
0.018182
-0.012000
0.040000
0.026000
0.016000
0.006667
0.018000
-0.008000
0.005833
-0.024000
-0.018333
-0.041667
-0.021818
-0.014000
0.036000
0.001818
-0.050000
-0.004000
-0.025455
0.030000
-0.007273
-0.034000
-0.014000
-0.058000
-0.004000
-0.018000
-0.008000
-0.020000
0.000000
-0.003636
-0.002000
0.014000
0.026667
-0.010000
-0.009091
-0.033333
0.028000
-0.001818
0.012000
-0.002000
0.006667
0.062000
0.010588
-0.012941
-0.040000
0.032000
0.004000
-0.036667
0.006012
0.000819
-0.002559
0.001374
-0.006677
-0.002894
0.000407
-0.001573
-0.000761
0.002686
0.007201
-0.003407
0.000033
0.002554
0.000033
0.002554
0.011020
0.008389
0.001708
-0.004551
0.004615
-0.001905
-0.018588
-0.004658
-0.006667
0.012000
0.004941
0.005000
0.012754
-0.014154
0.008529
-0.012754
0.007273
0.003871
0.013529
-0.002069
-0.008529
0.010909
0.006667
0.002609
-0.016364
-0.004923
-0.004776
0.017176
-0.000133
0.001511
-0.000133
0.001511
0.001821
0.002665
-0.005877
0.002345
0.000857
0.000290
-0.005647
-0.008864
-0.003333
-0.015077
-0.000714
-0.005753
-0.000571
0.013043
-0.006027
0.004923
-0.000526
-0.019714
-0.010465
0.001818
0.020000
-0.002769
-0.011385
0.020000
0.006173
-0.020645
0.003636
-0.004828
0.000699
-0.007207
0.000699
-0.007207
-0.001867
-0.000680
-0.001725
0.000104
0.005833
0.011385
0.002892
-0.010989
0.010588
-0.014848
-0.003529
0.001972
-0.008235
0.007077
0.006567
0.000923
0.005854
0.003871
0.006977
-0.002472
0.003824
0.020000
0.010606
0.003939
-0.013077
-0.005938
0.015821
-0.004419
-0.004923
-0.001471
-0.004912
0.020635
-0.014545
0.019118
-0.005424
0.003607
0.005714
-0.013704
0.001017
0.013448
-0.033333
-0.008302
-0.026667
-0.012881
-0.004308
0.015769
0.033214
0.005965
-0.010794
0.004074
-0.009655
-0.028966
-0.003492
-0.009355
-0.020702
-0.027547
-0.006000
0.022000
0.012727
0.012000
0.014545
-0.050000
-0.012000
-0.008000
0.004000
0.042000
0.014000
0.058000
0.058000
0.011000
-0.021538
0.016923
0.001587
0.002222
0.002857
-0.005385
-0.042000
0.020000
-0.052000
0.040000
0.010000
0.006000
-0.056000
-0.010000
0.005455
-0.053333
0.000000
0.020000
-0.042000
0.018000
0.040000
0.004000
0.002000
0.052000
0.002000
0.052000
-0.020000
-0.002000
0.022000
-0.030000
0.014000
0.038000
-0.001667
0.006000
-0.028000
-0.030000
0.050909
-0.022000
0.017500
0.023077
-0.027273
-0.001333
0.008000
0.022000
-0.026000
0.022000
0.014545
-0.016000
0.036000
-0.018000
-0.015385
-0.002000
0.052727
0.000000
-0.018000
-0.024000
-0.018000
-0.024000
0.068000
0.002000
0.044000
0.048000
0.000000
-0.022000
-0.025000
-0.012000
0.034000
-0.056000
0.041818
0.044000
0.010000
-0.036000
0.022000
-0.030000
-0.008000
-0.005000
0.027273
-0.023529
-0.021667
-0.047273
0.016364
0.031429
0.009091
0.016000
0.076000
0.064000
-0.008824
-0.017377
-0.022759
-0.003881
-0.014000
0.000000
0.030000
0.056000
0.050000
-0.019048
-0.016000
-0.036667
0.080000
0.024000
0.008000
-0.022000
-0.024000
-0.054000
-0.004000
0.024000
-0.012239
0.014462
0.000727
0.005455
-0.008000
-0.004000
0.018000
0.018000
0.028000
-0.024000
-0.010000
0.022000
-0.056364
-0.016842
-0.041538
0.023750
0.076000
-0.045000
0.018000
-0.002000
0.018824
-0.018571
-0.021739
-0.006667
-0.008000
-0.026000
-0.040000
-0.016000
0.023636
-0.010000
-0.038000
0.010000
0.064000
-0.004286
0.021538
0.018667
-0.028000
0.034000
-0.028000
0.034000
-0.014000
0.000000
0.008000
0.008000
-0.038000
-0.022000
0.023636
0.000000
-0.004000
0.004000
0.014000
-0.012000
0.044000
0.048000
0.068000
0.002000
-0.036364
0.004000
-0.036364
0.004000
0.034000
-0.020000
-0.040000
-0.004000
-0.012000
0.008000
-0.003636
0.018000
-0.016000
-0.022000
0.046000
0.078000
0.028571
-0.003529
-0.008696
-0.046667
-0.016364
-0.014000
0.040000
-0.034444
0.098000
0.022000
-0.002000
-0.012000
0.009565
-0.011818
0.000000
0.025278
-0.010000
-0.009091
-0.032727
-0.022000
-0.018000
0.008421
-0.002353
-0.050000
-0.008000
-0.006000
0.014000
0.008000
-0.036000
0.068000
-0.022000
-0.044000
-0.010000
0.000952
0.007500
-0.018462
-0.018000
-0.009000
-0.015000
0.006667
0.030000
-0.014545
0.006000
0.040000
0.034000
-0.040000
0.034545
-0.004000
0.034000
-0.010000
0.064000
-0.028000
0.041250
-0.016250
0.003636
0.002105
-0.024000
-0.012000
0.026000
0.016000
0.012727
0.020000
0.038000
0.029091
-0.016923
0.041429
0.024615
-0.008750
0.008000
0.008000
-0.014000
0.000000
0.016000
-0.042000
0.016000
-0.042000
-0.022000
-0.034000
-0.042000
-0.006000
0.032000
0.012000
0.050909
-0.008000
-0.022000
0.020000
0.000000
0.016000
0.029333
0.045714
0.044762
0.014118
0.018333
-0.004000
-0.030000
-0.018571
0.018000
-0.054000
-0.034545
0.018000
0.022000
-0.030000
-0.020000
-0.002000
-0.036000
-0.010000
-0.036000
-0.010000
-0.008000
0.020000
0.014000
-0.052000
-0.080000
-0.008000
0.003333
-0.002000
-0.001321
0.003048
0.010385
0.000800
0.009735
-0.002830
-0.005766
0.004295
0.019266
0.006471
0.004602
0.012277
-0.002907
0.002842
0.001196
0.004578
0.010842
0.005475
0.010171
0.006420
-0.005549
0.001209
0.008156
0.008434
-0.009894
-0.000838
-0.011977
-0.002609
-0.012022
-0.003913
-0.001277
0.007212
0.006146
0.004000
-0.001953
0.000795
-0.004800
0.007273
-0.000741
0.007200
0.007200
0.008000
0.022069
0.012308
-0.036000
-0.003077
-0.002222
0.030000
-0.017333
0.006667
-0.057647
0.021333
0.017143
0.004000
-0.022667
-0.010588
0.005806
0.000000
0.002424
-0.020000
-0.065714
-0.021333
0.044000
-0.026250
-0.006667
-0.018462
0.040000
-0.004286
-0.014286
-0.037037
-0.020000
0.027742
0.026250
-0.013333
0.005333
0.018571
-0.000741
0.007200
-0.004800
0.007273
0.002308
-0.039259
-0.013939
-0.014286
-0.002000
0.003200
0.003125
-0.019355
0.021333
-0.017333
0.006667
-0.057647
-0.010667
-0.012308
0.007500
-0.009333
0.018571
0.026250
-0.013333
0.005333
-0.027692
0.026250
0.000000
-0.044138
-0.011852
0.013939
-0.008667
0.010000
0.014000
-0.025333
0.004000
0.047273
0.018667
-0.060000
0.017647
0.010667
0.014615
-0.007647
0.006667
0.023529
0.000000
-0.044138
-0.027692
0.026250
0.022069
0.012308
0.007200
0.008000
0.014667
-0.016000
0.017333
0.011429
-0.020000
0.027742
-0.014286
-0.037037
0.018333
0.019375
0.002400
0.025000
0.004000
-0.022667
-0.010588
0.017143
0.029091
0.061818
0.004000
0.021818
-0.001379
0.023200
0.004516
0.005385
0.010667
0.018667
-0.060000
0.017647
0.015714
0.006154
0.024286
0.012000
0.011429
0.014667
-0.016000
0.017333
-0.021333
0.044000
-0.026250
-0.065714
-0.008667
0.010000
-0.011852
0.013939
-0.021538
-0.012143
0.001250
-0.000588
0.002400
0.025000
0.018333
0.019375
0.002428
0.002353
-0.002796
0.003190
-0.004526
-0.012254
0.001548
-0.010964
0.009497
-0.007725
0.002280
0.014537
-0.005773
-0.001685
0.010463
0.002428
-0.004253
-0.000326
-0.001354
-0.002892
-0.017849
-0.003218
-0.000460
0.007545
-0.005333
0.013750
0.045714
0.021333
0.007097
0.020800
-0.027742
0.030769
-0.018667
-0.018750
0.015714
-0.022667
0.049333
0.007692
-0.004286
-0.004615
-0.001481
0.010323
0.005714
0.008000
0.025600
-0.003448
0.007333
0.018400
-0.016000
-0.001667
-0.046667
0.038333
0.001333
-0.018571
0.040000
-0.006667
0.005714
0.008000
-0.001481
0.010323
-0.009167
-0.020714
0.009286
0.012667
0.017857
0.012000
0.002308
-0.001290
-0.013750
0.020000
-0.041333
0.012000
0.002308
-0.001290
0.017857
0.012000
0.020000
0.020000
0.012143
0.011200
0.013750
0.045714
0.021333
-0.005333
0.052000
0.036000
-0.076364
0.056364
-0.004286
0.040000
0.034286
0.002667
0.001481
-0.018400
0.003226
-0.034615
-0.010667
0.008750
0.040000
0.014667
0.040000
-0.032308
0.004000
-0.012308
-0.018750
0.015714
-0.022667
-0.018667
-0.023750
0.036552
-0.007692
-0.027097
0.012143
0.011200
0.020000
0.020000
-0.005217
0.004444
0.006452
0.000000
-0.049655
0.011200
-0.011875
-0.007097
-0.006667
0.001333
-0.018571
0.040000
-0.024286
-0.033846
0.010000
-0.020000
0.012000
-0.013750
0.020000
-0.041333
-0.007692
-0.027097
-0.023750
0.036552
0.006429
0.011765
0.036000
0.005517
0.040000
0.034286
0.002667
-0.004286
-0.008000
-0.028000
0.080000
-0.056667
0.001739
0.022424
-0.025455
-0.001250
0.036000
0.005517
0.006429
0.011765
0.008750
0.040000
0.014667
-0.010667
0.007333
0.018400
0.025600
-0.003448
-0.005283
0.005600
-0.004571
0.012549
0.003670
0.000583
0.005347
0.000990
0.007091
0.007525
-0.013832
0.013425
0.000472
0.007119
0.005772
0.000595
-0.005812
0.001780
0.003179
-0.004579
0.004270
0.000151
-0.002477
0.002726
0.003611
-0.019688
0.009863
-0.010462
-0.006389
-0.010000
0.000870
0.011212
0.009863
-0.010462
0.003611
-0.019688
-0.001972
0.035692
-0.002029
0.011818
0.000870
0.011212
-0.006389
-0.010000
-0.002029
0.011818
-0.001972
0.035692
0.000033
0.002554
0.000033
0.002554
-0.000133
0.001511
-0.000133
0.001511
0.000699
-0.007207
0.000699
-0.007207
-0.000625
-0.007619
-0.000625
-0.007619
-0.008571
-0.003692
-0.008571
-0.003692
-0.007619
-0.000625
-0.007619
-0.000625
0.014154
-0.004762
0.014154
-0.004762
-0.003692
-0.008571
-0.003692
-0.008571
-0.004762
0.014154
-0.004762
0.014154
