-0.002048
0.004088
-0.000430
-0.002962
-0.004441
0.004368
-0.002050
-0.005355
-0.001657
-0.001067
-0.001692
0.003350
-0.002527
-0.001412
-0.002909
0.001352
-0.003598
-0.000612
-0.002909
-0.001882
-0.007827
0.004864
0.000140
-0.009140
-0.007368
0.025455
-0.018966
0.020000
-0.019000
-0.010303
-0.017586
0.022632
0.036957
-0.023684
-0.006786
0.003704
-0.008293
0.003125
0.006545
0.008095
0.000976
0.005882
-0.005000
0.008136
-0.011500
-0.050588
0.005769
-0.007027
-0.008000
-0.009091
-0.014118
-0.002069
0.016863
0.024706
0.013889
-0.011111
-0.004490
-0.013659
0.002414
0.005455
-0.019592
-0.002941
-0.002632
-0.005000
-0.001961
-0.014545
0.005862
-0.013684
0.003922
0.001714
-0.006111
-0.000784
-0.000849
-0.000995
0.002500
-0.007418
-0.001250
0.003379
0.000123
-0.004143
-0.000251
-0.005271
-0.000248
0.000032
0.004502
-0.001947
-0.001173
0.004701
0.006471
0.027826
-0.007308
-0.012857
0.013143
0.026429
0.003793
0.018113
-0.005017
0.002063
-0.001109
0.007857
0.004615
0.001481
0.013714
-0.006857
0.004000
0.043750
0.008571
0.012308
0.004082
0.004231
0.002147
-0.006941
-0.005517
-0.012500
0.009091
0.000000
-0.010000
-0.001818
0.008000
-0.012778
0.010256
0.041667
-0.041714
0.003243
-0.017576
0.026667
0.017241
0.004865
-0.012571
-0.009000
0.000000
0.020333
0.021212
0.005000
-0.005806
-0.002162
0.024103
-0.020000
0.014615
-0.018361
0.029677
0.038000
-0.034286
0.016250
-0.005660
0.013524
0.009423
0.003200
-0.010265
-0.009057
-0.007207
0.009664
0.000734
-0.005686
0.010265
-0.004950
-0.011818
-0.010252
0.003774
0.006909
0.003000
-0.004861
0.000641
0.023490
-0.002308
0.006584
-0.005614
0.001629
0.005654
-0.010927
-0.017248
-0.005882
-0.007254
0.006294
0.000000
0.012896
0.011295
-0.005833
0.005263
-0.001547
-0.015784
0.000985
-0.002414
0.019310
-0.029167
0.023448
0.032308
-0.038333
0.001935
0.049091
-0.009474
0.017600
-0.017647
-0.050909
0.001250
0.042000
-0.030435
-0.026000
0.002222
0.015556
-0.007449
0.006169
0.005202
0.001455
0.014167
0.056364
-0.012121
-0.003000
0.018889
-0.020000
-0.008000
-0.040000
-0.010909
-0.011429
-0.025556
-0.002222
0.007500
0.028333
-0.002667
0.002963
0.003529
0.003618
-0.010829
0.002431
-0.003529
-0.004000
-0.016875
0.022759
-0.015238
0.009565
-0.007778
0.004286
0.038261
0.006000
0.025806
0.012500
-0.007143
0.030000
0.024516
-0.037333
0.004854
-0.000158
-0.004232
-0.001414
-0.003204
0.005560
-0.000654
0.006462
-0.003349
0.008372
-0.001322
-0.002988
0.002047
0.003780
0.006020
-0.006832
0.003831
-0.004878
0.000200
-0.001092
-0.006797
0.008699
-0.003064
-0.005388
-0.023333
0.011765
0.000833
-0.022222
0.007200
-0.008302
-0.005000
0.015000
-0.000333
0.006296
-0.013488
0.029231
0.007500
-0.004762
0.022667
0.022222
0.015556
0.026250
0.027059
-0.035294
-0.009091
-0.047895
-0.004848
-0.026842
-0.032727
0.021176
-0.041667
0.074286
-0.010833
0.015600
-0.017576
0.016296
0.008148
-0.016078
0.018140
-0.020000
0.043636
-0.001667
-0.001818
-0.047692
-0.006250
0.025263
0.010667
0.003529
-0.013091
-0.011282
0.027273
-0.017500
0.001043
-0.003769
0.009206
0.001782
0.006919
-0.001860
-0.007117
0.000407
-0.016139
-0.001250
-0.008571
0.002871
-0.009764
-0.002320
-0.006316
0.002353
0.002085
-0.002903
0.003025
-0.006550
-0.003346
-0.001714
0.000513
-0.005630
-0.002903
0.010000
0.003636
-0.015319
0.015556
-0.017143
0.014667
0.018750
0.043077
0.010000
0.012727
-0.006250
-0.027308
0.010566
0.012414
0.030588
0.009455
-0.030189
-0.018182
0.004490
0.001818
-0.022857
-0.012000
0.053846
-0.017288
0.004324
0.001379
-0.002927
0.028750
0.017143
0.030667
-0.027059
-0.012000
0.015000
-0.005333
0.010000
0.004590
0.003158
0.027647
0.002051
0.035319
0.009583
-0.005000
0.010000
-0.070909
0.007143
0.002000
-0.030769
-0.000205
-0.004808
0.003784
0.001075
0.004271
0.005517
-0.001564
0.006180
-0.010466
0.005930
-0.001017
0.007541
0.002796
0.003582
0.000230
-0.011508
-0.001111
-0.068000
-0.013125
0.035000
0.004167
-0.010000
-0.006207
0.034000
-0.016842
-0.010000
0.037143
0.029231
-0.010857
-0.010769
0.021250
0.026250
0.003191
0.003153
0.006404
-0.007079
0.023333
-0.021818
-0.010303
0.002286
0.011000
-0.027200
-0.012000
0.058462
-0.010588
-0.012000
0.036774
0.003077
-0.016000
0.036000
-0.052000
0.010000
-0.001347
0.000396
0.012418
-0.009333
0.004000
-0.020000
-0.002500
0.008462
0.000952
-0.004000
-0.035758
0.009231
0.025455
0.005455
0.043529
-0.003448
0.034737
-0.003200
0.016471
-0.002500
-0.004821
0.000415
0.019143
0.013450
0.000488
-0.004426
-0.007898
-0.000182
-0.001015
0.004000
-0.000255
-0.003190
-0.004151
-0.005000
0.018476
-0.000784
-0.006422
0.013398
-0.003960
0.006931
0.009091
0.010099
0.020935
-0.002192
-0.000849
-0.000995
0.002500
-0.007418
-0.001250
0.003379
0.000123
-0.004143
-0.000251
-0.005271
-0.000248
0.000032
0.006471
0.027826
-0.007308
-0.012857
0.013143
0.026429
0.003793
0.018113
0.004615
0.001481
0.013714
-0.006857
0.004000
0.043750
0.008571
0.012308
-0.005517
-0.012500
0.009091
0.000000
-0.010000
-0.001818
0.008000
-0.012778
-0.017846
0.022857
-0.015059
0.004658
0.009697
-0.003692
-0.004000
-0.005882
0.010256
0.041667
-0.041714
0.003243
-0.006753
0.028065
-0.012647
-0.012644
-0.017576
0.026667
0.017241
0.004865
0.029870
0.005846
-0.014030
0.002353
0.017429
-0.002899
0.003059
0.013182
0.001667
0.000000
0.008333
-0.004932
-0.007368
-0.006000
0.000930
-0.006818
-0.012571
-0.009000
0.000000
0.020333
0.021212
0.005000
-0.005806
-0.002162
-0.010864
0.004194
0.028788
-0.018851
-0.001944
0.008000
0.012530
-0.003077
-0.016471
0.010606
0.016000
0.015211
0.006098
0.000000
-0.011860
-0.001798
0.024103
-0.020000
0.014615
-0.018361
-0.011026
-0.002188
0.007761
0.011395
0.029677
0.038000
-0.034286
0.016250
-0.013061
0.001463
0.008000
-0.006230
0.003265
0.020000
-0.004528
-0.001333
0.014167
0.003830
-0.007119
0.018806
0.027059
-0.005500
-0.021481
-0.010164
-0.029259
0.009091
-0.017419
0.013939
0.000426
-0.003500
0.017200
-0.021333
-0.004286
0.003478
-0.001039
-0.012500
-0.004000
0.013333
0.012727
0.010667
-0.032000
-0.070909
-0.014545
0.022000
-0.020000
0.042857
-0.045455
-0.032727
-0.004000
-0.005185
-0.026667
0.002667
-0.019070
-0.011702
-0.001408
0.009880
0.020000
-0.016364
0.023636
0.016250
0.018000
-0.038182
0.018182
0.016000
0.006000
0.010000
-0.015714
-0.006250
-0.036000
-0.014667
-0.001818
-0.030909
-0.008667
0.002439
0.009206
0.002778
0.028000
0.017333
0.018667
-0.004286
-0.011250
0.040000
0.025000
-0.118000
-0.003636
0.018000
-0.023077
-0.018667
-0.018000
-0.004000
-0.030909
0.034000
0.015385
0.001463
-0.004118
0.000833
0.062000
-0.049091
0.007273
0.042000
0.003636
0.007273
0.012000
0.029333
-0.004211
0.024167
-0.013333
0.040000
0.002000
-0.037333
-0.026667
0.040000
-0.020000
0.010488
-0.014154
-0.004507
0.012000
0.053333
-0.043750
-0.020000
0.012941
-0.043200
-0.016842
-0.035000
-0.026000
0.004000
-0.025455
0.008000
0.010000
-0.046000
0.012727
0.006154
0.013580
0.005063
-0.011667
-0.003117
0.065333
-0.035833
-0.020000
-0.048333
-0.014545
-0.055385
-0.002000
0.001667
0.008000
-0.020000
-0.005455
0.007273
0.016364
-0.006000
-0.029091
0.024615
-0.010000
-0.018462
0.015714
-0.020000
-0.025185
0.012727
0.009091
0.002727
-0.016000
0.021538
0.001429
0.030909
0.010000
-0.028000
0.000000
0.014545
-0.018000
-0.018182
0.038462
0.022857
-0.015833
-0.003077
0.010769
-0.001000
0.041818
0.024000
-0.026000
-0.050000
0.008333
-0.040000
0.016667
-0.034000
-0.008333
-0.026667
-0.010000
-0.024000
0.056364
0.010000
0.012000
-0.002000
0.052000
0.009091
-0.036000
-0.026154
-0.026250
-0.010667
-0.030769
-0.017000
0.000000
-0.058000
-0.009412
-0.013043
-0.052727
-0.058000
-0.012000
0.006154
-0.004000
0.020000
-0.034545
0.000000
0.000000
-0.009231
0.036000
0.001667
-0.012000
0.003077
0.042000
0.003077
-0.022000
-0.016364
0.012000
-0.034000
0.014286
-0.020000
0.006250
-0.035238
0.000000
-0.020000
-0.020000
0.041667
-0.036000
-0.036000
0.012000
-0.030000
0.001818
0.005000
-0.013333
0.008000
-0.007857
-0.023333
0.038824
0.038000
0.022000
-0.012000
-0.002000
-0.030769
-0.002048
0.004088
-0.000430
-0.002962
-0.004441
0.004368
-0.002050
-0.005355
-0.001657
-0.001067
-0.001692
0.003350
-0.002527
-0.001412
-0.002909
0.001352
-0.003598
-0.000612
-0.002909
-0.001882
-0.007827
0.004864
0.000140
-0.009140
0.013681
0.005732
0.007622
0.000550
0.004502
-0.001947
-0.001173
0.004701
-0.003588
-0.004855
-0.004788
0.006517
-0.005017
0.002063
-0.001109
0.007857
-0.003677
0.000948
-0.003174
0.011546
0.004082
0.004231
0.002147
-0.006941
0.002314
0.005837
0.005062
-0.005562
-0.006957
-0.010769
-0.007059
0.009565
-0.015294
-0.014545
0.026377
-0.008406
-0.006613
-0.001348
0.002622
0.000897
-0.008571
-0.019130
-0.004110
0.010154
-0.018485
0.008615
0.029846
-0.006462
0.003671
0.001456
-0.002332
-0.002142
0.010000
0.010769
-0.020299
-0.023692
0.017941
-0.010882
0.010606
0.002727
0.020909
-0.001091
0.023396
-0.003265
0.007273
0.012857
0.006667
0.061818
0.023636
-0.066154
-0.002000
0.018000
0.004000
-0.034286
0.028000
-0.009231
0.058000
0.005263
-0.014667
0.040000
-0.026522
-0.013200
-0.001132
0.016000
0.040000
0.014545
0.011667
0.044615
-0.038000
0.024286
0.006000
0.065455
0.004000
0.018889
-0.016000
0.028000
0.064000
-0.024615
0.006000
-0.003636
-0.024490
0.008261
-0.001176
0.014098
-0.026000
0.014286
-0.008000
0.005455
-0.032000
-0.007059
-0.042353
0.024000
0.016364
-0.025455
-0.010000
-0.018333
-0.022000
-0.013846
0.002000
0.046000
-0.005000
0.019130
-0.000702
-0.002128
0.008000
-0.008000
0.020000
-0.028000
0.003636
-0.009091
0.047273
0.027273
-0.009091
-0.005263
-0.005333
-0.006667
-0.045455
0.036923
-0.064000
-0.015000
0.018667
-0.002979
-0.000364
0.042642
-0.040000
-0.005000
-0.004000
0.015385
-0.016364
0.012222
-0.033333
0.042000
0.030000
0.016000
-0.012000
0.036000
0.040000
-0.049091
-0.041818
0.023333
0.030870
0.001778
-0.001887
0.025000
0.018000
-0.032941
-0.011429
-0.010000
0.021818
0.029231
0.026000
0.020000
-0.012000
-0.028000
0.024000
0.056364
-0.014545
-0.042000
-0.005000
-0.010769
0.018182
0.016923
-0.049231
-0.062857
-0.028000
0.034545
0.038000
0.000000
-0.026000
-0.032308
0.044000
0.051667
-0.008421
0.042000
0.000000
-0.027778
-0.042000
0.000000
-0.001538
0.000000
-0.007273
-0.032000
0.058000
0.010909
0.016250
-0.028000
0.043636
0.002000
-0.008000
-0.007692
0.002000
-0.008000
-0.048000
-0.003333
0.006000
0.020000
0.002500
0.012857
0.010769
0.003158
-0.024000
-0.026154
-0.020000
0.024286
-0.048000
-0.032000
-0.050000
-0.018182
0.020000
0.021818
0.014000
-0.043636
0.016364
-0.018333
0.021667
-0.018182
0.001333
0.018000
-0.010000
-0.014737
-0.020000
0.001667
-0.036000
0.055000
0.016000
0.009231
0.026000
0.068333
0.004706
-0.001429
-0.014667
0.017500
-0.008000
-0.004000
0.054000
0.003333
-0.020000
-0.003333
-0.008333
-0.003333
-0.001333
0.001818
-0.003077
0.008421
-0.012000
-0.010000
-0.020000
0.044000
-0.038000
-0.018000
0.041818
-0.012308
-0.043636
0.010000
-0.061538
-0.010000
-0.007368
0.025455
-0.018966
0.020000
-0.019000
-0.010303
-0.017586
0.022632
0.036957
-0.023684
-0.006786
0.003704
-0.008293
0.003125
0.006545
0.008095
0.000976
0.005882
-0.005000
0.008136
-0.011500
-0.050588
0.005769
-0.007027
0.010513
0.002933
-0.007632
-0.002069
0.010541
-0.008642
0.004211
0.012184
-0.019059
0.001471
-0.012113
0.008608
-0.008000
-0.009091
-0.014118
-0.002069
-0.007200
0.007647
0.014203
-0.009000
0.016863
0.024706
0.013889
-0.011111
0.009118
0.020241
-0.001558
0.014595
0.021389
0.013243
0.009041
-0.006377
-0.004490
-0.013659
0.002414
0.005455
-0.014146
-0.018235
-0.017412
-0.002892
-0.006842
-0.017941
0.002090
0.001795
-0.019592
-0.002941
-0.002632
-0.005000
0.014366
0.008108
0.002400
-0.005507
-0.005634
-0.009487
-0.001096
-0.006486
-0.001961
-0.014545
0.005862
-0.013684
-0.001446
0.000822
-0.019750
0.010120
0.003922
0.001714
-0.006111
-0.000784
0.019500
0.013333
0.007059
0.027105
0.004318
0.008457
-0.002514
-0.008114
-0.004800
0.001954
0.004598
-0.005829
0.008555
0.001609
-0.005341
0.019545
-0.005660
0.013524
0.009423
0.003200
-0.010265
-0.009057
-0.007207
0.009664
0.000734
-0.005686
0.010265
-0.004950
-0.000205
-0.004808
0.003784
0.001075
0.004271
0.005517
-0.001564
0.006180
-0.010466
0.005930
-0.001017
0.007541
0.002796
0.003582
0.000230
-0.011508
-0.001111
-0.068000
-0.013125
0.035000
0.004167
-0.010000
-0.006207
0.034000
-0.016842
-0.010000
0.037143
0.029231
-0.010857
-0.010769
0.021250
0.026250
0.003191
0.003153
0.006404
-0.007079
0.023333
-0.021818
-0.010303
0.002286
0.011000
-0.027200
-0.012000
0.058462
-0.010588
-0.012000
0.036774
0.003077
-0.016000
0.036000
-0.052000
0.010000
-0.001347
0.000396
0.012418
-0.009333
0.004000
-0.020000
-0.002500
0.008462
0.000952
-0.004000
-0.035758
0.009231
0.025455
0.005455
0.043529
-0.003448
0.034737
-0.003200
0.016471
-0.002500
0.004854
-0.000158
-0.004232
-0.001414
-0.003204
0.005560
-0.000654
0.006462
-0.003349
0.008372
-0.001322
-0.002988
0.007326
0.004918
0.001413
0.004458
-0.005368
0.007709
0.005829
0.004568
0.002047
0.003780
0.006020
-0.006832
0.003815
-0.003077
0.014413
-0.010843
0.010213
0.002395
-0.003023
-0.005466
0.003831
-0.004878
0.000200
-0.001092
-0.005027
-0.003804
-0.004468
-0.002404
-0.002708
-0.006057
-0.006140
0.006818
-0.006797
0.008699
-0.003064
-0.005388
-0.035714
-0.007692
-0.010714
-0.002143
0.033600
0.002400
-0.016296
0.019167
-0.021818
0.020000
-0.017000
0.006250
-0.002857
0.013750
-0.027692
-0.013333
0.026667
0.020000
-0.008000
-0.025217
-0.026154
-0.021667
0.016667
0.006400
-0.005161
0.041379
-0.031765
-0.011852
-0.020000
0.068000
-0.008000
-0.010526
0.024800
0.001905
0.007143
-0.004348
0.051250
-0.032222
0.017241
-0.028889
-0.014444
0.017143
-0.016471
0.010588
-0.015862
-0.025185
0.026452
-0.000741
-0.007200
0.038400
0.030769
0.001379
-0.030000
-0.007857
-0.014074
-0.009231
0.041818
0.022667
-0.023636
0.000000
0.002143
-0.034545
-0.030769
-0.014074
-0.012000
0.012308
-0.003200
0.032174
0.003077
-0.001600
-0.013077
-0.030370
-0.024286
0.003030
-0.004571
-0.014615
-0.050000
0.023636
0.029091
-0.003333
-0.016129
0.030909
0.029630
0.011667
0.008000
-0.024000
0.006154
0.001053
-0.012500
0.025714
-0.038750
0.017647
0.005926
0.023077
-0.000667
0.020000
-0.054000
0.007692
-0.008000
-0.020000
0.000000
0.028148
-0.025806
-0.001600
0.014444
0.001481
0.016970
-0.011250
-0.021333
-0.021111
0.048000
-0.018667
0.000690
-0.027333
-0.008462
-0.000714
0.004000
0.038000
0.042000
0.052000
-0.032000
-0.014000
0.030000
-0.054000
0.014000
0.018000
-0.060000
-0.028000
-0.013333
0.000000
0.000000
0.030000
0.000000
0.008421
-0.000833
-0.004167
0.034000
0.002000
0.038000
-0.002000
0.032000
-0.022000
-0.030000
0.070000
-0.024000
-0.010000
0.014000
-0.028000
0.048000
0.022000
0.026000
0.020000
-0.001667
-0.005000
-0.042308
-0.006923
0.070000
0.010000
-0.006000
0.022000
0.034000
-0.014545
-0.014000
0.012000
0.030000
0.034000
0.014000
0.052727
0.006000
-0.034000
-0.030000
-0.024000
0.013913
0.037391
-0.014737
0.007200
-0.102000
0.002000
0.046000
0.028000
-0.048000
0.012000
0.020000
-0.006000
0.014000
-0.050000
-0.032000
0.016000
-0.058000
0.030000
0.024000
-0.012000
-0.002667
0.012000
0.025000
0.005000
0.013143
-0.014286
-0.018571
0.011613
-0.018000
-0.037333
-0.027273
-0.030000
-0.028889
0.006154
0.003333
-0.033043
-0.025000
0.001739
-0.006667
-0.002609
-0.018000
0.020000
-0.030000
0.050000
-0.014000
0.015000
-0.012000
-0.014000
0.040000
0.014000
0.034000
-0.022000
0.030000
-0.010000
0.048000
0.010000
0.018333
0.025714
-0.006207
0.005926
-0.002000
-0.072727
-0.006000
0.056000
-0.048000
-0.032000
0.006000
-0.060000
0.008000
0.058000
0.006000
0.036000
-0.032727
0.001818
-0.004000
0.040000
0.032857
-0.024286
-0.017600
0.016923
0.020000
0.040000
0.030000
0.020000
-0.004000
-0.010000
0.012000
0.034000
-0.012000
-0.018000
-0.018000
-0.008000
-0.002000
0.002000
0.016000
-0.022000
0.002500
0.046000
-0.030000
0.043636
0.010000
0.014000
-0.040000
0.006000
0.030000
-0.020000
-0.014000
-0.052000
-0.014000
-0.040000
0.020000
-0.030000
-0.010000
0.006000
0.008000
-0.016000
-0.037931
0.016552
-0.004848
-0.021290
-0.028000
-0.005455
0.054000
0.018182
-0.008571
0.002353
-0.026667
0.032500
-0.002857
0.016429
0.001600
0.002000
0.018750
-0.009600
-0.027407
0.005217
0.054000
0.006000
0.010000
-0.042000
-0.012000
-0.022000
0.000000
-0.034000
0.034000
-0.008000
0.022000
-0.010000
-0.012000
-0.040000
-0.004000
0.002000
-0.008276
0.019333
-0.014400
0.002308
-0.070000
0.004000
-0.060000
-0.018000
0.008333
0.016000
0.070000
0.028000
-0.034000
-0.044000
0.010000
-0.092000
-0.002000
0.018000
-0.024000
-0.002000
-0.002400
-0.005000
-0.037778
-0.007742
-0.028000
-0.044000
0.014000
0.014000
0.042000
0.074000
-0.004000
0.008000
-0.028000
-0.016000
-0.052000
0.030000
-0.034000
-0.005000
-0.014000
0.000000
0.003478
0.010435
0.010769
-0.014815
0.018000
0.024000
-0.090000
-0.032000
0.014000
0.016000
0.004000
-0.030000
-0.014000
-0.040000
-0.034000
0.024000
-0.012000
0.000000
-0.036000
0.018000
0.001043
-0.003769
0.009206
0.001782
0.006919
-0.001860
-0.007117
0.000407
-0.016139
-0.001250
-0.008571
0.002871
-0.014335
0.000428
-0.011398
0.007730
0.000737
0.008555
-0.012024
-0.007108
-0.009764
-0.002320
-0.006316
0.002353
0.002905
0.009206
0.006943
0.007805
0.006907
-0.005843
0.006204
-0.009480
0.002085
-0.002903
0.003025
-0.006550
-0.003218
0.005978
-0.003021
0.006867
-0.000323
-0.018046
-0.006322
-0.005749
-0.003346
-0.001714
0.000513
-0.005630
0.015294
0.000000
0.010667
-0.016522
-0.013571
-0.009231
0.018095
-0.011667
-0.010667
-0.006667
0.001143
-0.016552
0.027778
-0.061333
0.005714
-0.048750
-0.011724
-0.001333
0.000769
-0.000667
-0.007826
-0.025000
0.007273
0.022500
-0.005000
0.028333
0.018947
-0.017143
-0.004667
-0.009412
-0.017692
-0.004444
-0.033077
0.019167
-0.001667
-0.002400
0.005926
-0.033077
0.020000
-0.014286
0.007333
0.013714
0.007778
-0.025385
0.030909
-0.011667
0.006000
-0.007143
-0.036000
0.011250
0.007857
-0.001111
-0.010667
-0.016364
-0.033333
0.046364
-0.018621
-0.007692
-0.013939
0.031852
-0.031250
0.001429
0.049333
0.013750
-0.026667
0.017143
0.001818
-0.009167
-0.004000
-0.012941
-0.012593
-0.003333
0.017333
0.034667
0.020000
0.013750
0.004000
-0.022400
0.001290
-0.006400
0.006154
0.003077
0.034167
-0.035000
-0.020741
0.006923
-0.008889
0.002000
-0.004138
-0.018235
0.035714
-0.000833
-0.020000
0.029231
0.022000
-0.035714
-0.043333
-0.020000
-0.007429
-0.010000
0.030667
0.003333
0.010667
-0.034286
0.018000
0.007273
0.007778
-0.021538
-0.030400
0.015172
0.010000
0.042143
0.012000
-0.017391
0.006400
0.001600
-0.044000
-0.018000
0.012727
0.020000
-0.090000
0.022000
-0.004000
-0.036000
-0.046000
-0.012000
-0.036000
-0.012000
0.026000
-0.018000
-0.002000
-0.023636
0.002727
-0.012800
-0.041053
-0.001600
-0.004000
-0.021667
0.028000
-0.028000
0.044000
-0.004000
0.026000
-0.018000
-0.008000
-0.014000
0.022000
-0.010000
0.066000
-0.062000
0.004000
0.010000
-0.002000
0.012143
-0.033600
-0.010400
0.036000
0.006000
-0.006000
-0.004000
-0.038000
-0.036000
0.032000
0.048000
0.008000
-0.006000
-0.032000
0.024000
0.030000
-0.010000
0.006000
-0.012000
-0.041250
-0.010526
0.003000
-0.011200
0.038000
-0.012000
0.024000
0.030000
-0.002000
-0.004000
0.004000
-0.018000
-0.008000
-0.028000
-0.002000
0.038000
0.038000
-0.002000
0.008000
0.028000
-0.050370
0.043448
0.006452
-0.026452
0.060000
-0.044000
-0.068000
-0.002000
-0.006286
0.026923
0.048148
-0.002667
0.025333
-0.021053
-0.038667
-0.014667
-0.015000
-0.033333
-0.033333
0.003846
0.020000
0.002000
-0.012000
0.032000
-0.050000
0.012000
-0.038000
-0.058000
0.020000
0.018000
0.080000
0.030000
-0.016000
0.006000
0.006000
0.004000
-0.027407
-0.003448
0.013077
-0.014167
0.004000
0.010000
0.044000
-0.034000
0.024000
0.012000
-0.020000
0.006000
-0.004000
-0.098000
0.018000
-0.008000
-0.010000
0.018000
0.008000
-0.046000
-0.008462
-0.015385
0.009600
-0.020000
0.050000
0.020000
-0.014000
0.012727
0.054000
0.004000
0.040000
0.030000
-0.020000
-0.026000
0.026000
0.008000
0.022000
0.008000
0.014000
-0.030000
0.019200
-0.007200
0.043810
0.026452
0.008000
0.026000
0.020000
-0.026000
0.034000
0.018000
-0.014000
-0.002000
0.040000
-0.036364
0.030000
0.036000
-0.060000
-0.010000
-0.064000
-0.004000
0.035714
0.011765
-0.044286
0.025333
-0.002286
0.005926
0.005185
0.013333
0.022500
0.044138
0.016552
-0.012308
-0.030000
-0.006000
0.010000
-0.023636
0.041053
-0.020000
-0.019091
0.015833
0.014000
-0.036000
0.012000
-0.014000
-0.002000
0.031667
-0.042000
0.034000
-0.016000
0.036000
-0.018000
-0.044000
0.006000
-0.016000
0.034000
-0.052000
-0.026154
-0.028148
0.019259
0.022143
0.014000
0.030000
-0.024000
-0.016000
-0.014000
-0.006000
-0.010000
-0.020000
-0.012000
0.014000
0.012000
0.022000
-0.064000
-0.018000
-0.030000
0.062000
-0.006667
0.035000
-0.031429
0.013600
0.020000
0.022000
-0.008000
0.024000
0.030000
0.016000
0.028000
-0.016000
0.002000
0.000000
0.050000
0.010000
0.016000
-0.032000
0.022000
-0.034000
0.000000
-0.015714
-0.009231
0.007500
-0.005455
0.002000
0.016000
-0.018000
0.036000
-0.010000
-0.034000
0.014000
0.012000
0.012000
-0.038000
-0.010000
0.004000
-0.008000
0.018000
0.000000
0.005654
-0.010927
-0.017248
-0.005882
-0.007254
0.006294
0.000000
0.012896
0.011295
-0.005833
0.005263
-0.001547
-0.015784
0.000985
-0.002414
0.019310
-0.029167
0.023448
0.032308
-0.038333
0.001935
0.049091
-0.009474
0.017600
-0.017647
-0.050909
0.001250
0.042000
-0.030435
-0.026000
0.002222
0.015556
-0.007449
0.006169
0.005202
0.001455
0.014167
0.056364
-0.012121
-0.003000
0.018889
-0.020000
-0.008000
-0.040000
-0.010909
-0.011429
-0.025556
-0.002222
0.007500
0.028333
-0.002667
0.002963
0.003529
0.003618
-0.010829
0.002431
-0.003529
-0.004000
-0.016875
0.022759
-0.015238
0.009565
-0.007778
0.004286
0.038261
0.006000
0.025806
0.012500
-0.007143
0.030000
0.024516
-0.037333
-0.004151
-0.005000
0.018476
-0.000784
-0.006422
0.013398
-0.003960
0.006931
0.009091
0.010099
0.020935
-0.002192
-0.008439
0.000562
-0.009832
0.006171
-0.010930
-0.020457
-0.007039
0.002057
-0.000231
0.005486
-0.003258
0.003523
-0.000849
-0.000995
0.002500
-0.007418
-0.001250
0.003379
0.000123
-0.004143
-0.000251
-0.005271
-0.000248
0.000032
-0.002048
0.004088
-0.000430
-0.002962
-0.004441
0.004368
-0.002050
-0.005355
-0.001657
-0.001067
-0.001692
0.003350
-0.002527
-0.001412
-0.002909
0.001352
-0.003598
-0.000612
-0.002909
-0.001882
-0.007827
0.004864
0.000140
-0.009140
0.010513
0.002933
-0.007632
-0.002069
0.010541
-0.008642
0.004211
0.012184
-0.013061
0.001463
0.008000
-0.006230
-0.019059
0.001471
-0.012113
0.008608
0.003265
0.020000
-0.004528
-0.001333
-0.007200
0.007647
0.014203
-0.009000
0.009118
0.020241
-0.001558
0.014595
0.021389
0.013243
0.009041
-0.006377
0.014167
0.003830
-0.007119
0.018806
-0.014146
-0.018235
-0.017412
-0.002892
0.027059
-0.005500
-0.021481
-0.010164
-0.006842
-0.017941
0.002090
0.001795
0.014366
0.008108
0.002400
-0.005507
-0.005634
-0.009487
-0.001096
-0.006486
-0.029259
0.009091
-0.017419
0.013939
-0.001446
0.000822
-0.019750
0.010120
0.000426
-0.003500
0.017200
-0.021333
0.019500
0.013333
0.007059
0.027105
-0.010294
0.013731
0.006176
0.020714
-0.002687
0.013784
-0.019375
0.004667
0.001096
0.019661
0.004063
-0.010000
-0.008923
-0.003636
0.014237
0.016667
0.016875
0.003571
-0.013443
-0.010357
0.009091
0.003667
0.000000
0.007931
-0.023284
0.022000
-0.013538
-0.010145
0.000000
0.002000
-0.038182
-0.002000
-0.024000
0.032000
0.006000
-0.040000
0.024000
-0.009231
0.002000
-0.010000
-0.001111
-0.026364
-0.060000
-0.047273
-0.013143
0.002535
-0.011250
-0.010000
0.026000
0.008000
0.034000
-0.052000
-0.004000
-0.001538
-0.050909
0.048000
-0.028889
0.005714
0.021538
0.030000
-0.004000
-0.002667
-0.020000
0.040000
-0.048000
-0.041818
-0.040000
-0.036364
0.001667
0.023636
-0.007273
0.010000
-0.070909
-0.006154
-0.024286
0.012727
-0.020800
-0.016000
0.045455
0.001538
0.046000
0.054000
0.008000
0.009091
-0.002000
0.018000
0.026000
-0.046667
0.000000
0.004000
0.012000
0.094000
0.028000
-0.078000
-0.006000
0.054000
0.000000
0.018182
-0.052000
-0.010909
0.008333
-0.018000
-0.100000
-0.034000
0.009091
-0.045455
0.035385
-0.018462
-0.015200
0.006000
0.003636
0.025714
-0.012000
0.006000
-0.023636
-0.008333
-0.014545
0.036000
0.018000
-0.018000
-0.022000
0.001818
-0.008000
0.006000
0.004000
-0.023636
0.036000
0.082000
-0.007042
-0.005970
-0.010323
0.013333
0.018000
-0.024286
-0.012500
0.055000
0.017500
-0.020000
-0.005000
-0.008000
0.094000
0.000000
0.004000
0.012000
0.060000
-0.002000
-0.010000
-0.010000
0.013016
0.015000
0.006207
0.000000
-0.008000
0.024000
0.008000
-0.006667
-0.002000
-0.080000
0.036364
-0.002000
-0.048235
-0.029000
0.040000
0.025455
0.040000
-0.018824
-0.007273
0.046000
-0.028333
0.014000
-0.009091
-0.028000
-0.048000
0.009091
-0.022000
0.031667
0.002000
-0.038182
-0.002000
0.000000
0.045455
-0.046000
-0.030000
-0.012000
-0.040000
-0.036667
-0.034000
0.036000
0.016000
-0.016364
-0.061818
-0.018000
-0.027273
-0.003636
-0.005455
-0.018333
-0.008800
0.024000
-0.004615
0.000000
0.018182
-0.023333
0.005455
-0.058333
-0.008000
-0.021818
0.074000
-0.022000
-0.006087
-0.008000
0.001250
-0.001429
0.021818
-0.018000
-0.047273
-0.009091
-0.034000
-0.040000
-0.040000
-0.041538
0.016364
0.040000
-0.016000
0.004000
0.058000
0.012000
-0.008000
0.016000
0.010000
0.014000
-0.030000
-0.024000
-0.012857
0.015455
0.011525
-0.005862
0.002000
-0.007143
0.025000
-0.043636
0.012500
0.021053
-0.002667
0.020000
0.060000
-0.048000
0.056000
-0.016364
0.082000
0.004000
-0.023636
0.036000
-0.007714
0.005397
-0.003810
-0.002807
0.027500
-0.003158
-0.006000
-0.024000
0.038000
0.026154
0.002000
0.030000
0.034000
0.043636
0.024000
0.034545
-0.024000
0.010000
0.014000
-0.030000
-0.007273
-0.012727
0.070000
-0.038000
0.018000
0.003636
0.002000
0.021667
0.008000
0.034000
-0.052000
0.026000
0.004000
0.022000
0.026000
-0.016000
-0.029091
-0.010000
-0.001818
0.068000
-0.030000
-0.010000
-0.038000
0.008000
0.010000
-0.034000
0.000000
0.025000
-0.020000
-0.038000
0.030000
-0.005455
0.016000
0.012000
-0.009091
-0.015000
0.038182
-0.006000
-0.020000
0.034000
-0.002000
0.030000
0.026000
0.024000
-0.080000
0.036364
-0.002000
-0.002000
-0.010000
-0.040000
-0.018182
-0.018333
-0.002000
-0.005455
0.026000
-0.028000
-0.016667
-0.048000
0.021176
0.070588
-0.018182
0.040000
-0.032000
-0.025000
0.013681
0.005732
0.007622
0.000550
-0.003588
-0.004855
-0.004788
0.006517
-0.003677
0.000948
-0.003174
0.011546
0.000564
-0.001526
0.000564
-0.001526
0.002314
0.005837
0.005062
-0.005562
-0.017846
0.022857
-0.015059
0.004658
0.009697
-0.003692
-0.004000
-0.005882
-0.006957
-0.010769
-0.007059
0.009565
-0.006753
0.028065
-0.012647
-0.012644
-0.015294
-0.014545
0.026377
-0.008406
0.029870
0.005846
-0.014030
0.002353
-0.003715
-0.001215
-0.003715
-0.001215
-0.006613
-0.001348
0.002622
0.000897
0.017429
-0.002899
0.003059
0.013182
0.001667
0.000000
0.008333
-0.004932
-0.008571
-0.019130
-0.004110
0.010154
-0.007368
-0.006000
0.000930
-0.006818
-0.018485
0.008615
0.029846
-0.006462
-0.010864
0.004194
0.028788
-0.018851
-0.002895
-0.003107
-0.002895
-0.003107
0.003671
0.001456
-0.002332
-0.002142
-0.001944
0.008000
0.012530
-0.003077
-0.016471
0.010606
0.016000
0.015211
0.010000
0.010769
-0.020299
-0.023692
0.006098
0.000000
-0.011860
-0.001798
0.017941
-0.010882
0.010606
0.002727
-0.011026
-0.002188
0.007761
0.011395
-0.015692
0.021176
0.011930
-0.002857
0.008182
-0.015588
0.009831
0.010492
-0.027302
-0.001852
-0.005085
0.010000
-0.009524
-0.001132
-0.022963
-0.005085
-0.005231
-0.008077
-0.021071
0.014737
-0.010159
-0.011111
-0.015862
-0.020000
-0.012698
0.031613
-0.020000
-0.005283
0.018000
0.038000
-0.020000
-0.024000
0.012727
0.038000
0.002000
0.032000
-0.030000
-0.008000
0.042000
-0.002000
-0.020000
0.041000
0.036923
0.018462
0.014286
-0.022540
0.008571
0.016154
0.016000
0.036000
0.004000
-0.030000
-0.002000
-0.026000
0.066000
0.002000
0.069091
-0.006667
0.024615
0.045455
0.024000
-0.052000
0.036000
-0.054000
0.030000
0.026000
0.030000
0.026000
-0.034000
0.004000
-0.032000
0.094000
0.010000
-0.016000
0.006667
-0.018000
-0.040000
0.018000
-0.010909
0.016000
0.008750
0.023077
-0.033636
-0.061333
0.030000
0.000000
0.022000
-0.052000
-0.043636
-0.058000
0.000000
0.014000
-0.027692
-0.054000
0.023636
-0.015714
0.006000
-0.020000
0.006000
-0.020000
-0.024000
0.016000
0.050000
0.022000
0.006000
-0.020000
-0.006667
-0.024000
-0.060000
0.032000
0.001818
-0.002000
0.030000
0.004000
-0.008000
-0.008000
0.021333
-0.053333
0.000909
0.035294
-0.023333
-0.016364
-0.025455
0.004286
0.000000
-0.040000
0.046000
-0.016000
0.023824
0.021967
-0.006207
0.003881
-0.008000
0.002000
-0.003333
0.024000
0.026667
0.004762
0.014667
-0.020000
0.006000
0.018000
0.056000
-0.012000
-0.042000
-0.026000
0.008000
-0.060000
-0.011343
0.002462
-0.015636
-0.012000
-0.004000
-0.008000
-0.014000
-0.042000
0.010000
-0.012000
0.064000
0.020000
0.005455
0.058947
-0.010769
0.006250
0.044000
-0.028333
0.026000
0.016000
-0.009412
0.000000
0.030435
-0.004444
0.000000
-0.030000
0.028000
-0.020000
0.023636
0.026000
0.010000
0.024000
-0.034000
0.040000
0.013846
-0.021333
0.094000
0.008000
0.094000
0.008000
0.070000
0.034000
0.032000
-0.006000
0.064000
0.034000
-0.014545
-0.010000
0.026000
0.000000
0.052000
0.006000
0.050000
0.022000
-0.024000
0.016000
-0.050909
-0.006000
-0.050909
-0.006000
0.018000
-0.020000
-0.040000
0.010000
0.068000
-0.006000
-0.040000
0.006000
-0.004000
-0.022000
0.014000
-0.006000
0.097143
-0.003529
-0.002609
-0.029333
-0.029091
0.016000
0.015385
-0.023333
0.000000
-0.010000
0.006000
-0.014000
-0.008406
0.013636
0.014386
-0.004444
0.006000
0.047273
0.001818
0.016000
-0.018000
-0.007368
-0.052941
-0.040000
0.036000
-0.020000
0.040000
-0.024000
-0.014000
-0.024000
0.018000
-0.026000
-0.021562
-0.016825
-0.013571
0.018077
-0.012000
0.011000
0.033333
0.005333
0.012000
-0.040000
-0.030000
0.014000
-0.010000
-0.004000
-0.074545
0.036000
0.014000
-0.040000
0.050000
-0.024000
-0.003750
0.022500
-0.000909
-0.025263
-0.038000
0.054000
0.040000
0.044000
-0.045455
-0.016000
-0.020000
-0.034545
-0.006154
-0.030000
0.006154
0.006250
0.032000
-0.006000
0.070000
0.034000
0.000000
0.026000
0.000000
0.026000
-0.024000
-0.052000
0.054000
-0.014000
-0.050000
0.038000
-0.021818
-0.014000
-0.020000
0.036000
0.036000
-0.008000
0.026667
-0.032857
-0.015238
0.000000
0.026667
0.030000
-0.003333
0.028571
0.014000
-0.026000
-0.023636
0.030000
-0.032000
0.094000
-0.034000
0.004000
-0.062000
-0.012000
-0.062000
-0.012000
-0.012000
-0.012000
0.030000
0.016000
0.014000
-0.024000
-0.028333
-0.004000
-0.005660
0.013524
0.009423
0.003200
-0.010265
-0.009057
-0.007207
0.009664
0.000734
-0.005686
0.010265
-0.004950
0.007326
0.004918
0.001413
0.004458
-0.005368
0.007709
0.005829
0.004568
0.003815
-0.003077
0.014413
-0.010843
0.010213
0.002395
-0.003023
-0.005466
-0.005027
-0.003804
-0.004468
-0.002404
-0.002708
-0.006057
-0.006140
0.006818
-0.015200
-0.015758
0.010370
0.005600
0.010400
0.013333
0.000690
-0.005385
-0.020000
0.000000
-0.004444
-0.027500
-0.046667
-0.005333
-0.022353
0.001333
-0.022857
-0.010667
0.014667
0.028235
-0.001290
0.008000
0.000606
0.009231
0.005714
0.009333
0.004000
0.000000
-0.008000
-0.024615
-0.028571
0.011429
0.012143
0.026667
0.026957
-0.023871
0.002500
-0.030667
-0.012000
-0.014286
0.010370
0.005600
-0.015200
-0.015758
-0.025385
0.017037
0.011515
0.019429
0.004667
-0.036000
0.005000
0.017419
0.001333
-0.046667
-0.005333
-0.022353
-0.010667
0.023077
0.040000
-0.030667
-0.014286
0.002500
-0.030667
-0.012000
-0.019231
0.008125
-0.000714
0.000690
-0.010370
0.007273
0.017333
0.012667
0.030000
-0.002667
0.022000
-0.007273
0.025333
0.045333
-0.045882
0.008000
-0.011538
0.004118
-0.022424
-0.019412
-0.000714
0.000690
-0.019231
0.008125
0.000690
-0.005385
0.010400
0.013333
-0.028000
-0.017333
0.050667
0.011429
0.026957
-0.023871
0.012143
0.026667
-0.034167
0.025000
0.012800
0.008333
-0.010667
0.014667
0.028235
-0.022857
0.063636
0.010909
-0.002000
-0.023636
0.007586
0.016800
0.010968
0.003077
0.008000
0.025333
0.045333
-0.045882
-0.022857
-0.012308
-0.060000
0.017333
0.011429
-0.028000
-0.017333
0.050667
0.009333
0.004000
0.000000
0.005714
0.017333
0.012667
-0.010370
0.007273
0.003077
0.023571
-0.000625
-0.017059
0.012800
0.008333
-0.034167
0.025000
-0.014335
0.000428
-0.011398
0.007730
0.000737
0.008555
-0.012024
-0.007108
0.002905
0.009206
0.006943
0.007805
0.006907
-0.005843
0.006204
-0.009480
-0.003218
0.005978
-0.003021
0.006867
-0.000323
-0.018046
-0.006322
-0.005749
0.020000
0.003750
0.004286
0.022667
0.009032
-0.016000
0.004516
0.002308
0.025333
0.008750
0.040000
-0.020000
0.002667
0.021538
-0.080000
-0.024615
-0.002963
0.040645
0.002143
-0.034400
0.008000
0.043448
0.008667
-0.024800
-0.010000
0.025000
-0.035556
0.033333
-0.014667
0.025714
0.037333
-0.013333
0.002143
-0.034400
-0.002963
0.040645
0.018333
-0.017143
-0.013571
0.016000
-0.007143
0.012000
-0.001538
0.020000
0.033750
-0.005714
0.008000
-0.026667
-0.001538
0.020000
-0.007143
0.012000
0.023704
0.011176
-0.007143
-0.011200
0.003750
0.004286
0.022667
0.020000
-0.024000
0.038000
0.009091
0.023636
0.032857
0.006250
-0.022857
-0.036000
0.020000
-0.032800
-0.034194
-0.034615
0.000000
0.017500
-0.032857
0.004000
-0.006667
0.004615
0.010667
0.029231
0.008750
0.040000
-0.020000
0.025333
-0.020000
0.001379
-0.003077
-0.011613
-0.007143
-0.011200
0.023704
0.011176
-0.037391
0.025185
0.031613
0.004375
0.013103
-0.003200
-0.011250
0.015484
-0.013333
-0.014667
0.025714
0.037333
-0.028571
-0.013846
-0.032857
0.008571
-0.026667
0.033750
-0.005714
0.008000
-0.003077
-0.011613
-0.020000
0.001379
-0.009286
-0.017059
0.025600
-0.021379
0.006250
-0.022857
-0.036000
0.032857
0.042000
-0.008000
0.034545
0.010000
-0.004348
-0.006667
0.010303
0.013750
0.025600
-0.021379
-0.009286
-0.017059
0.017500
-0.032857
0.004000
0.000000
0.008667
-0.024800
0.008000
0.043448
-0.004151
-0.005000
0.018476
-0.000784
-0.006422
0.013398
-0.003960
0.006931
0.009091
0.010099
0.020935
-0.002192
-0.000849
-0.000995
0.002500
-0.007418
-0.001250
0.003379
0.000123
-0.004143
-0.000251
-0.005271
-0.000248
0.000032
-0.007222
0.002812
0.015342
-0.018769
0.008056
-0.016667
-0.002899
-0.010000
0.015342
-0.018769
-0.007222
0.002812
0.007324
-0.012615
-0.004058
-0.001212
-0.002899
-0.010000
0.008056
-0.016667
-0.004058
-0.001212
0.007324
-0.012615
0.000564
-0.001526
0.000564
-0.001526
-0.003715
-0.001215
-0.003715
-0.001215
-0.002895
-0.003107
-0.002895
-0.003107
-0.026562
0.002222
-0.026562
0.002222
0.005714
-0.003385
0.005714
-0.003385
0.002222
-0.026562
0.002222
-0.026562
-0.005846
0.008254
-0.005846
0.008254
-0.003385
0.005714
-0.003385
0.005714
0.008254
-0.005846
0.008254
-0.005846
