-0.005263
-0.010794
-0.002649
-0.005870
-0.010164
-0.005736
-0.003462
-0.002843
-0.007781
-0.010874
-0.000033
-0.009849
-0.013729
-0.018319
-0.001773
0.003228
-0.001783
-0.007075
-0.003636
-0.001916
-0.010447
-0.005136
-0.004804
-0.003137
-0.004211
-0.004242
0.032759
0.002564
0.005000
0.016364
0.002069
0.000526
-0.010000
0.025789
0.005357
0.005185
0.012683
0.002500
-0.017818
0.010952
0.010244
0.001765
-0.000714
0.021356
-0.005000
-0.002353
-0.025385
-0.005946
0.009600
0.031515
-0.004118
0.005517
-0.001961
-0.015294
-0.016111
0.001481
0.006122
-0.031707
-0.011724
-0.006909
-0.008163
0.000000
0.001579
0.008214
-0.012941
0.009697
-0.005517
0.011579
-0.020392
0.002857
-0.036667
-0.014902
0.003050
-0.001961
-0.000525
-0.002410
-0.000531
-0.002172
0.007191
-0.000966
-0.005400
-0.002319
-0.004458
-0.001014
0.002379
0.001782
0.001592
-0.001864
-0.015882
0.003478
0.007308
0.024643
-0.004000
-0.017143
-0.037586
0.003019
-0.010550
0.003636
0.000867
-0.001679
0.000000
0.003704
0.010857
0.001143
-0.006400
-0.022500
-0.025714
-0.016154
0.003842
-0.002378
-0.007013
0.004293
-0.030345
-0.040000
0.026667
0.002143
0.024000
-0.001818
-0.011333
0.010556
-0.025641
0.001667
-0.005143
0.008649
-0.001818
-0.008333
0.018621
0.009730
0.009143
0.010000
0.021091
0.012333
-0.010909
-0.015000
0.014194
-0.014054
-0.007692
-0.031818
0.007308
0.001311
0.002581
-0.020000
0.003571
0.004375
0.007358
0.015429
0.008269
0.000200
-0.003009
-0.010566
-0.008649
0.019866
-0.010275
0.006471
0.015929
-0.022574
-0.012020
0.000924
0.008868
0.003636
0.013900
-0.010199
0.010641
0.018926
0.001731
0.007737
0.014971
0.004163
-0.004921
0.010244
0.005596
-0.008877
0.003109
0.001929
0.004509
-0.007760
0.012746
0.000833
0.000000
-0.000994
0.007568
0.009557
0.006782
-0.000690
0.016667
-0.013103
0.020000
-0.010000
-0.002581
0.036364
-0.044211
0.007200
0.040000
-0.016364
0.018125
0.004000
-0.002609
-0.070000
-0.027407
-0.005556
0.007755
-0.011244
-0.013295
-0.000455
-0.038333
0.027273
-0.026061
0.005000
0.046667
0.014000
-0.001333
-0.020000
-0.023636
0.009286
0.031111
0.001111
-0.015000
0.020000
0.030667
-0.018519
0.002460
-0.008442
-0.002762
0.006519
-0.027647
0.040000
0.029375
0.011724
0.004762
0.000000
0.031111
-0.034286
-0.011304
-0.028000
0.011613
0.018750
0.017143
0.004000
-0.029677
-0.021333
-0.003883
-0.005375
-0.011701
0.009495
0.008544
0.006332
0.004393
-0.006769
0.006326
0.003178
0.001938
0.006141
-0.005669
0.012441
-0.004796
-0.006733
0.002375
-0.003252
0.003500
-0.015210
0.005547
-0.004390
0.003064
-0.010411
-0.025000
0.012941
-0.005833
-0.022222
-0.019600
0.029811
0.000000
-0.010000
-0.002667
-0.036667
0.008372
0.018462
-0.017500
0.026667
-0.002667
0.014444
0.015556
0.020000
0.008235
-0.004706
0.015273
0.008947
0.010909
-0.010526
-0.001818
-0.003529
-0.023333
0.012857
0.007917
0.022800
-0.016970
0.016296
0.001111
0.000784
-0.006047
0.006667
-0.025455
-0.006667
-0.001818
0.049231
-0.033750
0.035789
-0.008000
-0.037647
-0.017455
-0.018974
-0.014545
-0.022500
-0.001043
-0.006538
-0.004762
-0.003069
0.007773
0.001628
0.001712
-0.002846
-0.012871
0.005938
0.011964
-0.006238
-0.004252
-0.005520
0.008000
0.000543
0.008263
-0.001855
-0.010252
-0.003755
0.002023
0.006041
0.001436
-0.002521
0.001935
0.022222
-0.009545
-0.005957
0.013333
0.026667
-0.012000
0.005000
0.029231
0.048571
0.013636
-0.022500
0.015000
0.012453
0.044138
0.004118
0.001818
-0.016981
0.007273
0.013061
-0.112727
0.024286
-0.030000
0.007692
-0.009492
0.010811
-0.017931
-0.019024
-0.002500
-0.009524
0.030667
0.000000
-0.026667
0.035000
-0.042667
0.052500
0.002623
0.015789
0.016471
-0.009231
-0.000851
-0.007083
0.016875
0.008667
-0.012727
-0.008571
-0.036000
-0.024615
-0.004513
-0.001346
0.013063
-0.002043
-0.011667
-0.004926
0.010615
0.007528
0.000207
0.007739
-0.001356
-0.011803
-0.007742
0.006169
0.001379
0.005698
0.001111
0.036000
-0.006875
0.033571
0.014167
-0.022000
0.015862
-0.026000
-0.005263
-0.035333
0.012857
-0.006154
0.026286
-0.070769
0.003750
-0.006875
0.000213
0.007882
0.008202
-0.015506
0.014444
0.025455
-0.015758
0.002857
0.006000
0.000800
-0.042000
0.013846
0.044706
-0.014000
-0.005806
0.007692
-0.016000
0.010000
0.004000
0.011250
0.005285
-0.000495
-0.004176
0.008622
0.007200
0.040000
-0.007500
-0.008462
0.003810
-0.012000
0.002424
-0.026154
-0.009091
-0.003636
0.015294
-0.002759
0.010526
-0.014400
0.040000
-0.021250
-0.013846
0.000747
-0.000286
-0.007135
-0.004390
-0.010128
0.003057
-0.005909
-0.000406
-0.013362
0.007516
-0.002577
0.010189
-0.011200
0.003238
-0.001569
0.001835
-0.001359
0.003960
0.012871
0.021818
-0.001188
-0.017383
-0.005890
0.003050
-0.001961
-0.000525
-0.002410
-0.000531
-0.002172
0.007191
-0.000966
-0.005400
-0.002319
-0.004458
-0.001014
-0.015882
0.003478
0.007308
0.024643
-0.004000
-0.017143
-0.037586
0.003019
0.000000
0.003704
0.010857
0.001143
-0.006400
-0.022500
-0.025714
-0.016154
-0.030345
-0.040000
0.026667
0.002143
0.024000
-0.001818
-0.011333
0.010556
-0.015692
-0.013016
0.010353
0.001918
-0.004848
0.005538
0.000235
-0.010588
-0.025641
0.001667
-0.005143
0.008649
0.000519
-0.010323
0.013824
0.026897
-0.001818
-0.008333
0.018621
0.009730
0.009870
0.011385
0.006567
-0.003294
0.008000
0.000870
-0.001882
0.010227
-0.015833
0.002154
0.003810
0.025753
-0.004474
-0.006286
-0.003488
0.002500
0.009143
0.010000
0.021091
0.012333
-0.010909
-0.015000
0.014194
-0.014054
0.013333
-0.025484
0.001818
-0.024828
0.010278
0.013231
0.001446
-0.016484
-0.002941
-0.015152
-0.020941
0.010704
0.001951
-0.000968
-0.014186
0.017528
-0.007692
-0.031818
0.007308
0.001311
0.024615
-0.000625
0.018209
0.015581
0.002581
-0.020000
0.003571
0.004375
-0.003673
0.012683
-0.006545
-0.005574
-0.010612
-0.026190
-0.012075
0.006000
-0.005000
0.014468
0.002712
-0.012836
-0.000784
-0.015500
-0.003333
0.017049
-0.000370
-0.000909
-0.009355
-0.001212
0.009787
-0.000500
0.007200
-0.001333
0.013333
0.000870
-0.015844
0.004500
0.004000
-0.040000
0.016364
0.001333
-0.004000
-0.016364
0.003636
0.030000
0.032000
-0.041429
0.087273
0.021818
-0.026000
-0.010370
0.050000
-0.013333
-0.017907
0.013404
-0.003662
-0.000723
-0.033333
-0.009091
-0.030909
-0.037500
-0.014000
0.016364
0.009091
-0.012000
-0.029000
0.026923
0.024286
-0.047500
-0.014000
-0.065333
-0.029091
0.080000
-0.019556
0.013415
0.000317
0.004444
0.026000
-0.037333
0.009333
0.042857
0.007500
-0.005217
-0.020000
0.000000
0.009091
-0.054000
-0.029231
-0.042667
-0.022000
0.008000
-0.036364
-0.042000
-0.018718
0.007317
-0.007059
0.016944
-0.018000
0.001818
0.007273
-0.062000
0.010909
0.023636
-0.056000
0.014667
0.022105
0.025000
0.012000
-0.029091
0.042000
0.018667
0.038333
0.045455
-0.009487
-0.001707
-0.000923
0.010986
0.016000
-0.008333
-0.027500
-0.049231
-0.041176
0.032800
0.006316
-0.023333
0.048000
-0.030000
-0.007273
0.058000
-0.060000
-0.046000
-0.027273
-0.004615
0.009877
0.005570
-0.006000
0.007792
0.037333
-0.015833
-0.007273
0.025000
-0.060000
0.001538
-0.012000
0.023333
0.064000
-0.042000
-0.003636
0.012727
-0.034545
-0.016000
-0.023636
-0.012308
-0.018000
0.000000
0.014286
-0.026154
-0.016296
0.001818
0.045455
-0.031818
0.002000
-0.010769
-0.077143
-0.012727
0.016000
0.084000
0.024000
-0.036364
-0.036000
0.038182
-0.009231
0.025714
-0.002500
-0.012308
-0.001538
-0.005000
0.021818
0.004000
-0.020000
0.004000
-0.026667
0.064286
0.051667
0.024000
-0.031667
0.005000
0.013333
0.010000
-0.010909
0.006000
-0.048000
0.024000
0.026000
-0.034545
0.010000
-0.030769
-0.007500
-0.017333
-0.041538
-0.023000
-0.016923
0.014000
-0.030588
0.011304
-0.003636
-0.004000
0.010000
-0.009231
-0.026000
0.054000
0.009091
0.014545
0.010000
-0.026154
0.000000
-0.066667
0.024000
0.024615
0.022000
-0.036923
-0.038000
0.014545
-0.030000
-0.026000
0.015000
-0.005000
0.016250
0.010476
-0.018000
-0.014545
0.038000
-0.023333
-0.008000
-0.020000
0.048000
-0.020000
0.001818
0.006667
0.006667
-0.014000
0.039286
0.011667
-0.007059
0.001000
-0.014000
-0.014000
0.006000
0.052308
-0.005263
-0.010794
-0.002649
-0.005870
-0.010164
-0.005736
-0.003462
-0.002843
-0.007781
-0.010874
-0.000033
-0.009849
-0.013729
-0.018319
-0.001773
0.003228
-0.001783
-0.007075
-0.003636
-0.001916
-0.010447
-0.005136
-0.004804
-0.003137
0.000798
0.006079
0.005480
-0.002626
0.002379
0.001782
0.001592
-0.001864
0.000031
0.005048
0.000034
0.004462
-0.010550
0.003636
0.000867
-0.001679
-0.003138
-0.002275
0.006075
-0.004069
0.003842
-0.002378
-0.007013
0.004293
0.009924
-0.002265
0.002019
-0.006461
0.007826
-0.004615
-0.022941
0.019420
0.005000
-0.006364
0.003768
0.017391
-0.002652
0.001445
0.002496
-0.003552
0.008000
0.000290
-0.014521
-0.013538
-0.013636
-0.021231
-0.008923
-0.016000
-0.000380
-0.002524
0.002843
0.003351
-0.031765
-0.013538
-0.016418
-0.026462
0.012647
-0.013824
-0.003939
-0.008485
-0.005000
0.001091
0.013208
-0.017959
0.016364
0.024286
0.041667
0.041818
0.010909
-0.026154
0.054000
0.002000
0.012000
-0.047143
-0.026000
0.010769
-0.036000
0.041053
0.006667
0.016364
-0.006522
-0.004000
-0.016604
-0.005200
-0.060000
0.009091
0.003333
0.053846
-0.010000
0.041429
0.000000
-0.040000
0.000000
0.020000
0.008000
0.000000
-0.042000
-0.001538
0.052000
0.063636
-0.002857
0.023043
0.005490
-0.032131
-0.040000
-0.001429
0.034000
0.014545
-0.004000
-0.005882
0.021176
-0.052000
-0.014545
-0.034545
-0.050000
-0.031667
0.002000
0.032308
0.036000
-0.038000
0.025455
-0.022174
0.000000
0.007234
-0.028000
-0.026000
-0.006000
0.016000
0.030909
-0.003636
0.034545
-0.040000
0.023636
-0.017895
0.021333
0.008000
0.007273
0.015385
-0.072000
0.045000
-0.039111
0.006383
-0.003636
0.005283
-0.026000
-0.023333
0.010000
-0.021538
0.001818
-0.012222
0.040000
-0.082000
0.048000
0.004000
0.000000
-0.016000
0.023636
0.016364
-0.020000
0.005000
-0.023478
-0.021778
0.008679
0.008750
0.012000
0.004706
0.010000
0.042500
0.065455
0.016923
0.002000
0.005455
0.010000
-0.014000
-0.014000
-0.005455
0.018182
-0.070000
-0.001667
0.047692
-0.010909
-0.012308
-0.003077
-0.041429
0.008000
0.009091
0.028000
-0.014000
0.016000
-0.009231
0.028000
0.020000
-0.042105
-0.016000
0.024000
-0.006667
0.054000
0.023077
0.027692
-0.006667
0.009091
0.000000
0.056000
-0.034545
0.006250
0.032000
-0.030909
-0.006000
0.020000
0.009231
-0.020000
0.024000
0.034000
0.005000
-0.014000
0.000000
0.017500
-0.042857
0.018462
0.011579
0.030000
0.021538
0.056667
0.007143
-0.010000
-0.026000
-0.048000
-0.041818
0.009091
-0.003636
0.012000
0.054545
0.016364
0.045000
0.013333
0.038182
0.000000
-0.020000
-0.013333
0.046316
-0.048000
0.065000
-0.032000
0.005000
-0.012000
-0.004615
0.024000
-0.006667
0.014118
-0.001429
-0.009333
-0.018750
0.020000
0.042000
-0.026000
0.040000
-0.038000
0.005000
0.028333
0.011667
0.017333
0.009091
0.016923
0.034737
0.028000
0.030000
-0.034000
-0.038000
-0.028000
0.038000
-0.036364
0.013846
0.018182
-0.013333
0.018462
0.018333
-0.004211
-0.004242
0.032759
0.002564
0.005000
0.016364
0.002069
0.000526
-0.010000
0.025789
0.005357
0.005185
0.012683
0.002500
-0.017818
0.010952
0.010244
0.001765
-0.000714
0.021356
-0.005000
-0.002353
-0.025385
-0.005946
-0.003333
-0.010400
-0.003947
-0.013563
0.000811
-0.003704
0.014474
0.000230
0.006588
0.019118
-0.007606
-0.006329
0.009600
0.031515
-0.004118
0.005517
-0.008800
0.001765
0.003768
0.006500
-0.001961
-0.015294
-0.016111
0.001481
-0.004118
-0.012289
-0.001299
-0.018108
-0.012222
0.002703
-0.016712
0.011014
0.006122
-0.031707
-0.011724
-0.006909
0.003659
0.004412
0.002588
-0.014699
0.013684
-0.011765
-0.005373
-0.010513
-0.008163
0.000000
0.001579
0.008214
-0.020282
0.018108
0.000000
-0.008986
0.006197
0.002821
-0.002466
-0.016486
-0.012941
0.009697
-0.005517
0.011579
-0.007711
0.006301
0.004250
0.006024
-0.020392
0.002857
-0.036667
-0.014902
-0.009250
-0.011111
0.017059
-0.001842
0.001932
0.004457
0.005829
0.010743
0.010057
0.007241
-0.008851
-0.000914
0.003815
0.006207
-0.002841
0.009659
0.007358
0.015429
0.008269
0.000200
-0.003009
-0.010566
-0.008649
0.019866
-0.010275
0.006471
0.015929
-0.022574
-0.004513
-0.001346
0.013063
-0.002043
-0.011667
-0.004926
0.010615
0.007528
0.000207
0.007739
-0.001356
-0.011803
-0.007742
0.006169
0.001379
0.005698
0.001111
0.036000
-0.006875
0.033571
0.014167
-0.022000
0.015862
-0.026000
-0.005263
-0.035333
0.012857
-0.006154
0.026286
-0.070769
0.003750
-0.006875
0.000213
0.007882
0.008202
-0.015506
0.014444
0.025455
-0.015758
0.002857
0.006000
0.000800
-0.042000
0.013846
0.044706
-0.014000
-0.005806
0.007692
-0.016000
0.010000
0.004000
0.011250
0.005285
-0.000495
-0.004176
0.008622
0.007200
0.040000
-0.007500
-0.008462
0.003810
-0.012000
0.002424
-0.026154
-0.009091
-0.003636
0.015294
-0.002759
0.010526
-0.014400
0.040000
-0.021250
-0.003883
-0.005375
-0.011701
0.009495
0.008544
0.006332
0.004393
-0.006769
0.006326
0.003178
0.001938
0.006141
0.008605
-0.000437
-0.000543
0.007349
0.002211
-0.001229
0.003429
0.010000
-0.005669
0.012441
-0.004796
-0.006733
-0.015145
0.003407
-0.010279
0.003735
0.000532
-0.000479
-0.006628
-0.006584
0.002375
-0.003252
0.003500
-0.015210
0.001639
0.012283
-0.007128
0.000673
-0.005833
0.004571
-0.012465
-0.001364
0.005547
-0.004390
0.003064
-0.010411
-0.041429
0.005385
-0.004286
0.006429
0.024000
0.026400
0.007407
0.014167
0.003636
-0.007500
0.023000
-0.007500
0.032143
0.014375
0.016923
0.003704
0.037778
0.045000
0.007333
-0.000870
0.013077
-0.003333
0.005833
-0.004800
0.016129
-0.030345
-0.002353
-0.014815
-0.013750
-0.001333
0.022667
0.004211
-0.012800
-0.000952
0.006429
0.003478
-0.015000
-0.027778
0.000000
-0.016667
0.004444
-0.025714
-0.027059
0.000000
0.000000
0.034815
0.009677
0.004444
0.012000
-0.013600
0.033077
0.000000
0.013846
0.016429
-0.029630
-0.025385
0.040000
0.005333
0.018182
-0.011667
-0.012143
-0.030909
0.010000
-0.007407
0.026400
0.012308
-0.018400
0.040000
0.005385
0.015200
0.008462
-0.011852
-0.023571
0.018788
-0.028000
-0.003077
-0.038000
0.036364
-0.023636
0.018333
-0.017419
0.008182
-0.024444
0.035833
-0.026667
-0.046667
-0.040000
-0.006316
0.003750
-0.021429
-0.031250
0.043529
-0.000741
-0.000769
0.008000
0.039231
0.058000
-0.066154
-0.014000
0.023750
0.019259
0.050370
0.025161
-0.019200
-0.016111
-0.035556
0.018788
-0.006875
-0.022667
0.013333
0.002667
0.053333
0.004828
0.011333
-0.011538
-0.010000
-0.038000
0.060000
0.026000
0.028000
0.002000
0.018000
0.022000
-0.046000
0.002000
-0.002000
0.048000
0.020000
0.010000
-0.006000
0.008000
0.022000
-0.050667
-0.025263
0.020000
0.008333
-0.034000
0.024000
-0.034000
-0.034000
-0.022000
0.016000
-0.030000
0.026000
0.024000
-0.006000
0.004000
-0.004000
0.034000
-0.024000
-0.008000
0.014000
0.012500
0.005000
0.003846
-0.016154
0.044000
0.000000
-0.018000
-0.024000
0.062000
-0.038182
0.064000
0.014000
-0.012000
0.052000
0.014000
-0.001818
-0.028000
-0.028000
0.024000
0.002000
0.022609
0.015652
-0.011579
0.023200
-0.006000
0.040000
0.034000
0.030000
0.040000
-0.036000
-0.024000
0.010000
0.024000
0.012000
0.036000
-0.002000
0.036000
-0.024000
-0.008000
-0.010000
0.005333
0.005333
-0.015000
0.021250
0.009143
0.042143
0.022143
0.022581
-0.024000
-0.001333
0.001818
0.000000
-0.001481
-0.007692
-0.002000
-0.018261
0.004167
0.004348
-0.020000
0.017391
0.004000
-0.044000
0.012000
-0.002000
-0.028000
-0.008333
-0.006000
-0.016000
0.016000
-0.006000
0.016000
-0.046000
-0.036000
0.022000
-0.050000
-0.042000
0.026667
0.000000
0.005517
-0.039259
-0.002000
-0.027273
0.024000
-0.004000
-0.054000
-0.028000
-0.048000
-0.038000
-0.016000
0.048000
0.004000
-0.006000
0.005455
0.000000
0.014000
0.012000
0.016429
-0.003571
0.000000
-0.010769
-0.016364
0.042000
-0.018000
0.024000
-0.048000
0.044000
0.002000
0.002000
-0.064000
0.046000
0.014000
-0.030000
0.000000
0.040000
0.030000
-0.064000
-0.025000
-0.021000
0.029000
-0.039091
0.000000
-0.010000
0.006000
-0.008000
0.014000
-0.024000
0.088000
-0.010000
0.028000
-0.020000
0.054000
0.014000
0.018000
0.020000
0.024000
-0.012000
0.011034
-0.000690
-0.012727
0.010968
-0.044000
0.014545
-0.002000
0.043636
0.002857
0.040000
-0.010667
-0.010000
0.002857
-0.009286
-0.023200
0.006667
-0.018750
0.004800
0.026667
0.003478
0.036000
-0.090000
0.016000
-0.068000
0.054000
0.006000
-0.016000
0.012000
-0.028000
0.002000
0.064000
-0.010000
0.002000
0.030000
-0.036000
0.000000
0.011034
0.000667
-0.028000
-0.046923
0.002000
-0.032000
0.060000
-0.014000
-0.030000
-0.046000
-0.010000
0.008000
-0.034000
-0.044000
-0.012000
0.036000
-0.004000
0.014000
-0.032000
-0.050000
-0.020000
-0.013333
-0.028889
-0.019355
0.008000
0.034000
0.028000
-0.024000
0.008000
0.008000
0.036000
0.004000
0.002000
0.036000
0.008000
-0.046000
-0.076000
-0.038333
0.058000
-0.010000
0.006957
0.006957
0.016923
0.016296
-0.016000
0.030000
0.010000
-0.026000
0.010000
0.008000
-0.034000
0.016000
-0.014000
0.001818
-0.028000
0.094000
0.008000
0.048000
0.012000
-0.008000
-0.001043
-0.006538
-0.004762
-0.003069
0.007773
0.001628
0.001712
-0.002846
-0.012871
0.005938
0.011964
-0.006238
0.005665
0.004706
-0.011505
-0.002577
-0.000316
0.005665
0.006071
0.000602
-0.004252
-0.005520
0.008000
0.000543
0.003017
-0.011746
0.009016
0.004780
-0.006082
0.000000
0.003704
0.002775
0.008263
-0.001855
-0.010252
-0.003755
0.002989
0.011087
0.006562
0.006145
-0.002473
0.003333
0.004138
-0.006707
0.002023
0.006041
0.001436
-0.002521
-0.050588
0.016250
-0.012000
0.009565
-0.037857
-0.016154
0.020000
0.048333
-0.026000
-0.014667
-0.010857
0.024138
0.043333
-0.009333
0.025714
-0.030000
-0.015862
0.022000
0.016154
0.000667
0.005217
0.000833
0.027273
0.010000
0.010000
-0.028333
-0.013684
-0.007143
0.022667
-0.004706
0.020000
-0.012593
-0.025385
0.030833
0.021667
-0.016800
-0.000741
-0.009231
0.008571
0.007143
-0.016667
-0.001143
-0.016667
0.007692
0.052727
-0.008333
-0.094000
-0.005714
0.000000
0.022500
0.015000
0.038889
-0.006667
-0.030000
0.016190
0.019091
-0.020000
-0.019231
-0.008485
-0.011111
-0.032500
0.060000
-0.014667
-0.005000
0.038667
0.002857
-0.008182
0.003333
0.012000
-0.025882
-0.012593
0.017778
-0.008000
-0.010667
0.007500
-0.003750
-0.028000
0.013600
0.006452
-0.016800
-0.016923
0.014615
-0.015000
0.020714
-0.010370
-0.005385
0.001481
0.014667
-0.009655
0.010000
-0.035714
0.021667
-0.052727
0.027692
-0.036000
0.010000
-0.016667
-0.024615
-0.019429
0.016471
-0.010667
-0.021111
-0.014667
0.007143
-0.018000
0.001818
0.034444
0.020000
0.025600
-0.004138
0.013846
-0.022143
-0.004000
0.006957
0.020000
0.031200
-0.034000
0.020000
0.069091
0.030000
0.048000
0.002000
0.000000
-0.014000
0.010000
0.024000
0.014000
-0.008000
-0.002000
-0.058000
0.014000
0.010909
0.002727
0.000800
0.003158
-0.007200
0.002000
0.008333
0.058000
0.008000
0.040000
-0.030000
-0.066000
-0.014000
0.048000
-0.030000
0.028000
0.000000
-0.046000
-0.042000
-0.014000
-0.036000
-0.026667
0.005714
0.001600
0.024000
0.008000
-0.014000
-0.028000
0.024000
0.006000
-0.034000
0.034000
0.004000
-0.034000
0.024000
0.000000
0.004000
0.000000
-0.036000
0.018000
-0.004000
0.000000
0.028421
-0.025000
0.028800
-0.044000
-0.092000
-0.010000
-0.006000
0.028000
-0.010000
-0.040000
-0.020000
0.008000
-0.016000
-0.006000
0.024000
-0.026000
0.006000
-0.024000
0.004000
-0.013333
-0.058621
0.007742
0.011613
-0.042000
0.024000
-0.046000
-0.006000
0.029143
-0.026154
0.011852
-0.000667
0.004000
-0.008421
0.028000
0.050667
0.043750
0.016667
0.012381
-0.024615
0.024000
0.056000
0.042000
-0.022000
0.030000
-0.058000
-0.014000
-0.022000
0.016000
0.018000
-0.002000
-0.064000
-0.010000
0.078000
0.046000
-0.014000
-0.000741
0.009655
-0.005385
-0.004167
0.006000
0.062000
0.004000
-0.052000
-0.006000
0.030000
0.008000
-0.014000
0.030000
0.020000
-0.030000
-0.024000
0.020000
0.004000
0.012000
0.002000
0.013077
-0.003846
-0.024000
0.014286
-0.014000
-0.086000
0.016000
-0.014545
-0.026000
-0.006000
0.002000
0.066000
0.034000
0.008000
-0.002000
0.002000
0.060000
-0.036000
-0.024000
0.010000
0.013600
0.013600
-0.029524
0.019355
-0.006000
-0.032000
0.000000
-0.016000
-0.038000
0.032000
0.056000
-0.010000
0.032000
-0.020000
0.018000
0.004000
-0.024000
0.012000
0.010000
0.002000
0.011429
-0.009412
0.025714
-0.018667
-0.003429
0.006667
0.002222
0.006667
0.007500
-0.012414
0.008966
0.013077
-0.008000
0.028000
-0.042000
-0.047273
-0.021053
-0.016800
-0.001818
0.032500
-0.020000
-0.042000
0.004000
-0.008000
-0.056000
-0.038333
-0.040000
0.028000
-0.016000
0.000000
0.032000
0.064000
-0.010000
0.082000
0.010000
-0.002000
-0.014615
0.017778
0.019259
0.015000
0.030000
-0.028000
-0.032000
-0.024000
-0.020000
0.014000
0.000000
0.020000
0.010000
-0.012000
0.012000
0.060000
0.020000
-0.050000
-0.018000
-0.002000
-0.012000
0.057000
0.010476
0.001600
-0.022000
0.018000
-0.060000
-0.018000
0.000000
-0.016000
0.008000
0.034000
-0.004000
-0.066000
0.048000
-0.030000
-0.018000
-0.032000
-0.014000
-0.060000
0.017037
-0.013571
0.005385
-0.003333
0.010909
-0.040000
-0.008000
-0.032000
0.026000
-0.014000
-0.008000
0.066000
0.020000
0.048000
-0.004000
-0.050000
-0.002000
-0.024000
0.014000
0.010000
-0.004921
0.010244
0.005596
-0.008877
0.003109
0.001929
0.004509
-0.007760
0.012746
0.000833
0.000000
-0.000994
0.007568
0.009557
0.006782
-0.000690
0.016667
-0.013103
0.020000
-0.010000
-0.002581
0.036364
-0.044211
0.007200
0.040000
-0.016364
0.018125
0.004000
-0.002609
-0.070000
-0.027407
-0.005556
0.007755
-0.011244
-0.013295
-0.000455
-0.038333
0.027273
-0.026061
0.005000
0.046667
0.014000
-0.001333
-0.020000
-0.023636
0.009286
0.031111
0.001111
-0.015000
0.020000
0.030667
-0.018519
0.002460
-0.008442
-0.002762
0.006519
-0.027647
0.040000
0.029375
0.011724
0.004762
0.000000
0.031111
-0.034286
-0.011304
-0.028000
0.011613
0.018750
0.017143
0.004000
-0.029677
-0.021333
0.010189
-0.011200
0.003238
-0.001569
0.001835
-0.001359
0.003960
0.012871
0.021818
-0.001188
-0.017383
-0.005890
-0.011792
0.002022
-0.000559
-0.012229
-0.014302
0.018171
0.006816
0.003543
-0.004855
0.010286
-0.002247
-0.006364
0.003050
-0.001961
-0.000525
-0.002410
-0.000531
-0.002172
0.007191
-0.000966
-0.005400
-0.002319
-0.004458
-0.001014
-0.005263
-0.010794
-0.002649
-0.005870
-0.010164
-0.005736
-0.003462
-0.002843
-0.007781
-0.010874
-0.000033
-0.009849
-0.013729
-0.018319
-0.001773
0.003228
-0.001783
-0.007075
-0.003636
-0.001916
-0.010447
-0.005136
-0.004804
-0.003137
-0.003333
-0.010400
-0.003947
-0.013563
0.000811
-0.003704
0.014474
0.000230
-0.003673
0.012683
-0.006545
-0.005574
0.006588
0.019118
-0.007606
-0.006329
-0.010612
-0.026190
-0.012075
0.006000
-0.008800
0.001765
0.003768
0.006500
-0.004118
-0.012289
-0.001299
-0.018108
-0.012222
0.002703
-0.016712
0.011014
-0.005000
0.014468
0.002712
-0.012836
0.003659
0.004412
0.002588
-0.014699
-0.000784
-0.015500
-0.003333
0.017049
0.013684
-0.011765
-0.005373
-0.010513
-0.020282
0.018108
0.000000
-0.008986
0.006197
0.002821
-0.002466
-0.016486
-0.000370
-0.000909
-0.009355
-0.001212
-0.007711
0.006301
0.004250
0.006024
0.009787
-0.000500
0.007200
-0.001333
-0.009250
-0.011111
0.017059
-0.001842
0.005882
0.009254
0.002353
-0.003214
0.007463
0.000000
-0.014063
0.015667
-0.032877
0.006102
0.002188
-0.024286
0.012000
-0.000364
-0.007458
-0.022593
0.035312
-0.021071
-0.002295
0.015000
0.013939
-0.003667
0.014603
0.027241
-0.004179
-0.004857
0.005231
-0.008696
-0.024000
-0.050000
-0.021818
-0.050000
-0.020000
0.038000
-0.022000
-0.058333
0.030000
-0.029231
-0.040000
0.004000
0.034444
0.024545
-0.026000
-0.021818
-0.016857
0.007042
0.003750
0.001176
-0.012000
0.020000
0.000000
0.026000
-0.038000
0.004615
-0.003636
0.000000
0.001111
-0.022857
0.038462
0.014000
0.022000
0.033333
0.005455
0.078000
-0.014000
0.029091
0.060000
0.010909
-0.073333
-0.029091
-0.049091
0.022000
0.040000
0.055385
-0.005714
-0.040000
-0.042400
0.002000
0.000000
-0.016923
-0.038000
0.010000
0.108000
0.000000
-0.048000
-0.034000
0.050000
-0.011667
-0.014000
-0.014000
-0.012000
0.036000
0.020000
0.006000
0.002000
0.032000
0.040000
0.012727
0.028000
0.010909
-0.060000
0.044000
0.010909
-0.008000
-0.034545
0.000000
0.013846
0.047692
-0.023200
-0.024000
-0.014545
0.011429
0.026000
-0.016000
-0.014545
-0.036667
-0.016364
-0.030000
-0.014000
0.006000
0.022000
0.010909
-0.020000
0.016000
-0.050000
0.052727
0.002000
0.014000
0.019155
-0.000597
0.014839
-0.012281
0.032000
-0.018571
0.023750
-0.025000
0.023750
0.018947
0.050000
0.004000
0.036000
-0.014000
-0.014000
-0.012000
0.010000
0.028000
0.048000
0.012000
-0.006032
0.003235
0.000000
0.010175
-0.036000
0.046000
0.018000
-0.028333
0.026000
0.030000
0.001818
-0.032000
-0.002353
-0.008000
0.022000
0.036364
0.000000
0.009412
0.069091
0.006000
0.043333
0.026000
0.001818
0.002000
0.024000
0.007273
0.018000
-0.015000
-0.050000
-0.021818
-0.050000
-0.024000
0.047273
-0.016000
0.048000
0.002000
-0.032000
-0.003333
-0.020000
-0.046000
0.016000
0.027273
-0.007273
-0.026000
0.063636
0.023636
0.001818
0.046667
-0.034400
0.004000
-0.050769
-0.003077
0.020000
0.048333
0.023636
-0.001667
-0.018000
0.001818
0.044000
-0.058000
0.009565
0.022000
0.017500
-0.044286
0.014545
0.020000
0.010909
-0.016364
0.002000
0.030000
-0.049091
0.000000
-0.034545
-0.034000
-0.006000
-0.008000
0.010000
-0.022000
-0.064000
0.074000
0.030000
-0.012000
0.008000
0.018000
0.017143
-0.016364
0.005424
-0.014138
0.036000
0.022857
0.035000
0.005455
0.016250
-0.017895
-0.004000
-0.035714
0.030000
0.020000
-0.032000
0.012727
0.014000
-0.050000
0.052727
0.002000
0.015143
-0.005397
-0.014603
0.017544
0.010000
0.000000
0.016000
-0.002000
-0.040000
-0.032308
0.016000
-0.016000
-0.048000
-0.032727
-0.004000
-0.041818
0.018000
0.030000
-0.012000
0.008000
0.016364
0.034545
-0.044000
-0.050000
0.014000
-0.003636
-0.030000
-0.040000
0.020000
0.000000
0.026000
-0.012000
-0.014000
0.026000
-0.012000
-0.026000
-0.030909
0.000000
0.018182
-0.012000
-0.008000
-0.020000
0.016000
0.036000
-0.013333
0.014000
-0.026667
0.005000
-0.036364
0.060000
-0.032000
-0.018182
0.058000
-0.002000
-0.014545
-0.033333
-0.007273
0.034000
0.016000
-0.040000
-0.042000
0.022000
0.012000
0.000000
0.030000
0.001818
-0.032000
0.026000
-0.021667
-0.012000
0.007273
-0.031667
0.004000
0.043636
-0.034000
-0.008000
0.030000
-0.012000
0.009412
-0.050588
-0.030909
-0.008000
-0.040000
0.000000
0.000798
0.006079
0.005480
-0.002626
0.000031
0.005048
0.000034
0.004462
-0.003138
-0.002275
0.006075
-0.004069
0.006534
-0.000431
0.006534
-0.000431
0.009924
-0.002265
0.002019
-0.006461
-0.015692
-0.013016
0.010353
0.001918
-0.004848
0.005538
0.000235
-0.010588
0.007826
-0.004615
-0.022941
0.019420
0.000519
-0.010323
0.013824
0.026897
0.005000
-0.006364
0.003768
0.017391
0.009870
0.011385
0.006567
-0.003294
0.002587
0.003875
0.002587
0.003875
-0.002652
0.001445
0.002496
-0.003552
0.008000
0.000870
-0.001882
0.010227
-0.015833
0.002154
0.003810
0.025753
0.008000
0.000290
-0.014521
-0.013538
-0.004474
-0.006286
-0.003488
0.002500
-0.013636
-0.021231
-0.008923
-0.016000
0.013333
-0.025484
0.001818
-0.024828
0.000433
-0.003008
0.000433
-0.003008
-0.000380
-0.002524
0.002843
0.003351
0.010278
0.013231
0.001446
-0.016484
-0.002941
-0.015152
-0.020941
0.010704
-0.031765
-0.013538
-0.016418
-0.026462
0.001951
-0.000968
-0.014186
0.017528
0.012647
-0.013824
-0.003939
-0.008485
0.024615
-0.000625
0.018209
0.015581
-0.014769
-0.011176
-0.009474
-0.024127
-0.011212
-0.009412
0.006102
-0.000656
-0.011429
0.003333
-0.012881
0.030000
0.002222
0.010189
-0.014444
-0.008814
-0.011077
0.001923
0.004643
-0.009123
-0.011429
0.011111
-0.005517
-0.011724
0.005079
0.002903
0.004912
-0.011698
0.004000
0.056000
0.092727
-0.044000
0.001818
0.018000
0.082000
0.014000
0.016000
-0.012000
-0.018000
0.052000
-0.042000
-0.028000
0.016923
-0.003077
0.001270
-0.005397
0.002143
-0.001538
0.004000
0.018000
0.002000
0.002000
0.058000
0.002000
-0.022000
0.026000
-0.047273
-0.032222
0.010769
-0.010909
-0.026000
0.016000
0.008000
-0.022000
-0.012000
-0.026000
-0.012000
-0.026000
-0.020000
-0.024000
0.000000
-0.010000
0.016000
0.004000
0.025000
-0.066000
0.012000
0.018000
-0.020000
-0.010000
0.012500
0.049231
0.021818
-0.021333
-0.012000
0.016000
0.040000
-0.048000
-0.007273
0.006000
0.014000
-0.030000
-0.027692
0.028000
0.003636
-0.018571
-0.004000
-0.024000
-0.004000
-0.024000
-0.006000
0.036000
0.000000
0.012000
0.020000
0.022000
-0.031667
0.014000
0.054000
0.006000
0.047273
0.000000
-0.028000
0.004000
-0.002000
0.002000
0.017333
-0.010000
0.020000
-0.035294
0.025000
-0.007273
-0.012727
-0.060000
0.018182
-0.022000
-0.006000
-0.034000
-0.000882
-0.017705
0.020345
0.003582
0.004000
-0.060000
0.001667
0.076000
0.008333
0.013333
0.021333
-0.016667
-0.042000
0.036000
-0.004000
-0.014000
-0.020000
-0.030000
0.002000
0.026000
-0.031343
-0.023385
-0.026545
-0.004727
0.022000
0.016000
0.032000
0.028000
-0.002000
0.000000
0.030000
0.032000
0.020000
0.001053
-0.036923
-0.033750
-0.008000
0.060000
0.020000
-0.024000
-0.008235
0.008571
-0.006957
-0.002222
-0.028000
-0.014000
0.000000
0.046000
-0.021818
0.016000
0.018000
0.034000
0.044000
0.038571
-0.027692
0.022667
-0.004000
-0.034000
-0.004000
-0.034000
-0.010000
-0.006000
0.040000
0.006000
0.020000
0.022000
0.005455
0.004000
-0.042000
-0.066000
-0.038000
-0.022000
0.000000
0.012000
-0.006000
0.036000
-0.010909
0.016000
-0.010909
0.016000
-0.016000
-0.030000
-0.020000
-0.016000
0.030000
0.000000
0.010909
-0.034000
0.010000
0.014000
-0.044000
-0.078000
0.002857
0.017647
0.019130
-0.013333
-0.036364
-0.014000
-0.038462
0.002222
-0.010000
-0.042000
0.000000
0.022000
0.000290
0.004242
0.008421
0.014167
0.020000
-0.012727
0.020000
0.032000
-0.050000
0.020000
0.010588
0.030000
0.016000
-0.018000
-0.030000
-0.050000
0.038000
0.000000
0.036000
-0.014000
0.002188
0.013016
0.013929
-0.003077
-0.002000
-0.007000
0.025000
-0.014667
-0.002000
0.012727
-0.022000
-0.014000
-0.022000
-0.002000
-0.001818
0.004000
0.000000
-0.038000
-0.016000
0.050000
-0.015000
-0.022500
-0.027273
-0.014737
0.014000
-0.034000
-0.028000
0.028000
0.047273
0.004000
0.026000
0.010909
-0.012308
0.021429
0.044615
-0.021250
0.040000
0.006000
-0.010000
-0.006000
-0.022000
0.008000
-0.022000
0.008000
0.040000
-0.010000
-0.004000
0.022000
-0.006000
-0.038000
-0.003636
0.058000
0.022000
0.030000
-0.008000
0.058000
-0.025333
0.007143
0.019048
0.009412
-0.050000
-0.012000
0.013333
-0.005714
-0.018000
0.022000
0.029091
-0.004000
0.000000
-0.010000
-0.020000
-0.024000
0.040000
-0.014000
0.040000
-0.014000
0.038000
0.034000
0.018000
-0.052000
-0.002000
0.002000
0.013333
-0.006000
0.007358
0.015429
0.008269
0.000200
-0.003009
-0.010566
-0.008649
0.019866
-0.010275
0.006471
0.015929
-0.022574
0.008605
-0.000437
-0.000543
0.007349
0.002211
-0.001229
0.003429
0.010000
-0.015145
0.003407
-0.010279
0.003735
0.000532
-0.000479
-0.006628
-0.006584
0.001639
0.012283
-0.007128
0.000673
-0.005833
0.004571
-0.012465
-0.001364
-0.006400
0.003030
-0.015556
0.026400
0.047200
0.018667
0.010345
-0.026923
0.012000
0.009231
0.016667
0.015000
0.004000
0.010667
0.017647
0.012000
0.024286
0.046667
-0.008000
0.031765
-0.017419
0.010400
0.023030
-0.004615
-0.011429
-0.010667
0.026667
0.008750
0.008000
0.024615
0.007143
-0.020000
0.005714
0.007407
-0.013913
0.000000
0.012500
0.040000
-0.002667
-0.004286
-0.015556
0.026400
-0.006400
0.003030
0.009231
-0.014815
0.011515
0.004000
-0.012000
-0.025600
0.020000
0.005161
0.012000
0.004000
0.010667
0.017647
-0.006667
-0.044615
0.008750
-0.005333
-0.004286
0.012500
0.040000
-0.002667
0.024615
-0.008125
-0.012857
0.008966
0.019259
-0.010303
-0.014667
-0.028667
0.006000
0.008000
-0.038000
0.007273
0.036000
0.034667
-0.007059
0.062667
0.003077
-0.001765
0.007273
0.013529
-0.012857
0.008966
0.024615
-0.008125
0.010345
-0.026923
0.047200
0.018667
-0.020000
-0.004000
0.042667
0.020000
-0.013913
0.000000
0.005714
0.007407
-0.017500
-0.020000
-0.004800
-0.048333
0.046667
-0.008000
0.031765
0.024286
0.025455
-0.010909
0.012000
-0.005455
-0.038621
0.004000
0.005806
0.027692
0.062667
0.036000
0.034667
-0.007059
-0.004286
0.033846
-0.054286
0.028000
0.020000
-0.020000
-0.004000
0.042667
-0.010667
0.026667
0.008750
-0.011429
-0.014667
-0.028667
0.019259
-0.010303
-0.006154
-0.021429
-0.000625
-0.009412
-0.004800
-0.048333
-0.017500
-0.020000
0.005665
0.004706
-0.011505
-0.002577
-0.000316
0.005665
0.006071
0.000602
0.003017
-0.011746
0.009016
0.004780
-0.006082
0.000000
0.003704
0.002775
0.002989
0.011087
0.006562
0.006145
-0.002473
0.003333
0.004138
-0.006707
-0.024000
0.007500
0.014286
0.018667
-0.022581
-0.029600
0.020000
-0.009231
-0.033333
0.000000
-0.027143
0.002667
0.006667
0.049231
-0.004286
-0.055385
-0.028889
-0.030968
0.021429
-0.014400
-0.003200
-0.035172
0.013333
0.005600
0.038000
-0.003333
-0.006667
-0.005000
-0.026667
-0.007143
-0.012000
0.009333
0.021429
-0.014400
-0.028889
-0.030968
0.002500
0.004286
0.005714
0.000667
-0.025714
0.030400
-0.005385
0.001935
-0.002500
-0.040000
0.038667
0.010667
-0.005385
0.001935
-0.025714
0.030400
0.009630
-0.023529
0.012857
-0.006400
0.007500
0.014286
0.018667
-0.024000
-0.036000
-0.018000
-0.014545
0.020000
-0.027143
0.037500
0.025714
-0.028000
-0.020741
-0.004800
-0.021290
-0.018462
0.008000
-0.006250
-0.014286
-0.010667
-0.017333
-0.007692
0.006667
0.012308
0.000000
-0.027143
0.002667
-0.033333
0.012500
-0.019310
-0.005385
-0.003226
0.012857
-0.006400
0.009630
-0.023529
0.016522
-0.011852
-0.001290
0.001875
0.031034
0.018400
-0.016250
0.012258
0.009333
-0.026667
-0.007143
-0.012000
-0.025714
0.006154
0.001429
0.015714
0.010667
-0.002500
-0.040000
0.038667
-0.005385
-0.003226
0.012500
-0.019310
0.011429
0.008824
0.004000
-0.011034
0.037500
0.025714
-0.028000
-0.027143
-0.060000
0.002000
0.010909
0.005000
-0.007826
-0.004848
-0.004848
-0.001250
0.004000
-0.011034
0.011429
0.008824
-0.006250
-0.014286
-0.010667
0.008000
0.013333
0.005600
-0.003200
-0.035172
0.010189
-0.011200
0.003238
-0.001569
0.001835
-0.001359
0.003960
0.012871
0.021818
-0.001188
-0.017383
-0.005890
0.003050
-0.001961
-0.000525
-0.002410
-0.000531
-0.002172
0.007191
-0.000966
-0.005400
-0.002319
-0.004458
-0.001014
0.006944
0.012188
-0.014795
-0.014154
0.014167
0.006970
-0.010725
0.003030
-0.014795
-0.014154
0.006944
0.012188
-0.012113
-0.021538
-0.013043
0.009697
-0.010725
0.003030
0.014167
0.006970
-0.013043
0.009697
-0.012113
-0.021538
0.006534
-0.000431
0.006534
-0.000431
0.002587
0.003875
0.002587
0.003875
0.000433
-0.003008
0.000433
-0.003008
-0.006250
-0.006667
-0.006250
-0.006667
0.012381
-0.013846
0.012381
-0.013846
-0.006667
-0.006250
-0.006667
-0.006250
-0.014769
0.000635
-0.014769
0.000635
-0.013846
0.012381
-0.013846
0.012381
0.000635
-0.014769
0.000635
-0.014769
