0.001565
-0.003294
-0.001093
-0.001522
-0.000864
-0.001724
-0.004975
-0.004132
-0.006183
-0.004030
-0.004544
-0.001809
-0.006677
-0.005983
-0.002881
0.004634
-0.000032
-0.007177
0.000699
-0.000034
-0.001150
-0.005068
0.000726
-0.000911
-0.014211
-0.005455
0.010000
0.004103
0.033000
-0.002424
-0.008966
-0.013158
-0.010000
-0.007895
0.000357
0.015926
0.018537
0.014375
0.019273
-0.004286
0.019024
-0.024706
-0.007500
0.000339
-0.004000
-0.025882
-0.003846
0.005405
0.006400
0.023030
0.017647
-0.004138
0.030980
-0.017647
0.013333
0.004074
-0.006122
-0.007317
0.005862
-0.008000
-0.007347
0.027059
-0.014211
-0.007500
-0.001176
0.022424
-0.003103
0.007018
0.004706
0.000000
-0.032778
-0.008627
0.002107
-0.002986
0.004938
-0.001221
-0.000313
0.000724
-0.006944
0.003053
0.003485
-0.001265
-0.004706
0.000507
-0.001768
-0.003597
0.005279
0.001919
0.016471
-0.002609
-0.014231
0.001071
0.010286
0.001429
0.015862
-0.023774
0.004055
0.000664
0.001352
0.003714
0.022308
0.014815
0.005143
0.016000
-0.020800
0.043750
-0.012143
-0.012308
0.005557
0.003147
0.003792
0.000787
-0.006207
-0.048750
0.012727
0.000000
-0.003333
-0.005455
0.010000
-0.008333
0.006667
0.016667
-0.017714
0.010811
0.005455
0.008333
0.001379
0.003243
0.027429
-0.029000
0.020000
0.020333
0.015152
0.038333
-0.025161
-0.005405
0.020513
-0.011818
-0.010769
-0.011803
-0.005806
-0.020000
0.005714
0.007500
-0.020566
-0.004190
0.004231
0.013000
-0.009912
0.000943
0.001802
-0.015570
0.004220
-0.007843
-0.009204
0.012475
0.009495
-0.001849
0.011132
-0.003394
-0.001700
-0.008526
-0.001154
-0.004564
0.001923
-0.000165
-0.016842
0.011584
0.010157
0.000488
0.001468
-0.003636
-0.001554
-0.003655
0.000809
0.002295
-0.005907
-0.001146
-0.000819
-0.005967
-0.002703
0.000985
-0.002414
-0.013678
0.031667
0.015862
0.035385
-0.006667
-0.023226
-0.020000
0.037895
0.011200
-0.003529
0.014545
-0.003750
0.024000
-0.029565
0.040000
-0.007407
0.018889
-0.008776
-0.016318
0.009827
-0.003273
-0.015000
0.016364
0.009091
-0.017000
0.030000
0.014000
0.020000
0.013333
0.043636
0.005000
-0.045556
0.027778
0.027500
-0.016667
-0.004000
-0.002222
0.012193
-0.004121
0.004972
0.010055
-0.016471
-0.050000
-0.004375
-0.010345
-0.033333
0.021739
0.006667
-0.004286
-0.020000
0.012000
0.016774
-0.030000
0.038571
0.012000
0.020645
0.017333
-0.007379
0.001423
0.001162
0.002727
0.003107
0.005560
0.004019
-0.009436
-0.003628
-0.007597
-0.004670
0.002324
0.002913
0.011181
-0.007143
0.001386
0.000077
0.003252
-0.007200
-0.005126
-0.000859
-0.010488
-0.006128
-0.007397
-0.001667
0.028235
0.020833
-0.011111
0.004800
0.007925
0.021875
-0.006429
-0.011667
-0.006667
0.004186
0.002564
-0.003750
-0.041905
0.008000
0.000000
0.014444
0.002500
-0.014118
-0.009412
-0.005091
0.031579
-0.018182
0.005263
0.034545
0.029412
0.013333
0.021429
-0.011667
-0.004800
-0.004242
0.031111
0.004815
-0.031765
0.009767
0.012889
0.027273
-0.006667
-0.007273
-0.020000
0.042500
0.054737
0.012000
-0.031765
0.002909
0.007692
0.009697
-0.025000
-0.006730
-0.012000
0.005000
0.000297
0.008531
-0.003953
0.000360
0.001626
-0.003465
0.001719
0.002232
0.004257
-0.005748
0.001280
0.009474
-0.014208
0.007490
-0.002581
-0.013613
0.005677
0.008482
-0.006531
0.001026
0.001429
-0.002903
0.012593
0.001364
0.000426
-0.012222
-0.051429
-0.044000
-0.035000
-0.018462
0.002857
0.010909
-0.011250
0.020769
0.012830
0.000000
-0.038235
-0.007636
-0.023774
0.006818
0.000000
-0.052727
0.004286
-0.014000
-0.006154
-0.000339
0.006486
0.009655
0.006341
0.045000
0.051429
0.030667
0.035294
0.013333
-0.012000
0.004000
-0.008750
-0.006885
0.012105
-0.004706
-0.036923
0.012340
-0.006667
0.004375
0.000667
0.047273
-0.008571
0.008000
0.003077
0.001436
0.004231
-0.000901
0.012258
0.007500
0.004335
-0.002458
0.007528
-0.004870
-0.014271
-0.005763
0.003388
0.007097
-0.004677
0.013908
-0.004022
0.015556
-0.034000
0.001875
-0.018571
-0.015833
0.026000
-0.006897
0.031000
0.031579
-0.011333
0.035714
-0.015385
-0.008000
0.030769
-0.016250
0.027500
-0.013936
-0.009261
-0.002360
0.000787
-0.018333
-0.009091
0.000000
-0.005143
0.009000
-0.013600
-0.008000
-0.053846
0.014118
-0.032000
-0.008387
0.058462
0.039000
0.020000
0.017600
0.041250
0.002383
-0.003168
-0.000330
0.002400
-0.025600
-0.050000
-0.018750
-0.019231
0.030476
-0.024000
-0.009697
-0.027692
0.000606
0.012727
-0.042353
0.002759
-0.011579
-0.044000
0.003529
0.010000
-0.002769
0.003817
-0.003714
-0.008304
0.003024
0.000426
-0.004076
-0.010909
0.013096
0.010043
-0.007643
-0.008221
-0.002075
-0.008200
0.000381
0.016667
0.000000
0.006019
0.000990
0.013267
0.008545
-0.007129
0.001308
0.001233
0.002107
-0.002986
0.004938
-0.001221
-0.000313
0.000724
-0.006944
0.003053
0.003485
-0.001265
-0.004706
0.000507
0.016471
-0.002609
-0.014231
0.001071
0.010286
0.001429
0.015862
-0.023774
0.022308
0.014815
0.005143
0.016000
-0.020800
0.043750
-0.012143
-0.012308
-0.006207
-0.048750
0.012727
0.000000
-0.003333
-0.005455
0.010000
-0.008333
-0.004615
-0.014921
0.009882
0.005479
0.016970
0.024615
0.004941
0.022941
0.006667
0.016667
-0.017714
0.010811
0.009351
-0.001935
0.022059
-0.001149
0.005455
0.008333
0.001379
0.003243
-0.022338
-0.014154
0.028060
-0.004235
-0.038571
0.002319
-0.001882
0.000227
0.003056
0.006769
0.020952
-0.001096
0.014211
0.025714
-0.000698
-0.001818
0.027429
-0.029000
0.020000
0.020333
0.015152
0.038333
-0.025161
-0.005405
-0.014815
0.030968
-0.009697
-0.000230
0.002500
0.005846
-0.013012
-0.002198
-0.021176
0.007576
-0.005882
-0.038028
-0.005610
-0.005161
0.003023
-0.009663
0.020513
-0.011818
-0.010769
-0.011803
0.006923
-0.001250
-0.002985
0.002558
-0.005806
-0.020000
0.005714
0.007500
-0.011020
-0.014634
0.004000
-0.008197
0.001633
0.026190
0.003019
-0.019000
-0.010833
-0.006809
-0.021017
-0.011045
-0.014118
-0.011000
0.011852
-0.014426
-0.001852
-0.003636
-0.003871
0.004848
0.008511
0.007000
0.005600
-0.001333
-0.008095
-0.003261
0.006234
-0.008500
0.010000
0.018333
-0.023636
-0.016000
0.032000
-0.030909
0.023636
0.006000
-0.030000
0.027143
0.003636
-0.001818
0.024000
0.022963
-0.015000
0.000000
0.000698
-0.011277
-0.008451
0.015663
-0.030000
-0.029091
-0.001818
0.003750
-0.088000
0.027273
-0.018182
0.026000
0.043000
-0.013077
-0.021429
-0.036250
-0.026000
0.038667
0.020000
0.020000
0.009111
-0.002439
0.013016
-0.016111
0.042000
0.001333
-0.006667
0.004286
0.000000
0.006087
0.011250
0.022000
-0.045455
0.006000
0.038462
0.021333
0.010000
-0.004000
0.027273
0.000000
0.000769
-0.000244
-0.015294
0.028333
0.010000
-0.027273
0.029091
-0.022000
0.036364
0.023636
-0.046000
0.024000
-0.049474
0.032500
0.010667
-0.009091
-0.030000
-0.001333
0.016667
-0.021818
0.000513
0.012683
-0.012615
-0.005352
0.012000
0.023333
-0.008750
-0.004615
-0.002353
-0.030400
0.000000
-0.070000
0.016000
0.020000
-0.049091
0.016000
0.018000
0.018000
0.027273
0.023077
-0.008395
0.006835
-0.006667
0.008312
0.038667
0.022500
0.034545
0.000000
-0.043636
-0.007692
0.012000
0.016667
0.042000
0.020000
-0.034545
0.025455
0.021818
-0.004000
-0.009091
-0.046154
0.040000
-0.010769
0.037143
0.003077
0.000741
-0.010909
0.016364
0.023636
-0.010000
-0.050769
0.027143
-0.029091
-0.044000
0.054000
0.026000
-0.005455
0.042000
-0.001818
-0.006154
0.025714
0.014167
0.041538
0.020000
0.026000
0.063636
-0.004000
-0.022000
-0.006000
0.048333
0.037143
-0.046667
0.022000
-0.020000
0.006667
0.023333
-0.024000
-0.025455
-0.016000
-0.048000
-0.024000
-0.032000
-0.034545
0.044000
0.007692
-0.004375
-0.017333
0.024615
0.032000
0.021538
-0.014000
0.027059
-0.017391
-0.021818
0.006000
0.020000
0.063077
-0.002000
0.036000
0.038182
-0.020000
0.032000
-0.024615
0.040000
0.001667
-0.008000
0.001538
-0.004000
-0.030769
-0.028000
0.023636
0.002000
0.062000
0.025000
0.027500
0.033750
-0.043810
-0.004000
0.021818
0.026000
0.021667
-0.034000
-0.050000
0.060000
-0.022000
-0.010909
0.033333
0.020000
-0.050000
-0.030714
0.028333
0.004706
-0.008000
0.022000
-0.004000
0.030000
-0.015385
0.001565
-0.003294
-0.001093
-0.001522
-0.000864
-0.001724
-0.004975
-0.004132
-0.006183
-0.004030
-0.004544
-0.001809
-0.006677
-0.005983
-0.002881
0.004634
-0.000032
-0.007177
0.000699
-0.000034
-0.001150
-0.005068
0.000726
-0.000911
-0.005399
0.002866
-0.002003
-0.003969
-0.001768
-0.003597
0.005279
0.001919
-0.003370
-0.004598
0.003056
-0.002376
0.004055
0.000664
0.001352
0.003714
0.002979
0.005308
-0.000137
-0.007192
0.005557
0.003147
0.003792
0.000787
0.006697
0.002360
0.007391
-0.001798
0.011304
-0.004615
-0.004412
-0.004058
0.000588
-0.017576
-0.002609
-0.009275
-0.002300
0.001316
0.002717
-0.003862
-0.012571
-0.001159
-0.006301
-0.023077
0.016364
-0.004615
-0.014769
0.016615
0.003418
0.004531
0.002492
-0.002660
0.022059
0.031385
-0.006269
-0.025231
-0.005588
-0.008529
-0.003636
-0.012424
-0.004091
-0.016364
0.013208
-0.002041
-0.007273
0.025714
-0.041667
-0.020000
-0.018182
0.010769
-0.050000
0.018000
0.020000
0.025714
-0.052000
-0.012308
-0.024000
0.016842
-0.033333
-0.069091
-0.012609
-0.012800
-0.004528
0.004800
-0.058182
-0.023636
0.045000
-0.018462
-0.014000
0.011429
0.028000
0.047273
-0.010000
0.012222
0.012000
-0.028000
-0.016000
0.018462
-0.006000
-0.016364
-0.011837
0.008696
0.006275
0.004590
0.012000
0.002857
0.044000
-0.049091
0.026000
0.011765
0.004706
0.030000
-0.058182
-0.023636
-0.038333
-0.005000
0.034000
0.029231
-0.044000
-0.036000
-0.004545
-0.004348
0.000000
-0.014894
-0.016000
-0.010000
0.022000
0.004000
-0.007273
0.007273
0.020000
-0.010909
0.027273
-0.010526
-0.010667
-0.008000
0.012727
0.016923
-0.032000
0.010000
-0.030222
0.017872
-0.004000
0.003774
-0.020000
0.018333
0.040000
-0.015385
0.005455
0.017778
0.005556
-0.048000
-0.034000
-0.010000
0.014000
-0.072000
-0.001818
-0.041818
-0.038182
-0.016667
-0.023913
-0.023111
0.018113
0.007917
-0.006000
-0.001176
-0.005714
-0.017500
0.047273
0.000000
-0.008000
-0.001818
0.012000
0.010000
0.036000
-0.036364
-0.012727
-0.016000
-0.038333
0.003077
-0.012727
0.001538
-0.053846
0.007143
-0.044000
0.010909
0.002000
-0.026000
-0.012000
-0.032308
-0.076000
0.006667
0.005263
-0.006000
0.000000
0.056667
-0.024000
-0.072308
0.030769
-0.070000
0.001818
0.012000
-0.032000
0.030909
-0.021250
0.026000
0.007273
-0.005000
-0.004000
-0.023077
-0.026000
-0.012000
-0.006000
0.025000
0.016000
-0.026000
-0.032500
0.004286
0.015385
-0.009474
0.008000
0.044615
-0.025000
-0.057143
-0.038000
-0.014000
0.030000
0.034545
-0.016364
0.012727
-0.032000
-0.001818
-0.032727
-0.008333
0.045000
-0.014545
-0.030667
-0.012000
0.015000
-0.034737
-0.010000
-0.003333
0.030000
0.018333
-0.050000
-0.033846
0.018000
-0.021667
0.018824
-0.015714
0.020000
0.005000
0.026000
-0.008000
-0.024000
0.013333
0.026000
0.056667
0.030000
0.026667
0.048000
-0.034545
0.003077
0.034737
-0.032000
-0.001667
-0.004000
-0.028000
0.060000
-0.046000
0.010909
0.044615
-0.016364
-0.013333
0.016923
-0.016667
-0.014211
-0.005455
0.010000
0.004103
0.033000
-0.002424
-0.008966
-0.013158
-0.010000
-0.007895
0.000357
0.015926
0.018537
0.014375
0.019273
-0.004286
0.019024
-0.024706
-0.007500
0.000339
-0.004000
-0.025882
-0.003846
0.005405
0.016667
-0.023733
0.014211
0.002299
-0.004324
0.017037
-0.002632
-0.014713
-0.001176
-0.001765
0.018873
-0.005823
0.006400
0.023030
0.017647
-0.004138
0.002400
-0.005000
0.025507
0.003250
0.030980
-0.017647
0.013333
0.004074
-0.008529
0.012048
0.006753
-0.005405
-0.005000
-0.001622
-0.013151
-0.005507
-0.006122
-0.007317
0.005862
-0.008000
-0.003415
0.018529
-0.000235
-0.000482
-0.008684
0.000882
0.009254
0.003846
-0.007347
0.027059
-0.014211
-0.007500
0.011268
0.023514
-0.004000
0.008116
-0.008451
-0.005641
0.004110
-0.018108
-0.001176
0.022424
-0.003103
0.007018
-0.025783
0.013151
-0.007750
0.003133
0.004706
0.000000
-0.032778
-0.008627
-0.012750
0.007302
0.004118
-0.029737
-0.008068
0.006629
-0.000914
-0.002171
0.014514
0.007011
0.002184
-0.001600
0.002312
0.001954
0.012273
-0.000682
-0.020566
-0.004190
0.004231
0.013000
-0.009912
0.000943
0.001802
-0.015570
0.004220
-0.007843
-0.009204
0.012475
0.001436
0.004231
-0.000901
0.012258
0.007500
0.004335
-0.002458
0.007528
-0.004870
-0.014271
-0.005763
0.003388
0.007097
-0.004677
0.013908
-0.004022
0.015556
-0.034000
0.001875
-0.018571
-0.015833
0.026000
-0.006897
0.031000
0.031579
-0.011333
0.035714
-0.015385
-0.008000
0.030769
-0.016250
0.027500
-0.013936
-0.009261
-0.002360
0.000787
-0.018333
-0.009091
0.000000
-0.005143
0.009000
-0.013600
-0.008000
-0.053846
0.014118
-0.032000
-0.008387
0.058462
0.039000
0.020000
0.017600
0.041250
0.002383
-0.003168
-0.000330
0.002400
-0.025600
-0.050000
-0.018750
-0.019231
0.030476
-0.024000
-0.009697
-0.027692
0.000606
0.012727
-0.042353
0.002759
-0.011579
-0.044000
0.003529
0.010000
-0.007379
0.001423
0.001162
0.002727
0.003107
0.005560
0.004019
-0.009436
-0.003628
-0.007597
-0.004670
0.002324
-0.015465
0.002186
0.010978
0.005422
0.004526
0.020894
0.001714
0.012099
0.002913
0.011181
-0.007143
0.001386
0.007861
0.001099
0.000670
-0.010843
-0.004149
0.007784
-0.009419
-0.002112
0.000077
0.003252
-0.007200
-0.005126
-0.004262
-0.002391
0.006702
-0.006923
0.000417
-0.003086
-0.010233
0.000682
-0.000859
-0.010488
-0.006128
-0.007397
-0.005714
0.004615
0.010000
-0.013571
0.036800
-0.012000
-0.012593
-0.019167
0.049091
0.007500
-0.010000
-0.003750
0.004286
0.024375
0.013846
0.004444
-0.015556
0.046250
0.014000
-0.009565
-0.003846
-0.005833
-0.004167
-0.022400
-0.001290
0.007586
-0.023529
0.008148
0.010000
-0.008000
0.022667
0.031579
0.023200
-0.011429
0.015714
0.027826
-0.025000
-0.032222
-0.046207
-0.013333
-0.008889
0.021429
-0.015294
0.001176
0.035862
0.009630
-0.021935
-0.017778
-0.021600
-0.040800
0.009231
0.008966
-0.038462
-0.030000
0.002963
-0.036154
0.001818
-0.004000
0.001818
-0.023333
-0.011429
0.001818
-0.004615
0.009630
0.013600
-0.017692
-0.004000
0.000870
-0.009231
0.002400
-0.061538
-0.018519
-0.001429
0.010303
0.029714
0.026923
0.040000
0.040000
0.000000
0.033333
0.014194
0.016364
0.000000
-0.017500
0.034667
-0.054667
-0.016154
0.004211
-0.032500
-0.001429
-0.006250
0.001176
-0.011852
-0.005385
-0.014667
0.000000
-0.006000
0.036923
0.005000
0.012500
-0.010370
0.014815
0.000000
-0.021600
0.007222
-0.003704
0.011515
-0.003125
0.030667
-0.004444
-0.034667
0.044000
0.015172
0.013333
0.008462
-0.030714
-0.034000
-0.012000
-0.028000
0.020000
0.016000
0.034000
-0.022000
-0.032000
0.056000
-0.036000
-0.026000
-0.002000
-0.011667
-0.014000
-0.060000
0.014000
-0.044000
-0.008421
-0.045000
0.007500
0.000000
-0.014000
-0.012000
-0.006000
0.020000
-0.018000
-0.044000
0.060000
0.010000
0.022000
-0.024000
0.006000
0.012000
-0.004000
-0.022000
-0.030000
-0.003333
-0.038333
-0.008462
-0.019231
-0.030000
0.018000
0.054000
0.006000
0.054000
0.030909
0.008000
-0.002000
0.016000
-0.012000
0.022000
0.045455
0.052000
0.062000
0.044000
-0.040000
0.006087
0.014783
-0.017895
0.026400
-0.020000
-0.012000
0.028000
-0.012000
-0.024000
0.030000
-0.040000
0.020000
0.012000
0.040000
-0.040000
0.030000
-0.018000
-0.028000
0.008000
-0.022000
0.020000
-0.025333
0.020000
-0.021250
-0.006286
-0.031429
0.012143
0.018065
0.002000
0.002667
0.012727
0.045000
-0.011111
-0.018462
0.006667
-0.030435
-0.014167
-0.021739
0.000000
-0.011304
0.060000
-0.002000
-0.032000
0.000000
-0.022000
0.006667
0.008000
-0.010000
0.006000
-0.028000
0.094000
-0.026000
-0.040000
-0.038000
-0.050000
-0.036000
-0.045833
-0.010714
0.021379
0.000000
-0.008000
0.000000
-0.064000
0.032000
0.004000
-0.030000
-0.002000
-0.022000
0.000000
-0.030000
-0.022000
0.000000
-0.007273
0.025455
-0.016000
0.030000
0.017857
0.015714
0.020800
-0.013077
-0.001818
-0.008000
0.000000
-0.010000
0.000000
-0.098000
0.028000
0.014000
0.002000
-0.028000
0.030000
-0.040000
-0.036000
0.004000
-0.062000
-0.012000
0.007500
0.010000
0.009000
0.022727
-0.026000
-0.002000
-0.014000
-0.038000
-0.038000
-0.006000
-0.030000
-0.016000
0.022000
0.042000
-0.028000
0.036000
0.018000
-0.006000
0.002000
0.046000
-0.008276
0.002759
0.013333
-0.016129
0.018000
-0.018182
0.022000
0.005455
-0.030000
0.004706
0.021333
0.025000
0.004571
0.003571
0.017600
0.002667
-0.001250
0.001600
0.000741
-0.044348
-0.008000
0.008000
-0.014000
0.016000
-0.034000
-0.010000
0.000000
-0.010000
-0.054000
-0.050000
-0.002000
-0.004000
0.048000
-0.018000
0.008000
0.060000
-0.016552
0.006667
0.000000
0.004615
0.010000
-0.036000
-0.006000
0.072000
-0.010000
-0.040000
0.000000
0.056000
-0.020000
-0.022000
-0.048000
0.008000
-0.014000
0.034000
-0.038000
-0.028000
-0.028000
-0.010833
-0.004444
-0.007742
-0.030000
0.042000
0.032000
0.010000
-0.028000
0.016000
-0.032000
0.014000
-0.028000
0.002000
0.002000
0.010000
-0.058000
0.010000
0.026000
-0.010000
0.006087
-0.023478
0.020000
-0.025185
0.006000
0.042000
0.000000
-0.022000
-0.002000
-0.034000
0.034000
0.002000
-0.024000
0.052727
-0.004000
0.000000
-0.020000
0.022000
0.014000
0.002000
-0.006730
-0.012000
0.005000
0.000297
0.008531
-0.003953
0.000360
0.001626
-0.003465
0.001719
0.002232
0.004257
-0.014798
0.007594
0.004946
-0.003436
0.006947
-0.007977
0.002024
-0.005542
-0.005748
0.001280
0.009474
-0.014208
-0.005810
-0.012275
-0.006839
0.004585
0.007216
-0.001573
-0.002130
-0.009480
0.007490
-0.002581
-0.013613
0.005677
-0.003448
0.002283
0.003958
-0.007349
-0.004946
0.012414
-0.011034
-0.000120
0.008482
-0.006531
0.001026
0.001429
0.008235
-0.001250
-0.020000
0.000870
-0.006429
0.015385
-0.011429
0.020833
0.026000
-0.008000
-0.008000
0.017931
0.011111
-0.016000
-0.034286
-0.006250
0.006897
-0.023333
0.026154
0.016000
-0.013913
0.050833
-0.033636
-0.009167
-0.020000
-0.001667
-0.023158
0.007143
-0.001333
0.030000
-0.007692
-0.002222
0.007692
-0.010833
0.016667
0.044000
0.019259
0.016154
0.004286
0.016429
-0.025333
-0.004571
-0.021111
-0.014615
-0.009091
-0.003333
-0.038000
-0.024286
0.033333
-0.011250
0.003571
-0.014444
-0.001333
-0.029091
-0.011429
0.046364
0.009655
0.019231
-0.001212
-0.008148
0.011250
0.035714
0.041333
-0.005000
-0.021333
0.031429
0.000000
0.037500
0.020000
-0.045882
-0.020000
0.018889
0.006667
-0.016000
0.048750
-0.018750
-0.020667
0.021600
-0.003226
-0.042400
0.007692
-0.004615
0.000000
-0.037143
0.018519
-0.014615
0.013333
-0.000667
0.024138
-0.024118
0.011429
-0.003333
0.003636
0.024615
0.044000
0.017143
0.015000
-0.036154
0.022286
0.000588
0.013333
-0.007778
0.002667
0.002857
-0.012000
-0.041818
0.040000
-0.029231
-0.028000
0.013103
-0.041538
0.024286
-0.019200
0.010435
-0.006400
0.000000
0.014000
0.030000
-0.027273
0.002000
-0.056000
-0.012000
-0.022000
0.068000
0.014000
-0.016000
0.040000
0.040000
-0.030000
-0.058000
0.040000
-0.016364
-0.034545
-0.024800
-0.002105
-0.024000
0.090000
0.001667
-0.010000
-0.018000
-0.006000
-0.012000
-0.022000
0.044000
-0.042000
0.032000
0.018000
-0.014000
-0.014000
0.028000
0.058000
0.000000
-0.021333
-0.022857
-0.007200
-0.013600
-0.004000
0.022000
-0.044000
0.002000
0.042000
0.010000
0.026000
0.024000
0.006000
0.024000
-0.054000
-0.004000
0.000000
0.048000
-0.008000
0.078000
-0.022500
-0.007368
-0.025000
0.008800
0.002000
-0.010000
-0.046000
0.064000
-0.036000
0.026000
-0.024000
-0.052000
-0.016000
-0.006000
-0.004000
-0.038000
-0.020000
-0.040000
-0.010000
-0.022000
-0.054815
-0.022759
0.004516
-0.017419
-0.002000
-0.038000
0.012000
0.038000
-0.000571
0.003846
-0.002963
0.013333
-0.014667
0.029474
-0.037333
0.002667
-0.011250
0.013333
-0.004762
-0.036154
0.034000
0.014000
-0.038000
-0.060000
0.054000
0.030000
-0.024000
-0.050000
0.056000
0.026000
-0.046000
0.030000
-0.006000
-0.002000
-0.008000
-0.014000
0.014815
0.006207
-0.013846
0.026667
0.000000
0.092000
0.036000
0.026000
-0.010000
-0.020000
0.040000
0.010000
0.002000
-0.016000
0.084000
0.004000
0.010000
0.022000
-0.028000
0.080000
-0.003846
-0.018462
-0.003200
0.007857
-0.012000
0.042000
0.074000
-0.016364
0.054000
0.020000
0.044000
0.058000
-0.024000
-0.024000
-0.020000
0.032000
0.006000
0.012000
-0.028000
0.024000
0.001600
-0.012000
-0.019048
-0.007742
-0.004000
0.044000
0.026000
-0.016000
0.030000
-0.022000
-0.014000
0.024000
0.030000
0.001818
0.058000
-0.012000
0.012000
0.048000
0.044000
-0.002000
-0.017143
0.012941
-0.020000
-0.005333
0.004000
0.013333
-0.022963
0.018667
0.011667
0.013793
-0.005517
0.003077
0.046000
-0.014000
-0.038000
0.014545
0.012632
0.028800
0.019091
0.022500
0.026000
0.002000
0.008000
-0.032000
0.018000
-0.046667
-0.042000
0.010000
-0.016000
-0.004000
0.016000
-0.040000
-0.020000
-0.008000
0.052000
-0.054000
0.004615
-0.003704
0.022222
-0.018571
0.018000
-0.076000
0.036000
-0.032000
-0.040000
0.032000
-0.008000
0.020000
-0.076000
-0.024000
0.024000
0.062000
0.040000
0.022000
-0.064000
-0.026000
0.006667
0.001000
-0.020952
0.012000
-0.012000
0.042000
0.022000
-0.004000
0.070000
0.028000
0.020000
0.040000
-0.060000
0.008000
-0.028000
0.016000
-0.040000
0.062000
0.026000
-0.002000
-0.007407
0.008571
0.000000
-0.025833
-0.025455
-0.024000
-0.014000
0.026000
-0.038000
0.002000
0.048000
0.016000
0.034000
-0.022000
0.012000
0.062000
0.024000
-0.022000
-0.040000
-0.028000
0.010157
0.000488
0.001468
-0.003636
-0.001554
-0.003655
0.000809
0.002295
-0.005907
-0.001146
-0.000819
-0.005967
-0.002703
0.000985
-0.002414
-0.013678
0.031667
0.015862
0.035385
-0.006667
-0.023226
-0.020000
0.037895
0.011200
-0.003529
0.014545
-0.003750
0.024000
-0.029565
0.040000
-0.007407
0.018889
-0.008776
-0.016318
0.009827
-0.003273
-0.015000
0.016364
0.009091
-0.017000
0.030000
0.014000
0.020000
0.013333
0.043636
0.005000
-0.045556
0.027778
0.027500
-0.016667
-0.004000
-0.002222
0.012193
-0.004121
0.004972
0.010055
-0.016471
-0.050000
-0.004375
-0.010345
-0.033333
0.021739
0.006667
-0.004286
-0.020000
0.012000
0.016774
-0.030000
0.038571
0.012000
0.020645
0.017333
-0.002075
-0.008200
0.000381
0.016667
0.000000
0.006019
0.000990
0.013267
0.008545
-0.007129
0.001308
0.001233
0.002197
0.014270
0.003575
0.003200
-0.011744
0.004571
-0.006816
-0.012114
0.002428
-0.015886
-0.010562
-0.001250
0.002107
-0.002986
0.004938
-0.001221
-0.000313
0.000724
-0.006944
0.003053
0.003485
-0.001265
-0.004706
0.000507
0.001565
-0.003294
-0.001093
-0.001522
-0.000864
-0.001724
-0.004975
-0.004132
-0.006183
-0.004030
-0.004544
-0.001809
-0.006677
-0.005983
-0.002881
0.004634
-0.000032
-0.007177
0.000699
-0.000034
-0.001150
-0.005068
0.000726
-0.000911
0.016667
-0.023733
0.014211
0.002299
-0.004324
0.017037
-0.002632
-0.014713
-0.011020
-0.014634
0.004000
-0.008197
-0.001176
-0.001765
0.018873
-0.005823
0.001633
0.026190
0.003019
-0.019000
0.002400
-0.005000
0.025507
0.003250
-0.008529
0.012048
0.006753
-0.005405
-0.005000
-0.001622
-0.013151
-0.005507
-0.010833
-0.006809
-0.021017
-0.011045
-0.003415
0.018529
-0.000235
-0.000482
-0.014118
-0.011000
0.011852
-0.014426
-0.008684
0.000882
0.009254
0.003846
0.011268
0.023514
-0.004000
0.008116
-0.008451
-0.005641
0.004110
-0.018108
-0.001852
-0.003636
-0.003871
0.004848
-0.025783
0.013151
-0.007750
0.003133
0.008511
0.007000
0.005600
-0.001333
-0.012750
0.007302
0.004118
-0.029737
-0.015588
0.005970
-0.017353
0.020000
-0.009851
-0.014054
0.012188
-0.009333
-0.001370
-0.011864
-0.013125
-0.010357
-0.018462
0.010545
-0.001695
-0.005185
-0.004687
-0.011071
-0.018033
0.008929
-0.011818
0.014333
-0.001905
-0.025517
0.020597
-0.006000
0.006462
-0.017101
-0.020000
-0.020000
0.005455
-0.064000
-0.036000
-0.050000
-0.044000
-0.041667
0.020000
0.021538
0.000000
-0.014000
0.007778
-0.005455
0.012000
-0.034545
-0.017143
-0.015211
-0.027187
-0.002353
-0.028000
0.024000
0.038000
0.008000
-0.022000
0.026154
0.016364
0.014000
-0.026667
0.038095
0.000000
-0.028000
0.008000
0.017333
0.016364
0.028000
0.080000
0.003636
-0.058000
-0.027273
0.050000
0.003636
0.056364
-0.054000
0.001818
0.003077
-0.025714
-0.029091
0.034400
0.018000
-0.041818
-0.016923
0.000000
0.008000
-0.006000
-0.016364
-0.010000
-0.028000
-0.024000
-0.016667
0.014000
0.030000
0.050000
0.004000
0.114000
0.028000
-0.034000
0.014000
-0.004000
-0.034545
-0.016000
0.003636
0.023333
-0.052000
-0.001818
-0.036000
0.005455
-0.018182
0.027692
-0.018462
0.011200
0.022000
0.014545
-0.012857
0.004000
0.014000
-0.016364
-0.033333
-0.003636
-0.054000
-0.052000
-0.056000
0.010000
-0.025455
0.038000
-0.026000
0.008000
-0.020000
0.040000
-0.066000
-0.004789
-0.006866
0.030645
-0.014737
0.004000
-0.062857
0.017500
0.005000
-0.048750
-0.016842
-0.027500
0.024000
0.004000
0.014000
0.030000
0.050000
0.032000
-0.014000
0.010000
0.000000
-0.005714
0.005000
-0.005172
0.011228
-0.012000
-0.010000
-0.046000
-0.040000
0.048000
-0.004000
-0.041818
-0.018000
-0.065882
-0.030000
0.012000
0.036364
0.044000
-0.042353
0.052727
0.028000
-0.031667
0.014000
0.047273
-0.048000
-0.016000
0.034545
-0.004000
0.000000
-0.020000
0.005455
-0.064000
-0.020000
-0.001818
-0.010000
-0.032000
-0.004000
0.024000
-0.028333
0.008000
-0.038000
0.004000
0.000000
0.014545
-0.012000
0.010909
0.012727
-0.038182
0.005000
-0.006400
0.036000
-0.023077
-0.012308
-0.005455
-0.013333
-0.045455
0.003333
-0.006000
-0.032727
0.018000
-0.002000
-0.013913
0.026000
0.011250
0.000000
0.010909
-0.020000
0.027273
0.036364
0.064000
0.010000
0.014545
-0.040000
-0.038182
0.004000
0.014000
0.028000
0.004000
0.006000
0.052000
-0.020000
-0.034000
0.012000
0.032000
0.042000
-0.003143
0.000606
-0.004746
-0.012414
-0.032000
-0.018571
0.000000
0.034545
-0.012500
-0.010526
0.006667
0.004286
-0.006000
-0.042000
0.018000
0.005455
-0.066000
0.008000
-0.020000
0.040000
-0.006857
-0.016825
-0.012063
0.010175
-0.002500
-0.005263
0.050000
-0.024000
0.054000
0.015385
0.040000
-0.010000
0.050000
-0.007273
0.022000
0.010909
0.042000
-0.034000
0.012000
0.032000
0.025455
-0.018182
-0.006000
-0.022000
-0.038000
-0.014545
-0.012000
-0.046667
0.024000
0.038000
0.008000
-0.028000
-0.022000
-0.038000
0.052000
0.004000
-0.009091
0.010000
0.029091
0.022000
0.034000
0.033333
-0.008000
-0.026000
0.027500
0.002000
0.016667
0.035000
0.036364
0.076000
-0.030000
-0.060000
0.070000
0.030000
-0.003636
0.015000
-0.070909
-0.030000
0.030000
0.004000
0.000000
0.002000
0.068000
-0.004000
-0.004000
-0.041818
-0.018000
0.048000
0.006667
-0.042000
-0.003636
-0.026667
0.032000
0.029091
0.022000
0.036000
0.029167
-0.002000
0.000000
-0.017647
0.032727
-0.028000
0.028000
0.066667
-0.005399
0.002866
-0.002003
-0.003969
-0.003370
-0.004598
0.003056
-0.002376
0.002979
0.005308
-0.000137
-0.007192
0.009983
-0.011310
0.009983
-0.011310
0.006697
0.002360
0.007391
-0.001798
-0.004615
-0.014921
0.009882
0.005479
0.016970
0.024615
0.004941
0.022941
0.011304
-0.004615
-0.004412
-0.004058
0.009351
-0.001935
0.022059
-0.001149
0.000588
-0.017576
-0.002609
-0.009275
-0.022338
-0.014154
0.028060
-0.004235
-0.007728
0.007849
-0.007728
0.007849
-0.002300
0.001316
0.002717
-0.003862
-0.038571
0.002319
-0.001882
0.000227
0.003056
0.006769
0.020952
-0.001096
-0.012571
-0.001159
-0.006301
-0.023077
0.014211
0.025714
-0.000698
-0.001818
0.016364
-0.004615
-0.014769
0.016615
-0.014815
0.030968
-0.009697
-0.000230
-0.004526
0.002645
-0.004526
0.002645
0.003418
0.004531
0.002492
-0.002660
0.002500
0.005846
-0.013012
-0.002198
-0.021176
0.007576
-0.005882
-0.038028
0.022059
0.031385
-0.006269
-0.025231
-0.005610
-0.005161
0.003023
-0.009663
-0.005588
-0.008529
-0.003636
-0.012424
0.006923
-0.001250
-0.002985
0.002558
0.014154
0.002353
0.007018
-0.012698
-0.006061
0.008824
-0.004407
-0.019016
-0.011111
0.002963
0.006441
-0.017931
0.001587
-0.003396
-0.019259
-0.012203
0.004923
-0.001154
-0.005357
-0.000702
0.002540
0.007778
0.025517
0.004138
-0.025397
-0.006452
0.009123
0.005283
-0.006000
0.026000
-0.045455
0.014000
-0.016364
0.016000
0.016000
-0.026000
0.064000
0.034000
-0.074000
-0.010000
0.018000
-0.014000
0.013846
-0.021538
-0.007937
0.000000
0.012500
0.003846
0.024000
0.006000
0.028000
-0.006000
-0.006000
-0.012000
-0.006000
-0.006000
0.045455
0.022222
-0.038462
0.010909
-0.006000
-0.004000
-0.048000
0.012000
-0.018000
-0.020000
-0.018000
-0.020000
0.016000
-0.032000
0.012000
0.036000
-0.004000
-0.020000
-0.025000
-0.030000
0.038000
-0.004000
-0.060000
0.038000
0.023750
-0.046154
-0.005455
0.014667
0.020000
-0.036000
-0.054000
-0.016000
0.005455
-0.032000
0.014000
-0.056000
0.032308
0.022000
-0.032727
0.022857
-0.008000
-0.012000
-0.008000
-0.012000
-0.026000
-0.004000
-0.024000
0.012000
0.010000
-0.034000
0.018333
-0.030000
-0.002000
-0.026000
0.049091
0.006000
-0.012000
0.026000
-0.002000
0.014000
-0.042667
-0.041667
-0.020909
-0.008235
0.035000
0.016364
0.061818
-0.020000
0.010909
0.040000
0.006000
-0.050000
0.008529
-0.010164
-0.004138
-0.005373
-0.032000
-0.002000
0.030000
-0.008000
0.001667
-0.000952
-0.004000
-0.043333
0.062000
-0.006000
0.026000
0.022000
0.006000
0.032000
0.028000
0.004000
-0.020299
-0.021538
0.005091
-0.005455
0.094000
0.036000
0.002000
0.034000
0.026000
-0.018000
0.056000
-0.002000
0.018182
-0.050526
0.026154
-0.021250
0.042000
-0.046667
-0.008000
-0.030000
-0.014118
-0.011429
-0.013043
0.022222
-0.052000
-0.068000
-0.038000
0.028000
-0.005455
0.016000
0.010000
0.002000
-0.064000
0.014286
-0.036923
-0.006667
-0.034000
0.014000
-0.034000
0.014000
0.022000
-0.030000
0.012000
-0.046000
-0.014000
-0.028000
0.005455
0.012000
0.048000
0.002000
0.016000
0.024000
-0.024000
0.012000
-0.026000
-0.004000
0.052727
-0.016000
0.052727
-0.016000
0.052000
-0.042000
-0.018000
-0.018000
0.052000
-0.034000
-0.020000
-0.022000
0.008000
0.044000
0.046000
0.032000
-0.077143
0.034118
0.018261
-0.030667
0.027273
0.080000
-0.009231
0.030000
-0.038000
0.014000
0.042000
-0.012000
-0.018551
0.011818
-0.010526
0.002778
0.012000
0.009091
-0.010909
-0.066000
0.000000
-0.013684
-0.003529
0.016667
0.000000
0.012000
-0.038000
-0.004000
0.016000
-0.026000
0.004000
-0.054000
0.006250
-0.042857
-0.006786
0.006923
0.014000
-0.004000
-0.028333
0.001333
-0.022000
-0.056364
-0.012000
-0.014000
-0.008000
-0.006000
-0.012727
-0.006000
-0.014000
-0.008000
-0.016000
0.010000
-0.021250
0.003750
-0.019091
0.006316
-0.028000
0.010000
0.018000
-0.004000
0.003636
0.032000
-0.028000
-0.018182
-0.004615
0.000000
0.018462
0.035000
0.012000
-0.046000
0.022000
-0.030000
-0.052000
-0.022000
-0.052000
-0.022000
0.010000
0.028000
0.016000
0.034000
-0.004000
-0.036000
0.003636
-0.016000
-0.018000
-0.026000
-0.014000
-0.028000
-0.021333
-0.027143
0.015238
0.005882
0.013333
0.024000
0.031667
0.002857
-0.024000
0.038000
-0.012727
-0.034000
0.012000
0.036000
0.016000
-0.032000
-0.044000
-0.004000
-0.044000
-0.004000
-0.034000
0.006000
-0.022000
-0.010000
-0.028000
-0.026000
0.015000
-0.010000
-0.020566
-0.004190
0.004231
0.013000
-0.009912
0.000943
0.001802
-0.015570
0.004220
-0.007843
-0.009204
0.012475
-0.015465
0.002186
0.010978
0.005422
0.004526
0.020894
0.001714
0.012099
0.007861
0.001099
0.000670
-0.010843
-0.004149
0.007784
-0.009419
-0.002112
-0.004262
-0.002391
0.006702
-0.006923
0.000417
-0.003086
-0.010233
0.000682
0.046400
-0.015758
0.043704
0.020800
0.021600
0.030667
0.017241
0.016923
-0.078000
0.000000
0.037778
0.036250
0.009333
0.001333
0.018824
-0.021333
-0.018571
-0.018667
0.040000
-0.012941
-0.011613
0.016000
-0.013333
-0.029231
-0.021429
-0.034667
-0.012000
-0.005000
-0.001333
0.024615
-0.062857
0.035714
0.008571
0.005185
-0.028696
0.018710
-0.023750
-0.005333
-0.009333
-0.002857
0.043704
0.020800
0.046400
-0.015758
0.003846
-0.021481
-0.003636
0.006857
0.009333
-0.016000
0.023750
-0.016129
-0.021333
0.009333
0.001333
0.018824
-0.054667
0.041538
-0.033750
-0.002667
-0.002857
-0.023750
-0.005333
-0.009333
0.037692
-0.018750
-0.012143
-0.012414
0.022222
0.016970
0.016667
0.014000
0.000000
0.000000
-0.028000
0.029091
-0.037333
-0.005333
0.024706
0.001333
0.004615
0.002353
0.009697
0.041765
-0.012143
-0.012414
0.037692
-0.018750
0.017241
0.016923
0.021600
0.030667
-0.036000
-0.033333
-0.058667
-0.014286
-0.028696
0.018710
0.008571
0.005185
0.012500
0.002500
-0.041600
-0.026667
-0.018667
0.040000
-0.012941
-0.018571
0.020000
0.021818
0.032000
0.018182
0.006897
0.023200
0.024516
-0.020769
0.001333
-0.037333
-0.005333
0.024706
-0.068571
0.030769
-0.004286
0.025333
-0.014286
-0.036000
-0.033333
-0.058667
-0.034667
-0.012000
-0.005000
-0.021429
0.016667
0.014000
0.022222
0.016970
0.033846
0.030000
-0.009375
-0.018235
-0.041600
-0.026667
0.012500
0.002500
-0.014798
0.007594
0.004946
-0.003436
0.006947
-0.007977
0.002024
-0.005542
-0.005810
-0.012275
-0.006839
0.004585
0.007216
-0.001573
-0.002130
-0.009480
-0.003448
0.002283
0.003958
-0.007349
-0.004946
0.012414
-0.011034
-0.000120
-0.024000
-0.021250
-0.007143
0.021333
-0.014194
-0.004800
0.044516
-0.008462
-0.022667
0.006250
0.040000
0.026667
-0.009333
-0.023077
-0.015714
-0.049231
0.011111
-0.026452
0.040714
0.028000
0.015200
-0.010345
0.023333
0.016800
0.038000
0.013333
-0.020000
-0.048333
0.000000
-0.001429
0.018667
0.006667
0.040714
0.028000
0.011111
-0.026452
0.012500
-0.022857
-0.025714
-0.017333
0.005714
-0.024000
-0.023846
-0.016129
-0.012500
-0.028571
0.022667
0.008000
-0.023846
-0.016129
0.005714
-0.024000
0.008889
0.015294
0.013571
0.003200
-0.021250
-0.007143
0.021333
-0.024000
-0.028000
0.020000
0.023636
-0.003636
-0.002857
0.005000
0.042857
0.052000
-0.008889
0.001600
-0.005161
-0.033846
-0.020000
0.002500
-0.030000
0.029333
-0.033333
-0.001538
0.004000
0.029231
0.006250
0.040000
0.026667
-0.022667
0.025000
0.017241
-0.050769
-0.003871
0.013571
0.003200
0.008889
0.015294
0.004348
0.015556
0.023871
-0.010625
-0.031034
-0.004000
-0.010000
-0.032903
0.006667
0.000000
-0.001429
0.018667
-0.047143
0.020000
-0.042857
0.005714
0.008000
-0.012500
-0.028571
0.022667
-0.050769
-0.003871
0.025000
0.017241
-0.010000
-0.008824
0.013600
-0.004828
0.005000
0.042857
0.052000
-0.002857
-0.010000
-0.004000
0.032727
0.001667
-0.036522
0.005455
0.023636
0.021250
0.013600
-0.004828
-0.010000
-0.008824
0.002500
-0.030000
0.029333
-0.020000
0.023333
0.016800
0.015200
-0.010345
-0.002075
-0.008200
0.000381
0.016667
0.000000
0.006019
0.000990
0.013267
0.008545
-0.007129
0.001308
0.001233
0.002107
-0.002986
0.004938
-0.001221
-0.000313
0.000724
-0.006944
0.003053
0.003485
-0.001265
-0.004706
0.000507
0.000556
0.011562
0.027123
-0.009846
-0.028333
0.010303
-0.010725
-0.014848
0.027123
-0.009846
0.000556
0.011562
-0.018310
0.007077
-0.004638
-0.009697
-0.010725
-0.014848
-0.028333
0.010303
-0.004638
-0.009697
-0.018310
0.007077
0.009983
-0.011310
0.009983
-0.011310
-0.007728
0.007849
-0.007728
0.007849
-0.004526
0.002645
-0.004526
0.002645
0.007500
0.002857
0.007500
0.002857
-0.009841
0.009846
-0.009841
0.009846
0.002857
0.007500
0.002857
0.007500
0.006154
0.015238
0.006154
0.015238
0.009846
-0.009841
0.009846
-0.009841
0.015238
0.006154
0.015238
0.006154
