-0.089417
-0.088647
-0.080199
-0.084592
-0.075529
-0.074146
-0.075462
-0.078645
-0.103136
-0.109896
-0.102819
-0.102111
-0.065679
-0.072605
-0.071108
-0.068634
-0.061524
-0.065680
-0.066322
-0.065311
-0.115016
-0.116905
-0.116564
-0.119730
-0.029474
-0.024242
0.000690
0.006667
0.000000
0.014545
-0.010000
0.019474
-0.009130
-0.020000
-0.010714
0.030370
0.020000
-0.013125
0.004000
-0.013333
-0.003902
0.008824
0.003929
0.004746
-0.003000
0.028235
0.001538
-0.005405
-0.002000
0.026667
-0.038235
-0.019655
0.004314
-0.024118
-0.000556
-0.023704
-0.003265
-0.012683
-0.032759
-0.050182
-0.017551
0.000000
-0.021053
-0.020000
0.011765
-0.004242
0.022414
-0.001053
0.027843
0.017143
0.013333
-0.012157
0.029214
0.021961
0.032901
0.030673
0.027656
0.034238
0.034969
0.033146
0.018022
0.019127
0.014706
0.016735
0.025531
0.028218
0.022933
0.031488
0.030588
0.018261
0.037308
0.017500
-0.012571
-0.016429
-0.003793
0.012453
0.029897
0.028776
0.025095
0.029750
0.038462
0.034074
0.042286
0.016000
0.013600
-0.028750
-0.000714
0.010769
0.009674
0.016119
0.013309
0.010912
-0.002759
0.016250
-0.007879
0.027857
-0.006667
0.022727
0.002000
0.023889
0.033333
0.050000
-0.003429
0.036757
-0.015152
0.011667
-0.009655
0.001081
0.044571
0.028000
-0.001091
0.030667
-0.005455
0.001667
-0.021935
-0.002162
0.012308
-0.020000
-0.017692
0.000000
0.010968
-0.008000
0.032143
0.010625
-0.017736
0.000571
-0.005577
-0.020000
-0.019823
-0.018302
-0.025225
-0.012081
0.005321
-0.020392
0.005841
-0.023960
0.004646
-0.002269
-0.003774
0.004848
-0.001800
-0.001434
-0.022308
0.008591
0.013942
0.029712
0.023275
0.022353
0.006911
0.014634
0.015963
0.026738
-0.011399
0.003959
-0.015376
-0.006448
0.001554
-0.000104
0.000117
0.008619
0.017730
-0.002266
0.006092
0.003908
0.004167
-0.006897
0.020000
-0.005000
-0.019355
-0.005455
0.003158
0.011200
0.022353
-0.012727
-0.005000
-0.006667
-0.026957
-0.004000
0.008148
-0.002222
0.008673
-0.000100
0.006127
-0.001000
-0.015000
0.020000
-0.003030
0.025000
0.023333
-0.002000
0.035333
0.030667
-0.024545
-0.005714
-0.001111
0.004444
0.022500
0.040000
-0.012000
-0.022222
-0.004813
-0.018191
-0.007293
0.000552
-0.022353
0.002000
0.019375
-0.022069
0.031429
-0.033043
-0.024444
0.004286
0.007826
-0.022000
0.043226
-0.026250
-0.061429
-0.044000
0.012903
-0.010667
0.003786
-0.001423
0.007469
-0.003636
0.015243
-0.005560
-0.004673
0.003590
-0.010140
0.003721
0.000793
-0.006390
0.003622
-0.000551
-0.001327
0.001980
0.006054
0.000407
-0.008900
-0.005210
0.004297
-0.000732
0.003064
-0.010320
0.068333
0.044706
0.010000
0.007778
0.021600
-0.022264
0.001250
0.002143
-0.002333
-0.022593
-0.016279
-0.006154
0.003750
0.000952
0.029333
-0.035556
0.016667
0.013750
-0.029412
-0.044706
-0.004364
-0.019474
-0.023636
0.006842
-0.010909
-0.014118
0.010000
-0.017143
0.019167
0.011600
-0.003030
-0.011111
0.013333
0.010980
-0.016279
0.013778
-0.009091
-0.036667
0.000000
-0.010769
-0.023750
0.006316
0.010667
-0.024706
0.003636
-0.008718
-0.001212
0.006000
-0.009100
-0.010077
-0.005794
-0.003960
-0.000379
-0.004574
0.001892
0.003659
0.004257
0.012188
0.002679
0.026634
0.001575
0.012160
-0.000947
0.008326
-0.002317
-0.000081
-0.003277
-0.004454
0.007160
-0.000980
0.010154
-0.004874
-0.016774
-0.004074
-0.007727
0.002128
-0.020000
-0.005714
-0.012000
-0.022500
-0.063077
0.020000
0.013636
-0.006250
0.006538
-0.001132
-0.027586
-0.022353
-0.010909
-0.015849
-0.010909
0.003265
0.014545
0.007143
0.008000
0.015385
0.001017
-0.018378
0.018621
0.004390
0.015000
-0.020000
0.016000
-0.022353
0.028000
-0.008000
-0.017333
-0.003750
-0.017049
0.029474
-0.002941
-0.012308
0.017872
0.019583
0.008750
0.013333
0.025455
0.005714
-0.046000
0.043077
-0.004103
-0.011346
0.006486
0.001075
-0.023646
-0.018916
-0.001899
-0.001236
0.002383
0.006834
0.000226
-0.002842
-0.008065
-0.012537
-0.002414
-0.009274
0.048889
0.036000
-0.010000
-0.037143
-0.028333
-0.018000
-0.015172
-0.004000
-0.006316
0.004667
-0.001429
-0.050769
0.015429
0.015385
0.005000
0.007500
0.008723
-0.003054
-0.009775
-0.004944
0.014444
-0.010909
-0.011515
-0.021143
-0.007000
0.016800
-0.016000
-0.010769
0.014118
0.024000
0.014194
-0.027692
0.018000
0.038000
0.034400
-0.013750
-0.004249
0.005644
-0.000330
0.003200
-0.016800
-0.018000
0.006875
-0.017692
0.026667
0.008000
-0.025455
-0.003077
-0.008485
0.021818
-0.003529
0.004828
-0.030526
-0.008000
0.043529
0.007500
-0.011179
0.007220
-0.004476
0.000117
-0.003415
0.000000
-0.002675
-0.007727
-0.026396
-0.023404
-0.026369
-0.019387
0.025283
0.027000
0.028571
0.020784
0.011743
0.002718
0.003564
0.015050
0.014182
-0.005149
0.007664
0.002192
0.029214
0.021961
0.032901
0.030673
0.027656
0.034238
0.034969
0.033146
0.018022
0.019127
0.014706
0.016735
0.030588
0.018261
0.037308
0.017500
-0.012571
-0.016429
-0.003793
0.012453
0.038462
0.034074
0.042286
0.016000
0.013600
-0.028750
-0.000714
0.010769
-0.002759
0.016250
-0.007879
0.027857
-0.006667
0.022727
0.002000
0.023889
0.003385
0.001270
0.011059
-0.026301
0.003636
0.016923
-0.016000
0.023824
0.033333
0.050000
-0.003429
0.036757
0.009351
-0.003871
0.004706
0.011724
-0.015152
0.011667
-0.009655
0.001081
0.001039
-0.005231
-0.002985
-0.003294
0.003429
0.002319
-0.020235
0.000455
-0.008056
-0.002462
-0.004048
0.004932
0.007105
0.009143
0.013721
-0.006591
0.044571
0.028000
-0.001091
0.030667
-0.005455
0.001667
-0.021935
-0.002162
-0.004444
-0.005806
0.004545
-0.017011
-0.018611
-0.007077
-0.009880
-0.020440
-0.015294
-0.002727
-0.003529
-0.018310
-0.012439
-0.009032
-0.015349
0.000000
0.012308
-0.020000
-0.017692
0.000000
0.001282
0.004375
0.004478
-0.012558
0.010968
-0.008000
0.032143
0.010625
-0.002449
0.021463
0.008000
0.020328
0.024082
0.008571
0.012830
-0.012000
0.005833
0.022128
0.012203
-0.011045
-0.010980
-0.018000
0.009259
-0.006230
0.023333
-0.002727
0.016129
0.007273
0.006383
0.016500
0.006400
-0.014333
0.025238
0.038261
0.002597
0.016000
0.002000
0.001667
-0.040000
-0.018667
0.012000
0.001818
-0.034545
-0.062000
0.048000
0.020000
0.012727
-0.041818
0.037000
0.007407
-0.008333
0.005333
0.007442
0.002979
-0.016620
0.002169
0.031667
0.063636
-0.007273
-0.025000
0.064000
-0.023636
-0.027273
0.012000
0.007000
-0.029231
-0.022857
-0.007500
0.046000
-0.024000
-0.010909
-0.023636
0.014444
0.014146
0.005079
0.014167
0.008000
0.001333
0.005333
-0.041429
-0.001250
0.007826
0.007500
0.014000
-0.005455
-0.068000
-0.001538
-0.010667
0.048000
0.018000
-0.005455
0.094000
-0.016923
-0.012683
0.000588
-0.018611
-0.002000
-0.023636
-0.058182
0.040000
-0.023636
-0.050909
0.032000
-0.028000
-0.042105
-0.009167
0.040000
-0.038182
-0.002000
0.040000
-0.001667
-0.030909
-0.022821
-0.000976
0.020308
0.002254
0.028000
-0.026667
0.018750
-0.001538
-0.003529
0.013600
-0.022105
0.043333
0.006000
0.082000
0.005455
0.020000
-0.012000
-0.040000
-0.027273
0.064615
-0.018519
-0.015190
-0.000667
-0.015325
0.004000
-0.006667
-0.001818
-0.010000
0.016364
0.001538
-0.030000
0.020000
-0.034000
0.016000
-0.007273
0.012727
-0.005455
-0.034000
0.047273
0.041538
0.008000
0.012308
0.014286
-0.015385
0.012593
-0.010909
0.005455
-0.014545
-0.004000
0.035385
0.050000
-0.016364
-0.018000
0.032000
0.016000
0.009091
-0.012000
0.000000
0.010769
-0.010000
0.015833
-0.036923
0.013846
-0.012000
0.050909
-0.014000
0.040000
-0.008000
0.023333
0.028571
0.013333
0.064000
-0.020000
0.005000
0.006667
0.020000
-0.023636
-0.004000
-0.024000
0.008000
0.002000
0.069091
0.008000
-0.016923
-0.021875
-0.037333
0.033846
0.002000
-0.023846
0.008000
-0.015294
-0.063478
0.000000
0.028000
0.008000
0.010769
0.010000
0.034000
-0.007273
-0.036364
0.060000
-0.003077
0.008000
0.001667
-0.034000
-0.004615
-0.012000
0.020000
-0.060000
0.020000
-0.028000
0.048000
0.006429
0.001250
0.030000
-0.012381
0.006000
-0.001818
-0.026000
-0.001667
-0.034000
0.004000
-0.038000
0.072000
-0.036364
0.045000
-0.035000
0.018000
0.040000
-0.008333
0.045882
0.009000
0.032000
-0.038000
-0.006000
0.032308
-0.089417
-0.088647
-0.080199
-0.084592
-0.075529
-0.074146
-0.075462
-0.078645
-0.103136
-0.109896
-0.102819
-0.102111
-0.065679
-0.072605
-0.071108
-0.068634
-0.061524
-0.065680
-0.066322
-0.065311
-0.115016
-0.116905
-0.116564
-0.119730
0.013436
0.006835
0.004951
0.006321
0.025531
0.028218
0.022933
0.031488
0.010296
0.008167
0.008964
0.004462
0.029897
0.028776
0.025095
0.029750
-0.042567
-0.032891
-0.034846
-0.026498
0.009674
0.016119
0.013309
0.010912
0.017382
0.021914
0.012267
0.016152
-0.008406
-0.018154
-0.010882
-0.022319
0.007941
-0.011212
-0.000290
-0.008116
0.005176
0.006517
0.011406
0.014517
0.002571
-0.035652
-0.023562
0.001538
0.007879
0.001538
0.011385
0.021538
-0.039525
-0.046958
-0.048722
-0.045596
-0.002647
-0.006462
0.000597
-0.020000
-0.017059
-0.001765
0.002727
-0.025152
-0.027273
-0.004364
0.006038
-0.024490
0.072727
0.021429
-0.003333
-0.012727
0.012727
0.044615
0.014000
0.022000
0.010000
-0.005714
0.060000
0.038462
0.000000
-0.002105
0.036000
-0.005455
0.020435
0.006400
0.000377
0.032400
-0.012727
0.078182
0.000000
0.003077
-0.050000
-0.012857
-0.018000
0.020000
0.018000
-0.020000
0.014667
0.002000
0.026000
0.021538
-0.016000
0.049091
-0.001633
-0.020435
-0.002353
-0.000328
0.018000
-0.048571
0.030000
0.045455
0.006000
0.003529
0.057647
-0.022000
0.061818
0.001818
0.021667
-0.020000
0.002000
-0.020000
0.002000
-0.010000
-0.012273
-0.006087
-0.006667
-0.002553
0.024000
-0.016000
-0.010000
0.012000
0.050909
-0.041818
0.065455
-0.018182
0.047273
0.001053
-0.001333
0.001333
-0.032727
0.041538
-0.048000
-0.016667
0.010667
0.015745
0.006545
-0.007547
0.046000
-0.008333
0.000000
0.049231
0.032727
0.004444
-0.060000
-0.018000
-0.024000
-0.028000
-0.012000
0.020000
-0.020000
-0.020000
-0.012727
-0.023333
0.008696
-0.008444
0.026415
0.028333
-0.020000
0.015294
0.031429
0.027500
-0.009091
-0.004615
-0.016000
0.060000
-0.010000
-0.012000
0.020000
-0.030909
0.020000
-0.004000
-0.005000
0.000000
-0.025455
-0.047692
-0.007692
0.000000
0.004000
-0.021818
0.028000
0.048000
-0.008000
-0.024615
0.014000
-0.013333
0.028421
0.038000
0.024000
-0.010000
0.014000
0.027692
-0.029231
0.036667
0.045455
0.032000
0.008000
0.034545
0.002500
-0.028000
0.036364
0.008000
0.056000
-0.029231
-0.048000
0.006000
-0.024000
0.008333
0.012000
-0.026000
-0.005000
0.008571
0.013846
0.045263
0.026000
0.069231
-0.045000
-0.040000
0.048000
-0.014000
0.014000
-0.056364
-0.040000
-0.041818
-0.028000
-0.005455
-0.012727
-0.011667
0.011667
0.003636
0.070667
0.048000
0.030000
-0.022105
0.028000
0.013333
0.010000
-0.003333
-0.050000
0.004615
-0.016000
0.003333
0.027059
0.030000
-0.074667
-0.003750
0.036000
0.054000
-0.028000
0.003333
-0.028000
-0.005000
0.008333
-0.036667
0.034667
0.038182
0.035385
0.015789
-0.016000
-0.018333
-0.030000
-0.002000
0.024000
0.016000
0.018182
-0.020000
-0.003636
-0.006667
0.036923
-0.008333
-0.029474
-0.024242
0.000690
0.006667
0.000000
0.014545
-0.010000
0.019474
-0.009130
-0.020000
-0.010714
0.030370
0.020000
-0.013125
0.004000
-0.013333
-0.003902
0.008824
0.003929
0.004746
-0.003000
0.028235
0.001538
-0.005405
-0.014872
0.010667
-0.007368
0.007816
-0.001081
-0.006420
-0.001579
-0.009425
-0.013647
0.014706
0.011549
-0.005316
-0.002000
0.026667
-0.038235
-0.019655
-0.012000
-0.000294
-0.015652
-0.009750
0.004314
-0.024118
-0.000556
-0.023704
0.007353
-0.001205
0.017662
-0.011622
0.010556
-0.002162
-0.023288
-0.023768
-0.003265
-0.012683
-0.032759
-0.050182
-0.012683
-0.005588
0.008000
-0.011807
-0.022105
-0.027941
0.000896
-0.014615
-0.017551
0.000000
-0.021053
-0.020000
-0.018028
-0.006757
-0.008800
0.000870
-0.005915
-0.020256
-0.023562
0.007838
0.011765
-0.004242
0.022414
-0.001053
0.003133
-0.002740
0.000500
-0.007470
0.027843
0.017143
0.013333
-0.012157
-0.007500
0.008571
0.004706
-0.005263
-0.020000
0.004229
0.001486
-0.007314
-0.002514
0.008161
0.000690
0.004229
-0.005318
0.007816
-0.003409
-0.004773
-0.017736
0.000571
-0.005577
-0.020000
-0.019823
-0.018302
-0.025225
-0.012081
0.005321
-0.020392
0.005841
-0.023960
-0.004103
-0.011346
0.006486
0.001075
-0.023646
-0.018916
-0.001899
-0.001236
0.002383
0.006834
0.000226
-0.002842
-0.008065
-0.012537
-0.002414
-0.009274
0.048889
0.036000
-0.010000
-0.037143
-0.028333
-0.018000
-0.015172
-0.004000
-0.006316
0.004667
-0.001429
-0.050769
0.015429
0.015385
0.005000
0.007500
0.008723
-0.003054
-0.009775
-0.004944
0.014444
-0.010909
-0.011515
-0.021143
-0.007000
0.016800
-0.016000
-0.010769
0.014118
0.024000
0.014194
-0.027692
0.018000
0.038000
0.034400
-0.013750
-0.004249
0.005644
-0.000330
0.003200
-0.016800
-0.018000
0.006875
-0.017692
0.026667
0.008000
-0.025455
-0.003077
-0.008485
0.021818
-0.003529
0.004828
-0.030526
-0.008000
0.043529
0.007500
0.003786
-0.001423
0.007469
-0.003636
0.015243
-0.005560
-0.004673
0.003590
-0.010140
0.003721
0.000793
-0.006390
0.004884
0.011148
-0.002391
0.014217
0.011474
0.013296
0.020343
0.020370
0.003622
-0.000551
-0.001327
0.001980
-0.003815
-0.003736
0.008939
0.001807
-0.020745
-0.018683
-0.008837
-0.010435
0.006054
0.000407
-0.008900
-0.005210
-0.006230
-0.008370
-0.005213
0.002500
0.007188
-0.007086
0.003256
0.002045
0.004297
-0.000732
0.003064
-0.010320
0.012143
-0.013077
0.022143
-0.021429
0.011200
0.000800
0.028148
-0.001667
-0.003636
-0.021250
0.029000
0.017500
-0.002143
0.000000
0.023846
0.000741
-0.011111
-0.003750
0.006000
-0.006957
-0.009231
-0.000833
-0.022500
0.029600
-0.009032
0.029655
-0.005882
0.034074
-0.022500
0.000000
0.002667
0.034737
0.016800
0.025714
-0.015000
-0.000870
0.023750
0.014444
-0.039310
-0.011111
0.023333
-0.030000
-0.030588
0.031765
0.024828
-0.006667
0.002581
-0.009630
0.007200
-0.019200
0.046923
0.011034
0.012308
-0.014286
-0.022222
-0.030769
0.045455
0.018667
-0.038182
0.016667
0.021429
-0.012121
0.060769
0.008889
0.005600
0.023846
-0.036000
-0.010435
0.010000
-0.005600
0.004615
-0.029630
-0.013571
-0.022424
0.016000
0.020000
-0.026000
-0.018182
-0.041818
-0.045000
0.034194
-0.042727
-0.031111
0.030833
-0.016000
0.002667
-0.023846
-0.023158
0.018750
-0.037143
-0.025000
0.017647
0.009630
-0.007692
0.019333
0.016154
-0.060000
0.007692
-0.039000
-0.026250
0.020000
0.009630
0.001935
-0.024000
0.018333
-0.006667
-0.013333
-0.003125
0.013333
-0.007778
0.009333
-0.017333
0.004828
0.015333
-0.002308
0.017143
0.024000
0.022000
0.014000
-0.022000
0.020000
-0.046000
0.008000
0.016000
-0.026000
-0.034000
-0.002000
0.026000
-0.050000
-0.004000
0.070000
0.006000
0.057333
0.027368
-0.028333
-0.020833
0.030000
-0.038000
0.010000
0.018000
0.016000
0.018000
-0.034000
-0.002000
-0.010000
-0.034000
-0.024000
-0.054000
-0.008000
-0.018000
0.046000
-0.008000
-0.020000
-0.049167
-0.012308
0.026154
-0.008000
0.006000
0.038000
-0.002000
-0.072000
-0.001818
-0.054000
0.012000
0.000000
0.002000
-0.020000
0.016364
-0.020000
-0.002000
-0.024000
0.008000
0.018261
0.015652
0.017895
-0.009600
-0.010000
-0.024000
-0.028000
-0.020000
-0.042000
0.028000
0.002000
-0.022000
0.026000
-0.040000
-0.056000
-0.054000
0.032000
-0.012000
0.032000
0.038000
0.025333
0.001333
0.028750
0.036250
-0.006286
0.004286
-0.009286
-0.001290
0.012000
-0.041333
0.010909
0.036667
-0.007407
0.019231
0.008000
-0.005217
0.008333
-0.040870
-0.026667
-0.016522
-0.010000
-0.002000
0.008000
0.032000
0.010000
0.031667
-0.018000
-0.022000
0.032000
0.014000
-0.036000
-0.038000
-0.048000
0.054000
0.056000
-0.002000
0.041667
0.000714
0.005517
-0.008148
-0.018000
0.018182
0.004000
0.000000
0.044000
-0.062000
0.024000
0.028000
-0.022000
0.080000
0.030000
0.052000
-0.007273
0.000000
0.062000
0.018000
-0.017857
0.012143
-0.036000
-0.028462
-0.007273
-0.028000
-0.022000
0.040000
-0.010000
-0.054000
0.000000
-0.040000
-0.006000
-0.010000
0.058000
0.008000
0.040000
-0.014000
-0.012000
-0.038000
0.016250
-0.009000
0.009000
-0.006364
-0.034000
0.018000
0.022000
0.002000
-0.064000
0.004000
0.018000
-0.006000
0.006000
-0.020000
0.032000
0.032000
-0.016000
-0.006000
-0.008000
0.020000
-0.014483
-0.012414
0.003636
-0.013548
-0.006000
0.052727
0.006000
0.041818
-0.027143
0.007059
-0.046667
0.018750
-0.027429
-0.002143
-0.008000
0.018667
-0.015000
0.028800
0.005185
-0.002609
0.028000
-0.008000
-0.018000
-0.040000
-0.040000
-0.016000
0.000000
0.090000
0.002000
0.034000
-0.014000
-0.042000
-0.026000
-0.002000
-0.032000
-0.028000
-0.008966
-0.014000
-0.024800
0.022308
0.048000
-0.008000
-0.038000
0.024000
-0.001667
-0.050000
0.038000
0.042000
0.044000
0.014000
0.032000
-0.052000
0.000000
-0.020000
-0.002000
-0.044000
0.009600
0.021667
0.003333
0.035484
0.024000
0.016000
0.014000
0.044000
-0.016000
0.018000
-0.026000
-0.038000
0.012000
0.032000
0.006000
-0.018000
-0.060000
0.013333
0.002000
0.008000
-0.022609
0.026087
0.005385
-0.007407
0.058000
-0.014000
0.006000
-0.044000
-0.016000
-0.058000
0.020000
-0.008000
0.028000
0.058182
-0.002000
-0.026000
-0.012000
0.090000
0.008000
0.026000
-0.009100
-0.010077
-0.005794
-0.003960
-0.000379
-0.004574
0.001892
0.003659
0.004257
0.012188
0.002679
0.026634
0.000809
-0.009519
-0.011183
0.006503
0.018632
0.010867
0.007738
0.003494
0.001575
0.012160
-0.000947
0.008326
0.004246
0.002328
-0.000829
-0.011512
-0.024639
-0.006742
-0.030648
-0.004046
-0.002317
-0.000081
-0.003277
-0.004454
0.015747
-0.007717
0.001667
-0.004578
0.007957
0.007011
-0.001954
-0.003713
0.007160
-0.000980
0.010154
-0.004874
-0.032941
-0.028750
0.016000
0.013913
0.000714
-0.028462
0.000952
-0.030000
-0.027333
0.004000
-0.004000
0.015172
0.028889
-0.022667
0.040000
0.035000
-0.001379
0.016667
0.001538
-0.018667
0.050435
-0.001667
0.024545
0.010833
0.018333
0.050000
0.008421
-0.025714
0.020667
0.002353
-0.023846
0.018519
-0.033077
0.005833
-0.015000
0.020800
0.000000
-0.035385
-0.007143
-0.010000
0.000667
0.014286
-0.018333
-0.003077
-0.054545
0.000000
0.004000
0.000000
-0.038667
-0.005000
-0.020714
0.007778
-0.007333
-0.007273
0.006667
0.029091
-0.006897
0.042308
0.042424
0.001481
-0.018750
-0.001429
-0.014667
-0.028750
0.000000
0.005714
-0.020909
-0.035833
-0.006667
-0.005882
-0.049630
0.034444
0.008000
0.010667
-0.005000
-0.006250
-0.012000
0.004000
0.011613
0.024000
-0.055385
0.015385
0.014167
0.010000
0.006667
-0.000769
0.037037
0.038000
0.005517
0.010588
-0.008571
-0.008333
-0.014545
-0.050769
-0.006000
-0.005714
0.025556
-0.046154
0.014286
-0.010588
-0.030667
-0.048889
0.000000
-0.024286
-0.016000
-0.061818
0.008889
-0.015385
0.004800
0.010345
0.005385
-0.016429
-0.002400
-0.010435
0.040000
0.000000
-0.030000
0.026000
0.020000
-0.036000
0.046000
-0.022000
0.002000
-0.034000
-0.002000
-0.024000
0.010000
0.052000
0.038000
-0.082000
0.004000
-0.040000
0.003636
0.012000
0.040000
0.004800
0.006000
-0.010000
-0.024000
-0.016000
0.000000
-0.056000
0.018000
-0.074000
-0.004000
0.030000
-0.004000
-0.040000
-0.008000
-0.024000
-0.044000
0.006000
0.019333
0.002143
0.012800
-0.007200
-0.034000
-0.022000
0.026000
-0.016000
-0.018000
0.024000
0.024000
0.016000
0.026000
0.072000
-0.008000
0.018000
-0.008000
-0.012000
0.036000
-0.034000
0.012500
-0.003158
-0.031000
-0.005600
0.016000
0.016000
-0.060000
0.026000
0.024000
-0.002000
-0.042000
0.000000
0.018000
0.034000
0.024000
0.020000
-0.010000
0.006000
-0.040000
0.026000
-0.005926
0.015172
-0.003226
0.005806
0.044000
-0.026000
-0.062000
-0.028000
0.009143
0.013846
-0.013333
-0.044000
-0.045333
-0.022105
0.024000
-0.006667
0.002500
-0.002500
-0.003810
0.030000
0.004000
0.042000
-0.002000
0.020000
0.048000
-0.018000
-0.046000
0.042000
0.018000
0.006000
0.056000
-0.022000
-0.022000
0.022000
0.018000
-0.030000
0.016296
0.026207
-0.016923
0.011667
-0.020000
0.016000
0.008000
0.000000
-0.038000
0.012000
0.008000
0.014000
-0.026000
-0.032000
0.012000
0.034000
-0.002000
0.002000
-0.082000
0.016000
0.006923
0.010769
-0.008000
-0.027143
0.010000
-0.012000
-0.008000
-0.016364
0.002000
-0.002000
0.030000
0.014000
0.044000
-0.014000
0.000000
-0.050000
-0.030000
-0.024000
-0.018000
-0.004000
-0.019200
0.023200
0.018095
-0.001290
0.024000
-0.022000
-0.028000
-0.040000
0.010000
0.000000
0.008000
-0.016000
0.006000
0.012727
-0.024000
-0.040000
0.014000
-0.042000
0.008000
0.000000
-0.028571
-0.002353
-0.017143
-0.004000
-0.001714
0.011111
0.022963
0.000000
0.000000
0.030345
-0.008276
0.031538
0.014000
-0.018000
-0.030000
0.007273
-0.005263
-0.014400
-0.006364
-0.034167
-0.044000
-0.004000
-0.026000
0.008000
0.036000
0.001667
-0.014000
-0.034000
-0.046000
-0.050000
-0.024000
0.002000
0.020000
0.028000
-0.006000
-0.022000
0.004615
-0.010370
-0.014815
-0.025000
0.052000
-0.010000
0.006000
-0.008000
-0.052000
0.028000
0.058000
0.009231
-0.016000
0.036000
0.008000
-0.050000
0.042000
0.028000
-0.004000
-0.044000
0.025333
-0.028000
0.020000
0.033600
-0.068000
-0.026000
-0.002000
-0.032000
0.026000
-0.018000
-0.044000
0.034000
-0.006000
0.010000
0.058000
0.012000
-0.040000
0.020000
-0.032000
0.014000
0.014074
-0.010714
-0.023846
0.002500
0.001818
0.014000
-0.012000
0.022000
0.008000
-0.020000
0.076000
-0.082000
0.010000
0.006000
-0.058000
0.024000
0.072000
0.054000
0.002000
-0.028000
0.006911
0.014634
0.015963
0.026738
-0.011399
0.003959
-0.015376
-0.006448
0.001554
-0.000104
0.000117
0.008619
0.017730
-0.002266
0.006092
0.003908
0.004167
-0.006897
0.020000
-0.005000
-0.019355
-0.005455
0.003158
0.011200
0.022353
-0.012727
-0.005000
-0.006667
-0.026957
-0.004000
0.008148
-0.002222
0.008673
-0.000100
0.006127
-0.001000
-0.015000
0.020000
-0.003030
0.025000
0.023333
-0.002000
0.035333
0.030667
-0.024545
-0.005714
-0.001111
0.004444
0.022500
0.040000
-0.012000
-0.022222
-0.004813
-0.018191
-0.007293
0.000552
-0.022353
0.002000
0.019375
-0.022069
0.031429
-0.033043
-0.024444
0.004286
0.007826
-0.022000
0.043226
-0.026250
-0.061429
-0.044000
0.012903
-0.010667
0.025283
0.027000
0.028571
0.020784
0.011743
0.002718
0.003564
0.015050
0.014182
-0.005149
0.007664
0.002192
-0.013873
0.010449
-0.004469
-0.020571
0.006279
0.008114
0.004469
0.014286
0.010058
-0.009600
0.002921
-0.006136
0.029214
0.021961
0.032901
0.030673
0.027656
0.034238
0.034969
0.033146
0.018022
0.019127
0.014706
0.016735
-0.089417
-0.088647
-0.080199
-0.084592
-0.075529
-0.074146
-0.075462
-0.078645
-0.103136
-0.109896
-0.102819
-0.102111
-0.065679
-0.072605
-0.071108
-0.068634
-0.061524
-0.065680
-0.066322
-0.065311
-0.115016
-0.116905
-0.116564
-0.119730
-0.014872
0.010667
-0.007368
0.007816
-0.001081
-0.006420
-0.001579
-0.009425
-0.002449
0.021463
0.008000
0.020328
-0.013647
0.014706
0.011549
-0.005316
0.024082
0.008571
0.012830
-0.012000
-0.012000
-0.000294
-0.015652
-0.009750
0.007353
-0.001205
0.017662
-0.011622
0.010556
-0.002162
-0.023288
-0.023768
0.005833
0.022128
0.012203
-0.011045
-0.012683
-0.005588
0.008000
-0.011807
-0.010980
-0.018000
0.009259
-0.006230
-0.022105
-0.027941
0.000896
-0.014615
-0.018028
-0.006757
-0.008800
0.000870
-0.005915
-0.020256
-0.023562
0.007838
0.023333
-0.002727
0.016129
0.007273
0.003133
-0.002740
0.000500
-0.007470
0.006383
0.016500
0.006400
-0.014333
-0.007500
0.008571
0.004706
-0.005263
-0.003529
-0.001493
-0.019706
0.002500
-0.012836
-0.012162
0.001875
-0.000667
-0.010137
0.003729
-0.006562
-0.013214
-0.023385
0.009455
0.018644
0.034815
-0.016250
0.004643
-0.018361
-0.031071
-0.006970
0.005667
-0.021587
-0.020345
0.000896
-0.002286
0.008308
0.003768
0.046000
0.008000
-0.023636
-0.060000
0.022000
-0.054000
-0.032000
0.026667
-0.018000
0.029231
-0.038000
0.006000
0.021111
0.008182
-0.040000
-0.058182
-0.000286
0.006479
0.007188
0.005588
-0.010000
-0.040000
0.018000
0.002000
0.038000
-0.020000
-0.076364
0.002000
-0.040000
-0.013333
0.000000
-0.044000
0.060000
0.018667
-0.052727
0.064000
-0.006000
0.007273
0.044000
0.007273
-0.055000
0.005455
-0.065455
-0.022000
0.045455
0.009231
0.000000
-0.007273
-0.019200
0.058000
-0.001818
0.035385
-0.002000
-0.010000
-0.006000
0.018182
0.024000
0.020000
0.002000
0.010000
0.028000
0.008000
-0.014000
-0.010000
-0.028000
0.054000
0.018000
0.018000
0.002000
0.012727
-0.006000
-0.030909
0.011667
-0.052000
-0.014545
-0.006000
0.025455
-0.029091
0.023077
-0.055385
-0.039200
-0.024000
0.009091
0.021429
-0.060000
0.028000
0.027273
0.006667
0.043636
-0.002000
0.002000
-0.016000
-0.014000
0.041818
0.012000
-0.040000
0.014000
0.034545
-0.054000
0.000000
-0.001408
0.022687
-0.013548
0.001053
0.002000
-0.004286
0.007500
-0.005000
0.010000
-0.007368
-0.001250
-0.034000
-0.010000
0.028000
0.008000
-0.014000
0.058000
-0.036000
-0.014000
-0.050000
-0.010159
0.010588
0.002069
0.011228
0.022000
-0.088000
0.050000
0.013333
0.058000
-0.008000
-0.032727
-0.038000
0.040000
0.018000
0.000000
0.001818
-0.030000
-0.027059
-0.067273
0.102000
0.016667
0.018000
-0.003636
-0.004000
0.002000
-0.016364
-0.014000
-0.013333
0.008000
-0.023636
-0.060000
0.046000
-0.020000
-0.006000
0.028000
0.024000
0.050000
-0.008333
0.024000
0.044000
-0.012000
-0.001818
-0.036364
-0.076000
0.010909
0.027273
0.045455
0.016667
0.021600
0.006000
-0.056923
-0.023077
0.005455
-0.001667
-0.023636
0.010000
0.026000
-0.007273
-0.012000
0.020000
-0.003478
0.034000
-0.037500
0.032857
0.012727
0.008000
-0.009091
-0.010909
0.008000
0.018000
-0.001818
-0.003077
-0.040000
0.046000
-0.034000
0.030000
0.018000
-0.044000
0.022000
0.040000
-0.014000
0.030000
0.022000
-0.002000
-0.004286
-0.003333
-0.016610
0.001379
-0.004000
0.058571
0.008750
0.021818
0.057500
0.026316
0.002667
-0.028571
-0.010000
0.038000
-0.028000
0.040000
0.000000
0.014000
0.034545
-0.054000
-0.001429
-0.006032
-0.025397
0.007719
0.001250
-0.016842
0.016000
0.024000
-0.020000
0.036923
-0.006000
-0.024000
0.012000
0.000000
0.014000
-0.020000
-0.002000
-0.014000
0.030000
0.022000
0.032727
0.003636
0.002000
0.062000
0.000000
-0.038182
0.010000
-0.045000
-0.040000
0.018000
0.002000
-0.010000
0.030000
0.044000
-0.064000
-0.072000
-0.005455
0.044000
-0.009091
0.010000
0.014000
-0.015000
0.014000
-0.008000
0.000833
0.002000
0.028333
0.051667
0.029091
0.000000
-0.008000
-0.014545
-0.026000
0.024000
0.000000
-0.018333
-0.040000
0.036000
-0.004000
-0.026000
-0.010000
0.036000
0.024000
0.030000
-0.008000
-0.032727
-0.038000
0.058000
0.030000
-0.010000
0.041818
0.008333
0.022000
0.016364
0.022000
-0.016000
0.005833
0.026000
0.021176
0.014118
0.030909
0.032000
0.032000
-0.005000
0.013436
0.006835
0.004951
0.006321
0.010296
0.008167
0.008964
0.004462
-0.042567
-0.032891
-0.034846
-0.026498
0.024345
0.025572
0.024345
0.025572
0.017382
0.021914
0.012267
0.016152
0.003385
0.001270
0.011059
-0.026301
0.003636
0.016923
-0.016000
0.023824
-0.008406
-0.018154
-0.010882
-0.022319
0.009351
-0.003871
0.004706
0.011724
0.007941
-0.011212
-0.000290
-0.008116
0.001039
-0.005231
-0.002985
-0.003294
0.019536
0.033727
0.019536
0.033727
0.005176
0.006517
0.011406
0.014517
0.003429
0.002319
-0.020235
0.000455
-0.008056
-0.002462
-0.004048
0.004932
0.002571
-0.035652
-0.023562
0.001538
0.007105
0.009143
0.013721
-0.006591
0.007879
0.001538
0.011385
0.021538
-0.004444
-0.005806
0.004545
-0.017011
-0.000865
-0.002777
-0.000865
-0.002777
-0.039525
-0.046958
-0.048722
-0.045596
-0.018611
-0.007077
-0.009880
-0.020440
-0.015294
-0.002727
-0.003529
-0.018310
-0.002647
-0.006462
0.000597
-0.020000
-0.012439
-0.009032
-0.015349
0.000000
-0.017059
-0.001765
0.002727
-0.025152
0.001282
0.004375
0.004478
-0.012558
-0.004308
0.003824
-0.003158
0.005714
0.004545
0.007059
0.003729
-0.014098
-0.009206
-0.000370
-0.008136
-0.005172
-0.009524
-0.028679
-0.007778
-0.021017
-0.027692
0.016923
0.010000
-0.005614
0.002540
-0.009259
0.002069
-0.003103
-0.006667
-0.001613
-0.003860
0.003774
-0.006000
-0.038000
0.027273
-0.016000
-0.021818
-0.002000
0.020000
-0.002000
-0.008000
0.014000
-0.036000
0.022000
0.056000
-0.055000
0.070769
0.036923
0.005397
0.014286
0.003214
-0.000769
0.008000
0.094000
-0.042000
-0.022000
-0.030000
0.036000
-0.026000
0.004000
-0.007273
-0.021111
-0.058462
0.005455
-0.072000
0.022000
-0.008000
-0.006000
0.006000
0.008000
0.006000
0.008000
0.044000
-0.040000
0.014000
-0.010000
-0.004000
-0.048000
-0.010000
-0.030000
-0.014000
0.012000
0.001818
0.040000
0.003750
-0.006154
0.022727
-0.061333
0.078000
0.014000
-0.028000
0.022000
0.032727
-0.044000
0.006000
-0.024000
0.024615
0.042000
0.003636
-0.004286
0.040000
-0.044000
0.040000
-0.044000
-0.056000
0.006000
-0.054000
-0.018000
-0.002000
-0.054000
0.023333
-0.062000
-0.040000
0.020000
-0.007273
0.016000
0.032000
0.014000
0.012000
-0.044000
0.034667
-0.015000
-0.010000
-0.011765
0.001667
0.020000
-0.032727
0.014286
0.020000
0.048000
-0.010000
-0.024000
0.004118
0.007213
0.007586
0.018209
0.012000
0.036000
-0.018333
0.052000
0.016667
0.004762
0.001333
0.011667
0.010000
-0.010000
-0.076000
0.044000
0.052000
-0.012000
-0.072000
-0.010000
0.000597
0.002154
-0.007636
-0.015636
-0.032000
-0.026000
0.024000
-0.022000
-0.038000
-0.012000
-0.004000
0.010000
-0.016364
0.005263
-0.013846
-0.013750
-0.008000
0.048333
0.000000
0.026000
-0.004706
-0.001429
-0.024348
-0.022222
0.004000
-0.042000
0.036000
0.014000
-0.012727
-0.002000
-0.018000
0.028000
0.018000
-0.048571
0.043077
0.005333
-0.012000
-0.002000
-0.012000
-0.002000
-0.020000
0.048000
-0.024000
-0.020000
0.018000
-0.012000
-0.020000
0.012000
-0.026000
-0.002000
0.008000
-0.014000
-0.054000
-0.018000
-0.056000
0.006000
0.018182
0.016000
0.018182
0.016000
0.034000
0.002000
-0.054000
0.034000
-0.002000
-0.032000
0.030909
0.016000
-0.030000
-0.028000
0.008000
0.028000
0.030000
0.036471
0.035652
0.053333
0.018182
-0.004000
0.024615
0.012222
0.008000
0.036000
0.014000
-0.012000
-0.002029
0.005152
-0.006316
0.002222
-0.046000
-0.009091
0.054545
0.048000
-0.010000
0.006316
0.020000
-0.011667
0.008000
-0.044000
-0.002000
0.064000
0.048000
0.024000
-0.026000
-0.024000
0.009062
0.002857
0.007857
0.005769
-0.002000
0.035000
-0.020000
-0.060000
-0.060000
0.056364
0.002000
0.008000
0.000000
-0.014000
-0.012727
-0.026000
0.040000
0.060000
0.028000
0.020000
-0.001250
0.036250
0.001818
-0.009474
-0.010000
-0.022000
-0.030000
0.048000
0.061818
-0.010000
-0.042000
0.034545
0.013846
-0.014286
0.009231
0.015000
-0.024000
-0.020000
-0.020000
0.048000
0.016000
-0.022000
0.016000
-0.022000
-0.040000
-0.066000
0.042000
-0.022000
0.054000
-0.058000
0.061818
0.036000
-0.020000
-0.036000
0.016000
-0.016000
-0.044000
-0.024286
-0.023810
-0.002353
0.026667
0.028000
0.010000
0.054286
0.062000
-0.014000
-0.012727
-0.010000
0.014000
-0.010000
0.044000
-0.040000
-0.052000
-0.018000
-0.052000
-0.018000
0.000000
-0.008000
0.010000
0.016000
-0.014000
-0.008000
0.035000
0.002000
-0.017736
0.000571
-0.005577
-0.020000
-0.019823
-0.018302
-0.025225
-0.012081
0.005321
-0.020392
0.005841
-0.023960
0.004884
0.011148
-0.002391
0.014217
0.011474
0.013296
0.020343
0.020370
-0.003815
-0.003736
0.008939
0.001807
-0.020745
-0.018683
-0.008837
-0.010435
-0.006230
-0.008370
-0.005213
0.002500
0.007188
-0.007086
0.003256
0.002045
-0.011200
-0.016364
-0.024444
-0.002400
0.022400
-0.028667
0.009655
0.016923
0.034000
-0.020000
0.012222
0.035000
-0.026667
-0.012000
0.010588
-0.040000
0.001429
0.032000
-0.009333
0.003529
0.017419
0.013600
0.000606
0.001538
-0.025714
0.030667
0.002667
-0.022500
0.009333
0.038462
0.001429
-0.005714
-0.005000
-0.020000
0.003478
0.009677
-0.007500
-0.034667
0.052000
0.008571
-0.024444
-0.002400
-0.011200
-0.016364
-0.023077
-0.025185
-0.004848
0.000000
0.003333
0.006400
-0.023125
0.012258
-0.040000
-0.026667
-0.012000
0.010588
0.029333
0.010769
0.026250
-0.029333
0.008571
-0.007500
-0.034667
0.052000
0.000769
0.000625
-0.017143
0.019310
0.008889
-0.020606
-0.051333
0.015333
-0.036000
0.000000
-0.002000
0.007273
-0.034667
0.014667
0.016471
-0.005333
0.001538
-0.008824
-0.032727
0.000000
-0.017143
0.019310
0.000769
0.000625
0.009655
0.016923
0.022400
-0.028667
0.008000
-0.001333
-0.026667
0.032857
0.003478
0.009677
-0.005000
-0.020000
0.010000
-0.004375
0.004800
0.020833
0.032000
-0.009333
0.003529
0.001429
-0.003636
0.032727
0.032000
-0.023636
-0.002069
-0.012000
-0.014839
0.009231
-0.005333
-0.034667
0.014667
0.016471
0.024286
0.023077
-0.004286
0.028000
0.032857
0.008000
-0.001333
-0.026667
0.030667
0.002667
-0.022500
-0.025714
-0.051333
0.015333
0.008889
-0.020606
0.022308
0.007143
-0.016250
0.021176
0.004800
0.020833
0.010000
-0.004375
0.000809
-0.009519
-0.011183
0.006503
0.018632
0.010867
0.007738
0.003494
0.004246
0.002328
-0.000829
-0.011512
-0.024639
-0.006742
-0.030648
-0.004046
0.015747
-0.007717
0.001667
-0.004578
0.007957
0.007011
-0.001954
-0.003713
-0.014667
-0.003750
0.001429
-0.030667
0.015484
0.004000
-0.007742
-0.009231
-0.001333
0.015000
-0.034286
0.028000
0.033333
0.003077
0.000000
0.032308
0.002222
-0.009677
0.008571
0.007200
0.024000
-0.002759
-0.020667
-0.020000
-0.060000
0.035000
-0.018889
-0.005000
0.009333
-0.001429
0.013333
0.012000
0.008571
0.007200
0.002222
-0.009677
0.014167
-0.013571
-0.011429
0.002000
-0.002143
0.013600
0.018462
0.023226
-0.012500
0.025714
0.000000
-0.009333
0.018462
0.023226
-0.002143
0.013600
-0.002222
-0.009412
0.012143
-0.035200
-0.003750
0.001429
-0.030667
-0.014667
0.010000
0.032000
0.003636
-0.030909
-0.021429
0.005000
-0.030000
-0.008000
0.001481
-0.008800
-0.018710
-0.008462
-0.016000
0.053750
0.002857
-0.006667
0.001333
-0.035385
-0.025333
0.033846
0.015000
-0.034286
0.028000
-0.001333
0.000000
-0.015862
0.017692
0.029032
0.012143
-0.035200
-0.002222
-0.009412
-0.017391
0.000741
-0.011613
-0.022500
0.037241
0.005600
0.016875
-0.021290
0.012000
0.009333
-0.001429
0.013333
-0.025714
-0.010769
0.015714
-0.011429
-0.009333
-0.012500
0.025714
0.000000
0.017692
0.029032
0.000000
-0.015862
0.027143
-0.026471
-0.014400
0.004138
0.005000
-0.030000
-0.008000
-0.021429
-0.040000
0.006000
0.058182
-0.018333
0.034783
0.011515
0.017576
0.005000
-0.014400
0.004138
0.027143
-0.026471
0.053750
0.002857
-0.006667
-0.016000
-0.020667
-0.020000
0.024000
-0.002759
0.025283
0.027000
0.028571
0.020784
0.011743
0.002718
0.003564
0.015050
0.014182
-0.005149
0.007664
0.002192
0.029214
0.021961
0.032901
0.030673
0.027656
0.034238
0.034969
0.033146
0.018022
0.019127
0.014706
0.016735
0.002500
0.006875
-0.010411
0.000923
-0.004167
-0.007879
0.008986
0.015455
-0.010411
0.000923
0.002500
0.006875
0.002817
0.018462
0.014203
0.006667
0.008986
0.015455
-0.004167
-0.007879
0.014203
0.006667
0.002817
0.018462
0.024345
0.025572
0.024345
0.025572
0.019536
0.033727
0.019536
0.033727
-0.000865
-0.002777
-0.000865
-0.002777
0.016875
0.005714
0.016875
0.005714
-0.010159
0.003385
-0.010159
0.003385
0.005714
0.016875
0.005714
0.016875
-0.008615
0.011746
-0.008615
0.011746
0.003385
-0.010159
0.003385
-0.010159
0.011746
-0.008615
0.011746
-0.008615
