-0.012489
-0.016147
-0.014570
-0.017337
-0.008942
-0.016226
-0.010521
-0.010744
-0.017426
-0.022252
-0.024710
-0.022513
-0.018315
-0.012639
-0.011745
-0.016303
-0.013355
-0.011395
-0.014573
-0.011832
-0.017827
-0.021054
-0.017402
-0.014199
0.020526
0.003636
0.005517
0.010769
-0.011000
0.018182
0.008621
-0.008947
0.010000
0.002105
0.001429
-0.011852
-0.005854
-0.017500
0.010909
-0.034286
-0.004878
-0.001176
0.002857
-0.007458
-0.009000
-0.000588
0.038077
-0.028108
0.001200
-0.011515
0.007059
0.026552
-0.007843
-0.020588
0.011111
0.014444
0.008163
-0.007317
-0.004828
-0.030909
-0.020000
0.015294
0.020526
0.016071
-0.004314
-0.021818
0.002414
0.024561
-0.002353
-0.010286
-0.000556
-0.028235
0.002327
0.003922
0.006543
0.002629
0.001750
0.001176
-0.002531
0.002212
0.002198
-0.006205
0.000433
0.001743
0.003794
0.002046
0.002039
0.001613
0.017647
0.011304
-0.022692
0.013929
-0.015429
0.003571
-0.002759
0.003774
-0.001409
-0.005944
-0.002149
-0.000607
0.011538
-0.002222
-0.001714
0.006286
-0.031200
0.018750
-0.000714
0.016923
-0.008851
0.002238
0.002504
-0.001467
-0.001379
0.010000
0.003030
0.023571
0.010667
-0.020909
0.000667
-0.023889
-0.008718
0.008333
0.002857
-0.022162
0.020606
0.003333
0.003448
-0.005946
0.006286
-0.007000
-0.023273
0.000333
-0.020606
-0.010000
-0.001290
0.036757
0.008205
-0.007273
0.001154
0.000000
-0.000645
-0.006000
0.029286
0.036250
-0.011887
-0.015048
-0.005192
0.012200
0.009204
0.000755
-0.004324
0.012081
-0.001835
-0.027059
0.000000
0.005743
0.001919
0.009748
0.001226
-0.001818
0.001000
0.001036
-0.000128
0.000671
0.008558
0.011358
0.008889
-0.001357
-0.004293
-0.005073
0.003394
-0.001070
-0.003731
-0.011472
0.012832
0.016066
-0.005596
-0.003438
-0.000117
-0.009834
0.005838
0.000197
0.014713
-0.012759
-0.011667
0.014483
-0.055385
0.030000
0.010968
0.032727
-0.014737
-0.010400
-0.016471
-0.032727
0.000625
-0.002667
-0.020000
0.030000
0.006667
0.008889
-0.000714
-0.002985
0.012486
-0.013909
0.025833
0.014545
-0.017576
-0.006000
0.033333
0.014000
0.018000
0.000000
0.002727
0.015714
-0.028889
-0.028889
0.028750
-0.040000
-0.025333
-0.036296
-0.004813
-0.003819
-0.007514
0.008729
-0.012353
-0.032000
-0.001250
0.041379
0.000952
-0.024348
-0.005556
0.008571
0.010435
-0.010000
-0.016129
-0.008750
0.041429
0.006000
0.009677
0.005333
-0.003010
-0.003004
-0.009876
-0.000101
0.001165
0.005869
0.000467
0.006154
0.004279
-0.002791
-0.011630
0.001660
0.011890
-0.014488
-0.002959
-0.006139
0.000383
-0.002033
-0.001800
0.008992
0.005859
0.005041
-0.000426
-0.007945
-0.011667
-0.005882
0.000000
0.016667
-0.007600
-0.007547
-0.003750
0.025714
-0.009000
-0.024074
0.011628
0.008718
0.018750
-0.020000
0.061333
-0.051111
0.024444
0.056250
0.028235
0.005882
0.003636
0.020000
0.024848
0.059474
-0.021818
0.041176
0.018333
0.004286
0.015833
0.006800
0.004848
-0.031111
0.008519
0.007843
-0.015814
0.012444
0.001818
-0.056667
-0.009091
-0.010769
-0.015000
-0.006316
0.025333
-0.044706
0.000364
-0.000513
-0.035152
-0.016500
0.001706
-0.002462
-0.001905
0.009901
0.003697
-0.005039
0.001351
-0.003089
0.010495
0.014531
-0.000268
0.000792
0.002126
0.006800
-0.001053
0.009683
0.005174
0.000000
-0.001765
0.009607
-0.008171
-0.001714
-0.002359
0.008739
-0.012258
0.002963
-0.014091
0.002128
0.010000
-0.045714
-0.032000
0.012500
0.046154
-0.012857
0.012727
0.008750
-0.010769
-0.004906
0.016552
-0.012941
0.000000
0.006038
0.031364
-0.003673
0.040000
0.032857
-0.040000
-0.015385
0.002034
-0.001081
0.035862
0.015610
-0.010000
-0.000952
-0.009333
-0.037647
0.014667
0.057000
0.008000
0.041250
0.002623
0.012105
-0.004706
-0.009744
0.008085
-0.021250
-0.031875
0.012667
0.012727
0.038571
-0.044000
-0.010769
-0.002769
-0.020288
-0.004144
0.001183
0.004375
-0.015665
-0.001006
-0.011348
-0.008912
0.016583
-0.002712
0.011038
0.003226
-0.001692
-0.007356
-0.014749
0.000000
0.036000
0.003125
0.001429
-0.002500
0.022000
0.024138
0.000000
0.028421
0.021333
-0.027143
0.058462
-0.017714
0.036923
-0.025000
0.008750
-0.003936
0.002069
-0.006067
-0.001348
0.002222
0.032727
0.009091
0.003429
-0.041000
0.036800
-0.018000
-0.003077
0.007059
-0.002000
-0.029032
0.035385
0.011000
-0.014000
-0.024800
0.013750
0.004870
-0.014554
-0.005604
0.012444
0.002400
-0.024000
-0.004375
0.006154
0.005714
0.006000
0.012727
-0.010769
0.003030
0.005455
-0.027059
-0.011724
0.023158
-0.015200
0.002353
-0.021250
-0.009641
0.007801
-0.005714
-0.007485
-0.008390
-0.014638
-0.014522
-0.017364
0.006599
0.002638
-0.005223
-0.012761
0.013962
-0.009600
0.015810
0.022549
-0.010275
-0.014951
-0.023168
0.009901
0.000182
-0.001980
0.003738
-0.005205
0.002327
0.003922
0.006543
0.002629
0.001750
0.001176
-0.002531
0.002212
0.002198
-0.006205
0.000433
0.001743
0.017647
0.011304
-0.022692
0.013929
-0.015429
0.003571
-0.002759
0.003774
0.011538
-0.002222
-0.001714
0.006286
-0.031200
0.018750
-0.000714
0.016923
-0.001379
0.010000
0.003030
0.023571
0.010667
-0.020909
0.000667
-0.023889
0.011385
-0.006032
-0.008235
-0.001096
-0.009697
-0.023385
-0.006353
-0.025882
-0.008718
0.008333
0.002857
-0.022162
-0.000779
0.014516
0.009412
0.006437
0.020606
0.003333
0.003448
-0.005946
0.004675
-0.002154
-0.000597
-0.005412
-0.018000
-0.008406
-0.000941
-0.011364
0.016667
0.010154
0.008095
-0.004658
-0.031842
0.005429
0.009070
0.004318
0.006286
-0.007000
-0.023273
0.000333
-0.020606
-0.010000
-0.001290
0.036757
-0.011111
-0.004194
-0.003333
0.019540
0.016667
0.023385
0.008434
-0.002857
0.003824
-0.014545
-0.004941
-0.012676
-0.011951
0.015484
-0.010465
-0.018202
0.008205
-0.007273
0.001154
0.000000
0.016154
-0.004375
0.016716
-0.006047
-0.000645
-0.006000
0.029286
0.036250
-0.012245
-0.018537
0.017455
-0.008197
0.031020
0.006190
0.012830
-0.007333
-0.020417
-0.005532
-0.013559
0.017015
0.003922
-0.011000
-0.013333
-0.014426
-0.007037
0.010909
-0.009032
0.008485
0.013617
-0.000500
0.000000
-0.003000
0.012619
0.007826
-0.003117
0.008250
-0.014000
0.006667
0.041818
-0.016000
-0.008000
-0.003636
-0.058182
0.006000
-0.022000
-0.040000
0.025455
0.069091
-0.010000
0.010370
0.000000
-0.022667
-0.008372
0.006170
-0.009296
0.004337
-0.050000
-0.007273
-0.003636
0.012500
0.048000
0.000000
-0.012727
-0.036000
0.016000
-0.001538
0.011429
0.048750
-0.004000
0.022667
0.010909
0.023636
-0.005556
0.007073
-0.021905
-0.020833
-0.010000
0.026667
-0.004000
-0.002857
0.021250
-0.010435
-0.006250
-0.010000
0.078182
0.032000
-0.038462
-0.013333
0.044000
0.018000
-0.009091
-0.016000
-0.016923
-0.000732
-0.028824
0.003889
0.026000
0.038182
0.016364
0.008000
-0.014545
0.043636
0.024000
-0.002667
0.021053
0.028333
0.008000
-0.025455
-0.060000
-0.005333
0.000000
-0.034545
0.014103
0.007561
-0.007077
-0.006761
-0.016000
0.018333
-0.003750
-0.010769
0.003529
-0.001600
-0.006316
-0.036667
-0.002000
-0.054000
0.052727
-0.062000
-0.044000
-0.008000
-0.027273
0.020000
0.004938
-0.019747
0.002000
0.008571
0.036000
0.014167
-0.001818
-0.015000
-0.005455
0.027692
0.016000
0.005000
-0.020000
0.006000
0.056364
0.047273
-0.021818
0.020000
0.072727
0.023077
0.018000
0.035385
-0.007143
0.012308
-0.013333
0.020000
0.014545
0.037273
0.038000
-0.013846
-0.004286
0.010909
0.034000
-0.018000
0.000000
0.023636
0.008000
0.054545
0.015385
0.055714
0.025833
0.026154
-0.001538
-0.018000
0.018182
-0.036000
0.022000
0.020000
-0.003333
-0.045714
0.011667
0.040000
-0.066667
0.005000
0.033333
-0.018000
-0.021818
0.004000
-0.032000
0.006000
-0.054000
-0.012727
0.050000
0.015385
0.006250
-0.021333
-0.026154
-0.015000
0.028462
-0.022000
-0.008235
-0.000870
-0.023636
-0.014000
0.014000
0.009231
-0.028000
-0.030000
0.001818
-0.005455
0.016000
0.041538
-0.050000
-0.035000
0.032000
-0.010769
-0.038000
0.016923
-0.040000
-0.016364
0.028000
0.004000
-0.029286
0.025000
0.047500
-0.015238
-0.044000
-0.030909
0.066000
0.030000
0.036000
-0.042000
0.026000
-0.012000
-0.052727
0.006667
-0.030000
-0.060000
0.007143
0.005000
-0.070588
-0.014000
0.002000
-0.094000
0.024000
0.006154
-0.012489
-0.016147
-0.014570
-0.017337
-0.008942
-0.016226
-0.010521
-0.010744
-0.017426
-0.022252
-0.024710
-0.022513
-0.018315
-0.012639
-0.011745
-0.016303
-0.013355
-0.011395
-0.014573
-0.011832
-0.017827
-0.021054
-0.017402
-0.014199
0.005307
0.011370
0.000501
-0.005344
0.003794
0.002046
0.002039
0.001613
0.001560
-0.004469
-0.002003
0.007544
-0.001409
-0.005944
-0.002149
-0.000607
-0.003455
0.002464
-0.002457
0.003722
-0.008851
0.002238
0.002504
-0.001467
0.004110
0.001340
0.004130
-0.001966
0.009275
-0.004308
0.016765
-0.005507
-0.030882
-0.009091
0.002029
0.000870
0.005974
-0.001637
-0.002559
0.003655
-0.024000
0.013043
0.007945
0.009538
0.002727
-0.001538
-0.020308
-0.012615
-0.005886
-0.006505
0.000160
-0.013161
-0.008824
-0.006154
-0.009552
0.005538
0.017059
-0.003824
-0.025455
0.010303
-0.021818
0.008364
0.000000
-0.005306
-0.007273
0.005714
0.026667
0.010909
0.007273
-0.020000
-0.056000
-0.032000
0.036000
0.010000
-0.012000
0.024615
0.022000
-0.017895
-0.005333
-0.023636
0.003478
0.005200
0.003774
-0.000400
-0.036364
0.001818
-0.003333
-0.049231
0.024000
-0.015714
-0.026000
-0.020000
0.052000
0.002222
-0.018667
-0.040000
0.034000
0.006154
0.014000
0.040000
-0.002857
-0.005652
0.002353
0.006230
0.012000
-0.054286
-0.064000
-0.016364
0.054000
0.014118
-0.032941
-0.018000
0.027273
-0.029091
-0.013333
-0.026667
-0.038000
0.010769
0.028000
0.018000
-0.002727
-0.023478
-0.007018
0.018723
-0.028000
-0.042000
-0.010000
0.002000
0.018182
0.010909
0.009091
0.003636
-0.010909
-0.035789
0.014667
-0.048000
0.030909
0.003077
-0.010000
0.028333
-0.007111
0.002553
-0.015636
0.033585
-0.010000
0.036667
0.016000
-0.024615
0.016364
-0.023333
0.023333
-0.026000
0.006000
0.040000
-0.002000
0.000000
0.023636
-0.010909
-0.023636
0.021667
-0.021739
-0.023111
-0.018868
-0.002917
0.030000
0.045882
0.011429
-0.023750
-0.005455
-0.020000
-0.032000
0.040000
0.006000
0.016000
-0.002000
0.010909
0.007273
0.016000
-0.023333
0.026154
-0.021818
0.021538
-0.013846
0.021429
0.014000
-0.001818
0.022000
-0.060000
-0.052000
-0.023077
-0.066000
0.000000
-0.009474
0.018000
-0.006000
-0.024444
0.000000
-0.012308
-0.003077
0.058333
0.005455
0.010000
-0.030000
0.023636
0.053750
0.080000
0.000000
-0.023000
-0.040000
-0.007692
-0.034000
-0.058000
0.006000
-0.028333
-0.014000
-0.016000
0.013750
-0.038571
-0.058462
0.013684
0.036000
-0.020000
0.020000
0.012857
-0.046000
0.024000
0.012000
-0.040000
0.060000
0.034545
-0.060000
-0.083636
0.003636
-0.038333
-0.018333
0.040000
-0.032000
0.016000
0.031667
-0.033684
0.038000
0.003333
-0.022000
0.043333
-0.008000
0.041538
0.002000
0.000000
-0.031765
0.021429
-0.004000
0.012500
0.032000
0.040000
0.000000
-0.005000
-0.060000
0.050000
-0.036667
0.068333
0.008000
0.025455
-0.007692
-0.033684
0.018000
-0.008333
-0.040000
0.022000
0.046000
-0.022000
-0.016364
0.013846
0.000000
0.056667
-0.052308
0.001667
0.020526
0.003636
0.005517
0.010769
-0.011000
0.018182
0.008621
-0.008947
0.010000
0.002105
0.001429
-0.011852
-0.005854
-0.017500
0.010909
-0.034286
-0.004878
-0.001176
0.002857
-0.007458
-0.009000
-0.000588
0.038077
-0.028108
0.007436
-0.013600
0.006316
0.013563
0.000270
0.022963
0.013684
0.002529
0.008000
0.032941
-0.002817
0.004810
0.001200
-0.011515
0.007059
0.026552
0.001067
0.005882
-0.006087
0.008500
-0.007843
-0.020588
0.011111
0.014444
-0.004706
0.008434
-0.001818
0.003514
-0.004722
0.000541
0.004658
0.014783
0.008163
-0.007317
-0.004828
-0.030909
-0.001707
-0.000882
0.008706
-0.016627
-0.012105
-0.012059
0.046269
0.009487
-0.020000
0.015294
0.020526
0.016071
-0.001972
0.002432
0.004000
0.016812
0.014648
0.006667
-0.018356
-0.003514
-0.004314
-0.021818
0.002414
0.024561
0.000241
-0.007671
0.012250
0.011325
-0.002353
-0.010286
-0.000556
-0.028235
-0.011000
0.019683
0.021471
-0.005526
0.011364
-0.008914
-0.004571
-0.003886
-0.002514
-0.005172
-0.000575
-0.000686
0.005202
-0.007356
-0.010795
-0.000341
-0.011887
-0.015048
-0.005192
0.012200
0.009204
0.000755
-0.004324
0.012081
-0.001835
-0.027059
0.000000
0.005743
-0.002769
-0.020288
-0.004144
0.001183
0.004375
-0.015665
-0.001006
-0.011348
-0.008912
0.016583
-0.002712
0.011038
0.003226
-0.001692
-0.007356
-0.014749
0.000000
0.036000
0.003125
0.001429
-0.002500
0.022000
0.024138
0.000000
0.028421
0.021333
-0.027143
0.058462
-0.017714
0.036923
-0.025000
0.008750
-0.003936
0.002069
-0.006067
-0.001348
0.002222
0.032727
0.009091
0.003429
-0.041000
0.036800
-0.018000
-0.003077
0.007059
-0.002000
-0.029032
0.035385
0.011000
-0.014000
-0.024800
0.013750
0.004870
-0.014554
-0.005604
0.012444
0.002400
-0.024000
-0.004375
0.006154
0.005714
0.006000
0.012727
-0.010769
0.003030
0.005455
-0.027059
-0.011724
0.023158
-0.015200
0.002353
-0.021250
-0.003010
-0.003004
-0.009876
-0.000101
0.001165
0.005869
0.000467
0.006154
0.004279
-0.002791
-0.011630
0.001660
-0.012674
0.003279
0.000109
0.001325
0.004632
0.005922
0.002743
0.013086
0.011890
-0.014488
-0.002959
-0.006139
0.003699
-0.003407
-0.007486
0.004578
0.004468
0.000359
-0.004535
0.002112
0.000383
-0.002033
-0.001800
0.008992
-0.012568
0.003478
0.008085
0.013558
0.006979
0.008114
-0.002233
-0.004773
0.005859
0.005041
-0.000426
-0.007945
-0.017143
0.006923
0.010000
-0.002143
0.004000
-0.024000
0.021481
-0.041667
0.070909
0.048750
0.021000
0.012500
-0.009286
-0.056875
0.012308
-0.012593
-0.010000
0.000000
0.002000
0.009565
-0.026154
-0.010833
0.006667
0.043200
-0.013548
-0.037241
0.005882
0.009630
-0.008750
-0.014667
0.018667
-0.010526
0.016000
0.035238
-0.001429
-0.013043
0.001250
0.034444
-0.020000
-0.027778
0.021111
-0.048571
-0.002353
0.010588
0.006207
0.022963
0.010323
-0.005926
-0.025600
-0.020800
-0.012308
-0.020690
0.019231
-0.038571
0.004444
0.002308
-0.043636
-0.037333
-0.010909
-0.020000
0.010000
0.022424
0.026923
-0.001481
0.034400
-0.017692
-0.017600
-0.043478
-0.002308
-0.003200
0.035385
0.022963
0.049286
-0.032121
-0.006286
0.003846
0.008000
0.025455
-0.030909
0.005000
0.019355
-0.026364
-0.028148
0.003333
0.032000
0.012000
0.015385
0.024211
-0.021250
0.024286
-0.082500
0.061176
-0.028148
-0.053846
-0.016000
0.046154
0.022000
0.000000
0.000000
-0.046250
0.014074
-0.011852
-0.035484
0.048800
-0.014444
-0.011852
-0.001818
0.006875
-0.045333
-0.010000
0.010667
-0.032000
0.017241
-0.014667
-0.006923
0.007857
-0.026000
-0.020000
-0.004000
0.046000
-0.032000
-0.042000
0.064000
0.020000
-0.004000
-0.048000
-0.038000
-0.014000
0.055000
-0.044000
0.014000
-0.012000
0.028000
0.007368
-0.019167
-0.010833
0.032000
0.008000
0.038000
-0.006000
-0.034000
-0.004000
0.004000
0.038000
0.038000
0.062000
0.016000
-0.042000
0.030000
-0.052000
-0.040000
0.006000
0.015833
-0.000833
0.019231
0.011538
0.004000
0.006000
-0.032000
0.002000
0.012000
0.005455
0.016000
0.040000
-0.018000
0.036000
-0.034000
0.016364
0.030000
0.052000
0.000000
-0.012000
-0.017391
0.033913
-0.018947
0.009600
0.044000
-0.004000
0.050000
0.070000
-0.026000
0.006000
-0.060000
0.024000
-0.012000
-0.030000
0.002000
0.010000
0.006000
-0.016000
0.016000
0.010000
0.034667
0.008000
-0.016250
0.018750
0.002286
0.004286
-0.004286
-0.010323
0.026000
-0.009333
-0.014545
0.015000
0.033333
0.015385
-0.022667
0.037391
-0.013333
0.002609
0.010000
0.012174
0.032000
0.008000
0.074000
-0.004000
-0.014000
0.021667
0.018000
-0.024000
-0.032000
-0.058000
-0.024000
-0.034000
0.026000
-0.054000
-0.044000
0.008000
-0.003333
0.004286
0.002759
0.038519
0.042000
-0.010909
-0.018000
0.006000
0.008000
0.028000
-0.012000
-0.044000
0.012000
-0.026000
-0.052000
-0.032000
0.032727
-0.085455
-0.016000
0.002000
-0.000714
-0.015000
-0.015200
0.008462
0.029091
-0.046000
-0.010000
0.020000
-0.026000
-0.068000
-0.036000
-0.010000
0.046000
0.044000
-0.056000
0.038000
-0.014000
-0.010000
-0.024000
0.034000
-0.025000
0.004000
0.008000
0.007273
0.018000
0.048000
-0.004000
-0.030000
0.012000
0.008000
-0.022000
-0.018000
0.000000
-0.002000
-0.008000
-0.012000
0.014000
-0.002000
0.012000
0.030000
-0.012414
0.022759
-0.013939
-0.025806
-0.012000
-0.007273
-0.006000
-0.001818
0.050000
-0.017647
0.004000
0.017500
0.005143
-0.020714
-0.010400
0.008667
-0.053750
0.027200
-0.028148
-0.009565
-0.044000
-0.026000
0.008000
0.028000
0.006000
-0.052000
0.030000
0.046000
0.044000
0.030000
-0.034000
0.010000
-0.064000
-0.004000
0.020000
0.044000
-0.020000
-0.003333
-0.010400
-0.003846
-0.034000
-0.002000
-0.008000
0.030000
0.023333
0.000000
0.030000
-0.044000
0.014000
0.000000
0.020000
0.022000
0.056000
0.002000
0.020000
0.022000
0.000800
0.002500
-0.052222
-0.025806
0.034000
0.006000
0.030000
-0.002000
-0.050000
-0.036000
0.000000
0.008000
0.012000
-0.028000
0.040000
-0.010000
0.024000
-0.003333
-0.036000
-0.014000
-0.003478
-0.017391
-0.020769
0.023704
-0.046000
0.046000
0.004000
-0.002000
0.016000
0.000000
-0.040000
-0.010000
0.016000
-0.018182
0.024000
0.012000
-0.008000
0.016000
0.044000
0.020000
0.001706
-0.002462
-0.001905
0.009901
0.003697
-0.005039
0.001351
-0.003089
0.010495
0.014531
-0.000268
0.000792
-0.013642
-0.003636
0.010323
-0.006626
0.000000
0.000578
-0.009286
0.004458
0.002126
0.006800
-0.001053
0.009683
-0.008268
-0.015026
-0.000518
0.007610
-0.013299
-0.004382
0.001019
-0.007514
0.005174
0.000000
-0.001765
0.009607
-0.008966
-0.014783
0.005313
0.013735
0.000968
0.008966
0.000115
0.002275
-0.008171
-0.001714
-0.002359
0.008739
-0.022353
-0.012500
-0.010000
-0.020870
0.011429
-0.004615
0.025714
0.002500
0.012000
-0.009333
-0.022286
0.008276
0.022222
0.016000
-0.021429
0.020000
0.013793
0.028000
0.000769
0.010000
0.002609
-0.030833
-0.001818
0.016667
0.001667
-0.020000
-0.014737
-0.011429
-0.012000
-0.030000
0.006154
-0.002222
0.011538
-0.017500
-0.012500
0.003200
0.007407
0.016923
0.017857
0.000000
-0.044000
0.016571
0.016111
0.019231
-0.012727
0.016667
0.008000
-0.020000
0.012000
0.000000
-0.010714
-0.024444
-0.036667
0.035455
-0.005714
-0.020909
-0.011724
0.006154
0.019394
-0.002222
0.001250
-0.010000
-0.008000
0.000000
-0.007333
-0.021905
0.004545
0.022500
-0.022667
-0.018824
-0.025926
0.025556
-0.042667
-0.013333
-0.023750
0.030000
-0.016667
-0.012000
0.006452
-0.020800
-0.063846
-0.023846
-0.005833
0.003571
-0.009630
0.011538
-0.008148
0.020667
-0.008966
-0.021765
-0.018571
0.041667
-0.021818
0.003077
0.010000
-0.025714
-0.006111
-0.020000
0.012571
0.007059
-0.028000
0.004444
0.020000
-0.001429
-0.032000
-0.016364
-0.013333
0.015385
0.037600
0.025517
-0.021538
-0.017143
0.016000
0.026087
0.016800
0.016000
-0.014000
-0.002000
0.021818
0.030000
0.004000
0.004000
0.054000
-0.004000
-0.016000
0.020000
-0.002000
-0.042000
0.026000
0.042000
-0.032000
-0.009091
0.010909
0.016800
0.013684
-0.020000
-0.062000
0.031667
-0.020000
0.036000
0.012000
0.034000
0.026000
0.028000
-0.056000
-0.060000
0.026000
0.062000
0.002000
0.000000
0.004000
0.004000
0.005333
-0.002143
-0.049600
0.012800
-0.008000
0.042000
-0.054000
-0.028000
-0.044000
-0.020000
-0.008000
0.004000
-0.034000
-0.002000
0.004000
-0.018000
0.006000
0.056000
-0.016000
0.032000
0.006250
-0.025263
-0.002000
-0.003200
0.010000
0.020000
-0.048000
0.030000
0.050000
-0.018000
-0.056000
-0.082000
0.006000
0.004000
-0.004000
0.016000
-0.034000
-0.032000
-0.034000
-0.026000
0.005185
0.033103
0.000645
-0.004516
-0.040000
0.008000
0.066000
-0.004000
0.014286
-0.013846
-0.014815
0.005333
-0.038667
-0.026316
0.021333
-0.010667
-0.006250
-0.017500
0.019048
0.007692
0.048000
0.006000
-0.032000
-0.010000
-0.024000
-0.060000
0.034000
-0.014000
-0.076000
-0.004000
0.072000
0.020000
-0.036000
-0.020000
0.012000
-0.052000
-0.010370
0.001379
-0.003846
-0.017500
0.014000
-0.020000
0.026000
0.038000
-0.040000
-0.008000
0.006000
-0.024000
0.030000
0.010000
-0.042000
0.012000
-0.036000
-0.022000
0.022000
0.010000
0.005385
0.006154
-0.003200
-0.017143
-0.022000
-0.054000
-0.048000
0.058182
-0.050000
-0.004000
-0.022000
0.002000
0.038000
0.000000
-0.008000
-0.006000
-0.042000
0.012000
-0.068000
-0.028000
0.004000
-0.018400
-0.016190
0.034194
-0.014000
-0.046000
0.006000
0.030000
-0.048000
-0.036000
0.018000
-0.028000
0.034000
0.054545
0.084000
-0.020000
-0.018000
-0.070000
-0.088000
-0.006000
-0.037143
0.004706
-0.001429
-0.049333
0.002286
0.013333
0.025926
-0.007333
0.008333
0.011724
-0.007586
-0.016154
0.048000
0.012000
0.020000
0.014545
0.015789
0.021600
0.005455
0.015000
0.010000
0.006000
0.022000
0.040000
-0.034000
0.031667
-0.022000
-0.072000
0.008000
0.018000
0.000000
-0.034000
-0.004000
0.002000
-0.028000
0.006000
0.008462
-0.005185
-0.005185
0.005000
-0.012000
0.000000
0.006000
0.004000
0.032000
0.024000
0.000000
-0.033846
0.036000
0.044000
-0.010000
0.044000
0.010000
-0.056000
-0.006000
-0.002000
-0.014667
-0.016000
0.004762
-0.020000
-0.048000
0.034000
-0.046000
0.044000
-0.026000
0.004000
0.014000
-0.004000
-0.028000
-0.040000
0.010000
0.006000
0.040000
-0.030000
-0.012000
0.000000
-0.036296
0.007143
-0.011538
-0.034167
-0.016364
0.022000
-0.012000
0.012000
-0.030000
0.026000
0.008000
-0.004000
0.016000
-0.052000
-0.084000
0.010000
0.008000
0.008000
0.078000
-0.034000
-0.004293
-0.005073
0.003394
-0.001070
-0.003731
-0.011472
0.012832
0.016066
-0.005596
-0.003438
-0.000117
-0.009834
0.005838
0.000197
0.014713
-0.012759
-0.011667
0.014483
-0.055385
0.030000
0.010968
0.032727
-0.014737
-0.010400
-0.016471
-0.032727
0.000625
-0.002667
-0.020000
0.030000
0.006667
0.008889
-0.000714
-0.002985
0.012486
-0.013909
0.025833
0.014545
-0.017576
-0.006000
0.033333
0.014000
0.018000
0.000000
0.002727
0.015714
-0.028889
-0.028889
0.028750
-0.040000
-0.025333
-0.036296
-0.004813
-0.003819
-0.007514
0.008729
-0.012353
-0.032000
-0.001250
0.041379
0.000952
-0.024348
-0.005556
0.008571
0.010435
-0.010000
-0.016129
-0.008750
0.041429
0.006000
0.009677
0.005333
0.013962
-0.009600
0.015810
0.022549
-0.010275
-0.014951
-0.023168
0.009901
0.000182
-0.001980
0.003738
-0.005205
0.000462
-0.010112
-0.005140
-0.016343
0.000465
0.014400
-0.011173
-0.009371
0.000231
-0.005371
0.013146
0.012955
0.002327
0.003922
0.006543
0.002629
0.001750
0.001176
-0.002531
0.002212
0.002198
-0.006205
0.000433
0.001743
-0.012489
-0.016147
-0.014570
-0.017337
-0.008942
-0.016226
-0.010521
-0.010744
-0.017426
-0.022252
-0.024710
-0.022513
-0.018315
-0.012639
-0.011745
-0.016303
-0.013355
-0.011395
-0.014573
-0.011832
-0.017827
-0.021054
-0.017402
-0.014199
0.007436
-0.013600
0.006316
0.013563
0.000270
0.022963
0.013684
0.002529
-0.012245
-0.018537
0.017455
-0.008197
0.008000
0.032941
-0.002817
0.004810
0.031020
0.006190
0.012830
-0.007333
0.001067
0.005882
-0.006087
0.008500
-0.004706
0.008434
-0.001818
0.003514
-0.004722
0.000541
0.004658
0.014783
-0.020417
-0.005532
-0.013559
0.017015
-0.001707
-0.000882
0.008706
-0.016627
0.003922
-0.011000
-0.013333
-0.014426
-0.012105
-0.012059
0.046269
0.009487
-0.001972
0.002432
0.004000
0.016812
0.014648
0.006667
-0.018356
-0.003514
-0.007037
0.010909
-0.009032
0.008485
0.000241
-0.007671
0.012250
0.011325
0.013617
-0.000500
0.000000
-0.003000
-0.011000
0.019683
0.021471
-0.005526
0.013235
-0.008060
-0.024118
0.007500
0.000597
-0.006486
-0.008438
0.021000
0.016438
-0.006102
-0.002188
0.005000
0.010462
0.009455
-0.002373
0.009630
0.016250
-0.002143
0.001639
-0.003214
-0.006061
-0.004000
-0.003810
-0.005517
0.006269
-0.002286
0.002769
-0.010725
-0.032000
0.030000
0.000000
-0.020000
-0.018000
-0.016000
-0.022000
0.021667
-0.022000
-0.016923
-0.026000
-0.026000
0.001111
0.017273
0.010000
0.030909
0.002571
-0.002817
0.018437
-0.006176
-0.018000
0.036000
-0.046000
-0.006000
0.004000
-0.020000
-0.012727
0.080000
0.028889
0.002857
0.027692
-0.012000
0.056000
0.038667
0.000000
-0.056000
-0.018000
-0.005455
0.040000
-0.001818
-0.011667
-0.010909
-0.027273
-0.080000
0.021818
-0.024615
-0.018571
0.049091
-0.030400
-0.040000
0.012727
-0.004615
-0.020000
0.030000
0.000000
-0.012727
0.024000
0.044000
-0.002000
0.028333
0.000000
-0.030000
0.002000
-0.002000
-0.032000
0.032000
-0.018000
0.026000
0.016000
0.023636
-0.016000
-0.025455
0.008333
0.004000
-0.018182
-0.002000
0.021818
0.009091
0.009231
0.033846
0.002400
-0.006000
0.034545
-0.054286
0.046000
0.060000
0.023636
-0.011667
-0.007273
0.026000
0.076000
-0.010000
-0.028000
0.016364
0.014000
0.018000
-0.050000
0.003636
-0.016000
0.016000
0.009014
-0.010149
-0.016129
-0.017895
0.026000
0.020000
-0.006250
0.000000
-0.021250
-0.037895
-0.013750
-0.034000
-0.002000
0.000000
-0.030000
0.002000
0.016000
0.036000
-0.028000
-0.006000
-0.018095
-0.001471
-0.003103
-0.014737
0.010000
0.000000
-0.028000
0.008333
-0.030000
0.028000
0.000000
0.030000
-0.003529
-0.018000
-0.048000
0.005455
-0.046000
0.030588
0.001818
-0.006000
-0.025000
-0.004000
0.012727
-0.022000
-0.002000
0.041818
0.044000
-0.025000
0.030000
0.000000
-0.020000
-0.032000
0.012727
0.090000
-0.002000
0.038000
-0.034000
-0.031667
-0.032000
0.002000
0.010000
-0.027273
0.052727
-0.028000
0.014545
0.018182
-0.043636
-0.071667
0.040800
0.002000
0.041538
0.009231
0.012727
0.046667
0.060000
0.000000
0.104000
0.003636
-0.008000
-0.016000
0.006957
0.020000
0.005000
-0.015714
0.003636
0.018000
-0.005455
-0.003636
0.040000
0.024000
0.014545
-0.061538
0.027273
-0.026000
0.002000
-0.038000
-0.050000
0.010000
0.022000
0.004000
0.024000
-0.020000
0.006000
-0.050000
-0.005143
-0.017273
0.000678
-0.008966
-0.002000
0.034286
0.022500
0.020000
0.077500
0.003158
-0.006667
0.011429
-0.004000
0.016000
0.040000
-0.020000
0.016000
-0.050000
0.003636
-0.016000
0.004000
-0.009841
-0.007302
-0.030526
0.026250
-0.002105
-0.032000
0.050000
0.000000
-0.046154
0.002000
-0.038000
-0.002000
-0.038182
0.010000
0.030909
-0.050000
0.024000
-0.020000
0.006000
-0.025455
-0.012727
0.038000
-0.050000
0.100000
0.016364
-0.008000
-0.020000
0.036000
-0.046000
-0.006000
-0.018000
0.016000
0.002000
-0.026000
-0.052000
-0.023636
0.008000
-0.014545
0.014000
0.046000
0.021667
0.050000
-0.010000
-0.001667
-0.008000
-0.003333
-0.018333
-0.021818
-0.022000
-0.010000
-0.027273
0.030000
0.010000
0.040000
0.020000
-0.003636
0.026000
0.052000
-0.018000
0.032000
0.002000
0.024000
-0.024000
0.028000
0.000000
0.030000
-0.030000
-0.016667
0.012000
-0.003636
-0.053333
0.040000
0.036364
0.024000
-0.008000
-0.037500
0.018000
-0.003529
0.003529
-0.020000
0.028000
-0.044000
0.070000
0.005307
0.011370
0.000501
-0.005344
0.001560
-0.004469
-0.002003
0.007544
-0.003455
0.002464
-0.002457
0.003722
-0.004511
0.004378
-0.004511
0.004378
0.004110
0.001340
0.004130
-0.001966
0.011385
-0.006032
-0.008235
-0.001096
-0.009697
-0.023385
-0.006353
-0.025882
0.009275
-0.004308
0.016765
-0.005507
-0.000779
0.014516
0.009412
0.006437
-0.030882
-0.009091
0.002029
0.000870
0.004675
-0.002154
-0.000597
-0.005412
-0.004511
0.000427
-0.004511
0.000427
0.005974
-0.001637
-0.002559
0.003655
-0.018000
-0.008406
-0.000941
-0.011364
0.016667
0.010154
0.008095
-0.004658
-0.024000
0.013043
0.007945
0.009538
-0.031842
0.005429
0.009070
0.004318
0.002727
-0.001538
-0.020308
-0.012615
-0.011111
-0.004194
-0.003333
0.019540
-0.001165
0.000231
-0.001165
0.000231
-0.005886
-0.006505
0.000160
-0.013161
0.016667
0.023385
0.008434
-0.002857
0.003824
-0.014545
-0.004941
-0.012676
-0.008824
-0.006154
-0.009552
0.005538
-0.011951
0.015484
-0.010465
-0.018202
0.017059
-0.003824
-0.025455
0.010303
0.016154
-0.004375
0.016716
-0.006047
-0.008615
0.018529
-0.018246
0.000635
-0.012424
0.008529
-0.021695
-0.010164
0.007302
-0.003704
-0.009492
-0.001724
0.018095
0.021509
-0.026667
0.007458
0.020308
-0.024231
0.025714
-0.011579
0.000635
-0.001111
-0.020000
-0.001379
-0.004127
-0.002903
0.015439
0.015472
-0.024000
0.012000
-0.016364
0.012000
-0.038182
-0.024000
0.016000
-0.024000
-0.046000
-0.006000
-0.036000
-0.010000
-0.010000
0.005000
-0.009231
0.058462
-0.017460
0.007619
0.005714
0.017308
-0.020000
0.002000
0.010000
0.010000
0.046000
-0.042000
-0.018000
0.012000
-0.007273
0.010000
0.023077
0.001818
-0.046000
0.064000
0.008000
0.002000
0.058000
0.030000
0.058000
0.030000
-0.026000
-0.032000
-0.006000
0.036000
-0.008000
-0.052000
-0.015000
-0.054000
-0.040000
-0.040000
0.056364
-0.034000
-0.002500
-0.030769
-0.002727
-0.054667
0.032000
0.022000
0.018000
-0.016000
0.009091
0.032000
-0.002000
-0.012000
-0.001538
0.048000
0.012727
-0.008571
0.006000
0.054000
0.006000
0.054000
-0.018000
-0.022000
-0.070000
0.024000
0.002000
-0.040000
0.011667
-0.012000
-0.022000
0.000000
-0.036364
-0.006000
0.016000
0.000000
0.006000
0.014000
-0.006667
0.013333
0.002727
-0.021176
-0.056667
-0.020000
0.069091
0.024286
0.041818
-0.014000
0.004000
0.050000
-0.003529
0.007869
0.015517
-0.003582
0.044000
-0.020000
-0.018333
0.040000
0.018333
-0.038095
-0.002667
-0.005000
0.046000
-0.030000
-0.006000
-0.034000
-0.068000
-0.010000
0.030000
0.020000
0.008358
-0.015385
-0.010545
-0.025818
0.000000
-0.016000
-0.012000
-0.024000
-0.032000
0.084000
-0.050000
0.030000
-0.032727
-0.035789
-0.049231
-0.020000
-0.058000
0.053333
0.024000
-0.028000
-0.021176
0.004286
0.025217
0.004444
-0.006000
0.026000
-0.064000
-0.002000
0.003636
0.076000
0.076000
-0.020000
-0.004000
-0.042857
-0.010769
-0.013333
0.000000
0.026000
0.000000
0.026000
-0.034000
-0.066000
0.054000
0.028000
-0.022000
0.058000
-0.003636
-0.010000
0.032000
-0.034000
0.044000
-0.052000
-0.070000
0.024000
-0.018000
-0.022000
0.001818
0.014000
0.001818
0.014000
-0.040000
-0.012000
-0.010000
0.028000
0.042000
-0.050000
-0.001818
-0.004000
-0.012000
0.038000
0.004000
0.006000
0.012857
0.010588
-0.003478
-0.026667
0.025455
0.030000
-0.004615
-0.024444
0.018000
0.030000
0.038000
0.000000
0.001159
0.014242
-0.016842
0.023333
-0.044000
-0.012727
-0.007273
-0.006000
0.026000
0.008421
0.056471
-0.020000
0.086000
0.018000
-0.046000
0.000000
0.064000
-0.022000
0.022000
-0.006000
-0.000937
0.021587
-0.026786
0.016538
-0.018000
-0.023000
-0.003333
0.025333
0.016000
0.010909
0.012000
0.018000
0.010000
0.024000
0.027273
0.014000
0.032000
-0.026000
0.026000
0.014000
-0.027500
-0.013750
0.016364
0.041053
-0.032000
0.000000
0.032000
0.024000
-0.016364
-0.012000
-0.026000
0.010909
-0.027692
0.032857
-0.001538
0.008750
0.054000
0.028000
-0.034000
-0.066000
0.012000
-0.002000
0.012000
-0.002000
-0.036000
0.052000
-0.030000
-0.006000
0.044000
-0.002000
0.009091
-0.006000
0.006000
-0.032000
-0.056000
0.018000
-0.021333
0.028571
0.001905
-0.063529
-0.053333
-0.018000
-0.041667
-0.038571
0.006000
0.032000
-0.012727
0.016000
-0.006000
0.036000
-0.026000
-0.032000
-0.044000
-0.062000
-0.044000
-0.062000
-0.034000
0.012000
-0.010000
-0.014000
0.058000
0.032000
0.060000
-0.020000
-0.011887
-0.015048
-0.005192
0.012200
0.009204
0.000755
-0.004324
0.012081
-0.001835
-0.027059
0.000000
0.005743
-0.012674
0.003279
0.000109
0.001325
0.004632
0.005922
0.002743
0.013086
0.003699
-0.003407
-0.007486
0.004578
0.004468
0.000359
-0.004535
0.002112
-0.012568
0.003478
0.008085
0.013558
0.006979
0.008114
-0.002233
-0.004773
-0.019200
0.006061
0.024444
0.013600
0.022400
-0.023333
-0.004828
-0.020769
-0.066000
-0.018462
0.011111
-0.030000
-0.029333
-0.016000
-0.001176
0.016000
-0.044286
0.017333
-0.037333
-0.004706
-0.000645
-0.037600
-0.008485
-0.011538
-0.002857
-0.020000
-0.040000
-0.021250
0.000000
-0.036923
0.007143
-0.011429
-0.013571
-0.011111
-0.029565
0.015484
0.021250
-0.057333
-0.009333
-0.002857
0.024444
0.013600
-0.019200
0.006061
-0.011538
0.007407
-0.029697
-0.036000
-0.022667
-0.015200
-0.019375
0.026452
0.016000
-0.029333
-0.016000
-0.001176
0.004000
-0.073846
0.005000
0.008000
-0.002857
0.021250
-0.057333
-0.009333
0.013846
0.016250
0.018571
0.028966
0.000000
-0.015152
-0.000667
0.030667
0.094000
-0.005333
-0.006000
0.010909
0.001333
0.014667
0.044706
-0.044000
-0.005385
0.010588
-0.010303
-0.022353
0.018571
0.028966
0.013846
0.016250
-0.004828
-0.020769
0.022400
-0.023333
0.018667
-0.002667
0.017333
0.005714
-0.029565
0.015484
-0.013571
-0.011111
0.024167
-0.014375
0.014400
-0.012500
0.017333
-0.037333
-0.004706
-0.044286
-0.003636
-0.010909
-0.052000
0.018182
-0.026207
-0.017600
0.023871
-0.029231
-0.044000
0.001333
0.014667
0.044706
-0.024286
0.055385
0.025714
-0.020000
0.005714
0.018667
-0.002667
0.017333
-0.020000
-0.040000
-0.021250
-0.002857
-0.000667
0.030667
0.000000
-0.015152
-0.006154
-0.033571
-0.005000
-0.012353
0.014400
-0.012500
0.024167
-0.014375
-0.013642
-0.003636
0.010323
-0.006626
0.000000
0.000578
-0.009286
0.004458
-0.008268
-0.015026
-0.000518
0.007610
-0.013299
-0.004382
0.001019
-0.007514
-0.008966
-0.014783
0.005313
0.013735
0.000968
0.008966
0.000115
0.002275
0.038667
0.011250
-0.025714
0.006667
0.009677
-0.018400
-0.008387
0.011538
-0.014667
0.032500
-0.001429
0.041333
-0.009333
-0.015385
0.017143
-0.035385
0.048148
0.018710
-0.014286
-0.020000
-0.024000
0.030345
0.010000
0.007200
-0.088000
-0.010000
0.000000
-0.030000
0.034667
0.007143
-0.028000
-0.052000
-0.014286
-0.020000
0.048148
0.018710
-0.010833
0.000714
-0.000714
-0.024667
-0.005000
-0.002400
0.030000
0.020000
-0.005000
-0.014286
-0.008000
-0.005333
0.030000
0.020000
-0.005000
-0.002400
-0.004444
-0.018824
-0.032857
-0.012800
0.011250
-0.025714
0.006667
0.038667
0.046000
0.016000
0.012727
-0.009091
0.035714
-0.028750
-0.037143
-0.017333
0.002222
-0.002400
-0.012258
0.003846
-0.022667
-0.022500
-0.028571
0.024000
-0.009333
0.023077
-0.024000
-0.030769
0.032500
-0.001429
0.041333
-0.014667
0.001250
-0.001379
-0.001538
0.012258
-0.032857
-0.012800
-0.004444
-0.018824
0.022609
-0.007407
0.019355
-0.040625
-0.017931
-0.006400
0.006250
0.007742
-0.052000
0.034667
0.007143
-0.028000
-0.005714
0.024615
0.027143
-0.007143
-0.005333
-0.005000
-0.014286
-0.008000
-0.001538
0.012258
0.001250
-0.001379
0.028571
-0.031765
0.024000
0.015862
-0.028750
-0.037143
-0.017333
0.035714
0.010000
0.002000
0.029091
0.033333
-0.026087
0.013939
0.010303
-0.015000
0.024000
0.015862
0.028571
-0.031765
-0.022500
-0.028571
0.024000
-0.022667
0.010000
0.007200
-0.024000
0.030345
0.013962
-0.009600
0.015810
0.022549
-0.010275
-0.014951
-0.023168
0.009901
0.000182
-0.001980
0.003738
-0.005205
0.002327
0.003922
0.006543
0.002629
0.001750
0.001176
-0.002531
0.002212
0.002198
-0.006205
0.000433
0.001743
-0.010833
0.003438
-0.003562
-0.004615
-0.022778
-0.004545
-0.001159
-0.026667
-0.003562
-0.004615
-0.010833
0.003438
-0.004789
-0.005538
0.002319
0.000303
-0.001159
-0.026667
-0.022778
-0.004545
0.002319
0.000303
-0.004789
-0.005538
-0.004511
0.004378
-0.004511
0.004378
-0.004511
0.000427
-0.004511
0.000427
-0.001165
0.000231
-0.001165
0.000231
0.010625
-0.001587
0.010625
-0.001587
0.009524
0.018769
0.009524
0.018769
-0.001587
0.010625
-0.001587
0.010625
0.007692
-0.014921
0.007692
-0.014921
0.018769
0.009524
0.018769
0.009524
-0.014921
0.007692
-0.014921
0.007692
