-0.127681
-0.121206
-0.124901
-0.123668
-0.109300
-0.110045
-0.121916
-0.109388
-0.125207
-0.129363
-0.122421
-0.122948
-0.093105
-0.086286
-0.082161
-0.085572
-0.088493
-0.068844
-0.081147
-0.090555
-0.130958
-0.129490
-0.134972
-0.127251
-0.044737
-0.016364
-0.010345
0.024103
-0.010000
-0.002424
-0.025862
-0.024211
-0.031304
-0.034211
-0.027500
-0.011481
-0.030732
0.008125
-0.013818
-0.021429
-0.025854
-0.005294
-0.044286
-0.006780
-0.042000
-0.047059
-0.027692
-0.010811
-0.040000
-0.006061
-0.011176
-0.019655
-0.034510
-0.054706
-0.031111
-0.032222
0.006122
-0.037073
0.004138
0.008000
-0.029796
-0.012353
-0.018947
-0.013214
0.014118
0.020606
0.007931
0.014737
0.013725
0.012571
0.026111
-0.000392
0.049623
0.034178
0.040247
0.037308
0.032625
0.031161
0.036543
0.044330
0.016327
0.019940
0.005077
0.012583
0.034244
0.028218
0.035950
0.030960
0.011765
-0.005217
0.026154
0.017857
0.022286
0.010714
0.014828
0.033962
0.033505
0.038217
0.034211
0.036786
0.039231
0.045185
0.024000
0.012000
0.029600
0.067500
0.049286
0.045385
0.019005
0.016503
0.022433
0.023721
0.026207
0.038750
-0.008485
-0.002143
0.060000
0.044545
0.044667
0.033889
0.010769
-0.008333
-0.007429
0.031351
-0.024848
0.021667
-0.045517
0.012432
0.024000
-0.015000
-0.001091
-0.004000
0.029697
-0.065000
-0.015484
0.023243
0.020513
0.000000
-0.000385
-0.007541
-0.009032
-0.026000
0.026429
0.021875
-0.003019
-0.017143
0.023654
-0.002800
-0.013628
-0.030755
-0.032252
-0.014765
0.002018
-0.024118
-0.014159
-0.011089
-0.002727
-0.006134
-0.007264
-0.006909
0.023700
0.023984
0.008462
0.014094
0.023077
0.033333
0.021871
0.027692
0.002618
0.007707
0.007982
0.006631
-0.014819
-0.011574
-0.003584
-0.017486
-0.009845
-0.002917
-0.016257
-0.011050
0.011676
0.010148
-0.010345
-0.003448
0.011667
0.041379
0.015385
-0.025000
-0.019355
0.034545
0.028421
0.024800
0.015294
0.023636
-0.038750
-0.027333
-0.038261
-0.042000
0.002222
-0.044444
0.016327
0.001194
0.002659
0.028182
-0.013333
0.018182
0.020606
0.008000
0.067778
0.050000
0.033333
0.026667
-0.049091
0.002857
-0.021111
-0.004444
-0.020000
0.008333
0.028000
-0.013333
-0.013369
0.000804
-0.000221
-0.004420
0.003529
-0.018000
-0.010000
-0.012414
-0.010476
0.036522
0.034444
-0.002857
-0.048696
-0.032000
0.037419
-0.002500
0.014286
0.006000
-0.007097
-0.009333
0.019223
0.022451
0.020747
0.009697
0.013981
0.011583
0.018972
0.026974
0.004000
-0.016047
0.006432
-0.008216
-0.001260
-0.001654
0.004796
0.007921
-0.019004
-0.011545
-0.010100
-0.014118
-0.000078
-0.001707
0.002383
-0.002922
0.066667
0.042353
0.017500
0.018889
0.008400
0.013208
0.025625
-0.006429
-0.005667
0.002222
0.015349
0.008718
0.026250
0.000000
-0.033333
0.034444
-0.011111
0.030000
-0.001176
-0.034118
0.001455
0.014737
0.028485
-0.014211
-0.009091
-0.072941
0.041667
-0.020000
0.005417
0.024000
0.023636
-0.025926
-0.032963
-0.030588
-0.060930
-0.007111
-0.058182
0.020000
-0.023636
-0.007692
-0.002500
-0.022105
0.012000
-0.069412
0.003273
0.034872
0.013939
0.023000
-0.009289
-0.018462
-0.023095
-0.011287
-0.003318
-0.016202
-0.019910
-0.018455
0.004752
0.014766
0.008661
0.007030
0.009213
0.011120
0.004000
0.023077
-0.017838
-0.012823
-0.010252
-0.014323
0.004202
-0.009306
-0.006051
0.002941
-0.012258
0.015185
0.012727
0.006383
0.005556
-0.052381
0.001333
-0.008750
-0.006154
-0.048571
0.030909
0.038750
0.001538
0.033208
0.009655
0.001765
-0.014909
0.024906
-0.011364
-0.021224
-0.012727
-0.022857
-0.008000
-0.015385
0.010508
0.037838
-0.005517
-0.012683
-0.015000
0.006667
0.028000
0.014118
0.062667
0.010000
0.022667
0.026250
-0.008197
0.015789
-0.001176
0.001026
0.044255
0.017083
0.062500
0.004000
-0.001818
0.007143
0.024000
-0.013846
0.025436
0.009904
0.023694
0.008280
-0.013854
-0.021773
-0.022905
-0.009101
0.024560
0.016683
0.017627
0.010710
-0.023226
-0.014925
-0.005517
-0.014078
-0.050000
0.028000
-0.025625
-0.025714
0.000833
-0.028000
-0.042759
0.002000
-0.014737
0.046000
0.004286
0.036923
0.018286
0.018462
0.021250
0.025625
0.003830
-0.000690
-0.006067
-0.007528
-0.039444
-0.020000
0.010303
0.026857
-0.031000
-0.008000
0.045000
-0.016923
0.018824
-0.018000
-0.001290
0.013846
-0.006000
0.028000
0.016800
-0.047500
0.000311
0.018218
0.007033
0.008978
0.009600
0.034000
-0.043750
-0.016154
0.018095
-0.018000
-0.004848
-0.036923
-0.009091
0.003636
-0.048235
-0.011034
0.017895
-0.009600
0.017647
-0.032500
-0.022359
-0.016763
-0.011429
-0.031696
-0.010341
-0.003149
-0.018599
-0.006182
-0.021624
-0.023745
-0.040127
-0.031656
0.037358
0.028000
0.024952
0.038627
0.002018
-0.005437
-0.001386
0.003366
0.016545
0.013861
-0.003178
0.020000
0.049623
0.034178
0.040247
0.037308
0.032625
0.031161
0.036543
0.044330
0.016327
0.019940
0.005077
0.012583
0.011765
-0.005217
0.026154
0.017857
0.022286
0.010714
0.014828
0.033962
0.039231
0.045185
0.024000
0.012000
0.029600
0.067500
0.049286
0.045385
0.026207
0.038750
-0.008485
-0.002143
0.060000
0.044545
0.044667
0.033889
-0.006154
-0.027619
-0.019529
-0.017808
-0.005758
-0.008923
-0.027529
-0.008824
0.010769
-0.008333
-0.007429
0.031351
-0.019481
-0.003871
-0.011471
0.008046
-0.024848
0.021667
-0.045517
0.012432
0.005195
-0.012615
-0.001493
-0.011059
-0.012571
-0.011884
-0.010353
-0.015455
0.000556
-0.011077
-0.007381
-0.010685
-0.010000
-0.000571
-0.001163
0.004773
0.024000
-0.015000
-0.001091
-0.004000
0.029697
-0.065000
-0.015484
0.023243
0.001481
-0.008065
0.021818
-0.013103
0.015556
0.027692
0.017831
0.012308
0.019118
-0.002424
0.007294
0.006197
0.024878
-0.001290
0.010465
-0.018652
0.020513
0.000000
-0.000385
-0.007541
0.021026
0.007188
-0.006269
0.001860
-0.009032
-0.026000
0.026429
0.021875
0.051837
-0.001951
-0.011273
0.013115
-0.020000
0.011905
0.021887
-0.004000
0.000000
0.020851
-0.002034
0.010149
-0.015686
-0.004000
-0.018519
0.001639
-0.015926
-0.009545
-0.027419
-0.016667
0.003404
0.018500
-0.001200
0.019667
-0.003571
0.007391
0.001039
-0.009000
0.054000
-0.005000
-0.069091
-0.040000
0.016000
0.012727
-0.020000
-0.018000
0.008000
-0.045714
-0.023636
0.014545
0.021000
-0.044444
-0.001667
-0.001333
-0.006744
-0.019574
-0.017746
0.009157
0.003333
0.040000
-0.027273
-0.002500
0.002000
-0.045455
-0.005455
-0.018000
-0.038000
0.003077
0.005714
-0.015000
0.050000
0.029333
-0.027273
0.049091
0.015778
0.009512
0.023175
0.018889
0.022000
-0.010667
0.002667
-0.015714
0.015000
0.000000
-0.012500
-0.050000
0.000000
-0.012000
-0.050769
-0.021333
0.006000
-0.030000
-0.016364
-0.042000
-0.008205
0.000732
-0.019118
-0.015000
0.012000
0.061818
-0.001818
0.028000
0.007273
0.029091
0.064000
0.026667
-0.032632
-0.014167
-0.032000
-0.069091
-0.004000
0.046667
0.006667
-0.043636
-0.012564
-0.008780
-0.003385
0.000845
0.032000
0.063333
0.032500
-0.003077
-0.022353
0.010400
-0.026316
-0.015000
-0.006000
0.022000
-0.001818
-0.008000
0.022000
0.026000
-0.041818
-0.033846
0.021235
-0.026076
0.002333
0.000260
-0.029333
-0.013333
-0.032727
0.053333
-0.012727
-0.009231
0.024000
0.005000
-0.002000
-0.012000
0.005455
-0.025455
0.052727
-0.030000
0.065455
0.020000
0.018000
-0.007692
-0.018571
0.023077
-0.009630
0.001818
-0.020000
-0.025455
0.024000
-0.069231
0.000000
-0.010909
-0.012000
-0.044000
-0.004000
-0.010909
-0.006000
-0.003636
0.000000
0.017143
0.023333
0.000000
0.041538
-0.003000
0.007273
-0.002000
-0.014000
0.000000
-0.006667
0.014286
0.016667
0.024000
-0.018333
0.003333
0.050000
0.010000
-0.025455
0.068000
0.024000
-0.026000
0.056000
-0.036364
0.006000
-0.038462
-0.015625
-0.010667
-0.016923
0.014000
-0.017692
0.048000
0.034118
0.040870
0.045455
0.016000
0.014000
-0.003077
-0.002000
-0.058000
0.020000
-0.047273
0.016000
0.021538
0.036000
0.003333
0.046000
0.036923
0.068000
-0.026154
0.032000
-0.001818
-0.082000
-0.030000
0.017143
0.015000
0.007500
-0.016190
-0.042000
0.007273
-0.026000
0.001667
-0.006000
0.038000
0.042000
0.014000
-0.001818
0.025000
-0.001667
0.030000
-0.015714
0.000000
-0.003529
-0.008000
0.004000
-0.010000
0.014000
0.009231
-0.127681
-0.121206
-0.124901
-0.123668
-0.109300
-0.110045
-0.121916
-0.109388
-0.125207
-0.129363
-0.122421
-0.122948
-0.093105
-0.086286
-0.082161
-0.085572
-0.088493
-0.068844
-0.081147
-0.090555
-0.130958
-0.129490
-0.134972
-0.127251
0.014847
0.023370
0.019750
0.016885
0.034244
0.028218
0.035950
0.030960
0.023058
0.001029
0.018676
0.019005
0.033505
0.038217
0.034211
0.036786
-0.045261
-0.058547
-0.049898
-0.045804
0.019005
0.016503
0.022433
0.023721
0.029802
0.025231
0.032081
0.029551
0.035942
0.011077
0.017059
0.030435
0.001471
-0.020909
-0.008116
-0.029565
0.026869
0.025425
0.022243
0.023931
-0.003714
0.022609
0.019452
0.011692
-0.027273
0.020923
-0.009231
0.004000
-0.060981
-0.064660
-0.072556
-0.068221
0.004412
-0.010769
-0.021791
-0.021231
-0.012647
0.005000
0.015152
-0.028182
0.020000
0.006182
0.003019
0.007347
0.034545
-0.015714
-0.005000
0.018182
0.016364
-0.016923
-0.030000
-0.034000
-0.048000
0.004286
-0.022000
0.016923
-0.080000
0.014737
0.012000
0.003636
-0.030870
-0.018800
-0.015849
-0.018400
-0.018182
0.009091
0.020000
-0.055385
-0.016000
0.027143
0.044000
-0.014545
-0.078000
-0.027778
0.044000
-0.026000
-0.022000
0.021538
-0.016000
-0.063636
0.005306
0.016957
0.007451
0.020656
-0.006000
-0.054286
0.028000
-0.030909
0.006000
-0.051765
-0.005882
0.018000
0.049091
-0.027273
0.013333
0.008333
-0.022000
0.040000
-0.004000
-0.036000
-0.006818
0.007391
-0.013684
0.005957
0.038000
-0.020000
-0.094000
0.028000
0.054545
0.000000
-0.029091
-0.001818
0.005455
-0.013684
0.034667
-0.002667
0.014545
-0.029231
-0.002000
0.046667
-0.011111
-0.034894
-0.004364
0.017358
0.062000
0.013333
-0.028000
-0.040000
0.070909
-0.004444
-0.001111
-0.064000
-0.016000
0.022000
0.002000
-0.016000
0.060000
0.047273
0.040000
-0.018333
-0.025652
-0.028444
-0.011321
0.006667
-0.024000
0.008235
0.005714
-0.021250
0.007273
0.001538
0.004000
-0.096364
0.020000
0.016000
0.014000
0.021818
0.014545
0.052000
0.026667
0.046154
-0.016364
0.036923
0.000000
0.024286
0.000000
-0.005455
0.018000
0.016000
0.016000
-0.007692
0.052000
0.046667
0.002105
0.066000
0.018000
0.028889
-0.012000
0.020000
0.066154
0.005000
-0.032727
-0.034000
0.026000
-0.020000
0.012500
0.052000
0.027273
-0.030000
0.002000
-0.004615
0.040000
0.020000
-0.016000
0.033333
-0.034000
0.030000
-0.012500
0.004286
-0.023077
-0.013684
0.032000
-0.010769
0.001667
-0.052857
0.040000
0.044000
0.010000
0.043636
0.012727
-0.069091
-0.014000
0.025455
0.010909
0.020000
0.008333
-0.041818
-0.030667
-0.008000
0.001667
0.023158
0.016000
-0.053333
-0.030000
0.055000
0.032000
0.000000
-0.002000
0.013333
-0.014118
-0.021429
-0.028000
-0.018750
0.004000
0.010000
0.080000
0.038333
0.040000
0.018333
0.011667
0.011667
0.010667
0.016364
-0.047692
0.031579
-0.052000
0.021667
0.050000
-0.002000
-0.042000
-0.054000
0.029091
0.023077
0.036364
0.038333
0.007692
0.043333
-0.044737
-0.016364
-0.010345
0.024103
-0.010000
-0.002424
-0.025862
-0.024211
-0.031304
-0.034211
-0.027500
-0.011481
-0.030732
0.008125
-0.013818
-0.021429
-0.025854
-0.005294
-0.044286
-0.006780
-0.042000
-0.047059
-0.027692
-0.010811
0.011026
-0.016267
0.002895
0.004828
-0.007297
-0.000247
0.002368
-0.000690
0.002118
-0.009706
-0.002817
-0.005316
-0.040000
-0.006061
-0.011176
-0.019655
-0.028267
-0.006765
-0.017971
-0.024750
-0.034510
-0.054706
-0.031111
-0.032222
-0.019118
0.003614
-0.011169
0.005676
0.015833
0.003784
0.002466
0.003768
0.006122
-0.037073
0.004138
0.008000
0.008537
-0.009706
-0.002353
-0.002169
-0.007368
-0.008824
-0.012537
-0.016410
-0.029796
-0.012353
-0.018947
-0.013214
-0.012394
-0.000270
-0.002400
0.011304
-0.002817
-0.014872
-0.017808
-0.011081
0.014118
0.020606
0.007931
0.014737
0.004819
0.038904
0.007750
0.022410
0.013725
0.012571
0.026111
-0.000392
0.002750
0.023492
-0.006765
0.008158
-0.003977
-0.023086
-0.022514
-0.014971
-0.008800
-0.008966
-0.006207
0.008343
0.012948
0.002759
0.006818
0.012841
-0.003019
-0.017143
0.023654
-0.002800
-0.013628
-0.030755
-0.032252
-0.014765
0.002018
-0.024118
-0.014159
-0.011089
0.025436
0.009904
0.023694
0.008280
-0.013854
-0.021773
-0.022905
-0.009101
0.024560
0.016683
0.017627
0.010710
-0.023226
-0.014925
-0.005517
-0.014078
-0.050000
0.028000
-0.025625
-0.025714
0.000833
-0.028000
-0.042759
0.002000
-0.014737
0.046000
0.004286
0.036923
0.018286
0.018462
0.021250
0.025625
0.003830
-0.000690
-0.006067
-0.007528
-0.039444
-0.020000
0.010303
0.026857
-0.031000
-0.008000
0.045000
-0.016923
0.018824
-0.018000
-0.001290
0.013846
-0.006000
0.028000
0.016800
-0.047500
0.000311
0.018218
0.007033
0.008978
0.009600
0.034000
-0.043750
-0.016154
0.018095
-0.018000
-0.004848
-0.036923
-0.009091
0.003636
-0.048235
-0.011034
0.017895
-0.009600
0.017647
-0.032500
0.019223
0.022451
0.020747
0.009697
0.013981
0.011583
0.018972
0.026974
0.004000
-0.016047
0.006432
-0.008216
-0.000814
0.010601
0.004130
0.010723
0.003579
0.016425
-0.010629
0.003704
-0.001260
-0.001654
0.004796
0.007921
-0.008324
-0.005714
-0.003240
0.016386
-0.012128
-0.001557
-0.019535
-0.002484
-0.019004
-0.011545
-0.010100
-0.014118
0.001093
0.000761
0.011064
-0.002596
0.001667
0.004343
0.000465
0.006250
-0.000078
-0.001707
0.002383
-0.002922
-0.008571
-0.012308
0.002857
-0.025000
-0.022400
0.016000
0.031852
-0.003333
-0.018182
0.037500
-0.005000
0.047500
0.044286
0.003750
0.000000
0.028889
0.047778
0.055000
0.007333
0.000870
0.020769
0.013333
0.035000
0.012000
0.003871
0.036552
-0.001176
0.011852
0.003750
-0.062667
-0.013333
0.027368
-0.008000
-0.030476
-0.001429
-0.023478
-0.023750
-0.037778
0.001379
-0.032222
0.016667
-0.017143
0.031765
0.034118
-0.037241
-0.017037
0.032903
-0.017037
0.020800
0.012800
-0.027692
0.004828
-0.013846
0.006429
0.002963
-0.003077
0.027273
-0.009333
-0.036364
-0.041667
0.031429
0.032121
-0.033846
-0.002222
-0.019200
-0.003077
-0.009600
-0.003478
0.047692
0.012000
0.011538
-0.004444
-0.003571
-0.003030
-0.005143
-0.025385
0.004000
0.072727
-0.023636
-0.023333
-0.016774
-0.003636
0.011852
-0.008333
-0.041333
0.018667
0.013846
0.016842
0.056250
0.028571
-0.025000
0.057647
0.016296
-0.016154
-0.046667
-0.010000
-0.038000
-0.001538
0.031000
-0.015000
0.000741
0.008889
0.039355
-0.006400
0.011667
0.011852
0.006667
0.017500
0.002667
-0.024444
0.017333
0.057333
-0.025517
0.007333
0.005385
-0.029286
-0.026000
0.006000
0.016000
0.014000
-0.030000
0.018000
0.054000
0.030000
-0.002000
-0.050000
-0.030000
0.034000
-0.030000
0.006000
-0.006000
0.000000
0.013333
-0.013684
-0.005000
-0.019167
0.000000
-0.022000
0.036000
-0.048000
0.048000
-0.024000
0.004000
-0.022000
0.014000
0.022000
-0.010000
0.022000
-0.026000
0.048000
0.032000
-0.028000
-0.016667
-0.000833
-0.010769
-0.023846
-0.004000
0.018000
0.034000
0.070000
-0.002000
-0.023636
-0.028000
0.046000
0.018000
0.068000
-0.016000
-0.043636
0.028000
-0.020000
-0.042000
0.004000
0.018261
0.033043
-0.008421
-0.004000
-0.012000
-0.046000
0.006000
0.022000
-0.044000
-0.062000
-0.022000
0.000000
-0.030000
0.002000
0.000000
0.002000
-0.002000
-0.094000
-0.026000
-0.040000
-0.025333
0.013333
0.050000
0.003750
0.018286
0.005714
0.031429
0.004516
-0.028000
0.028000
-0.025455
0.020000
0.017037
-0.026923
-0.002667
0.025217
-0.026667
-0.026087
-0.026667
0.031304
0.000000
0.018000
0.008000
-0.048000
0.026000
-0.026667
0.012000
0.038000
-0.028000
-0.004000
0.054000
0.016000
-0.008000
0.028000
0.024000
0.058000
0.030000
0.021429
-0.024138
-0.002222
0.002000
0.001818
0.000000
-0.028000
-0.038000
0.034000
-0.058000
-0.012000
-0.014000
-0.030000
-0.030000
-0.062000
-0.049091
0.021818
0.028000
0.032000
-0.005000
-0.003571
0.009600
-0.031538
-0.025455
0.000000
-0.038000
-0.004000
-0.062000
0.010000
0.046000
-0.056000
0.032000
-0.020000
0.016000
-0.022000
0.010000
0.060000
0.002000
0.078000
0.050000
-0.014000
0.004000
0.029091
0.000000
-0.070000
-0.038000
0.018000
-0.010000
0.024000
0.100000
0.018000
-0.060000
0.008000
0.028000
0.084000
-0.002000
-0.070000
-0.002000
-0.002000
0.014483
0.024828
0.016970
0.032258
0.008000
0.009091
0.014000
0.047273
-0.007143
0.001176
0.029333
0.001250
0.020000
0.010714
0.021600
-0.022000
0.068750
0.004000
0.010370
0.020870
0.030000
-0.024000
-0.014000
0.032000
0.004000
0.050000
0.072000
-0.074000
0.004000
0.056000
0.070000
0.014000
0.012000
0.028000
-0.054000
-0.058000
0.010345
-0.035333
0.023200
0.023846
-0.008000
-0.026000
-0.010000
0.000000
0.021667
-0.008000
0.006000
-0.012000
-0.004000
-0.006000
-0.022000
-0.038000
-0.030000
-0.012000
0.026000
-0.014000
-0.012000
-0.011667
-0.013333
0.021935
-0.012000
-0.002000
0.014000
-0.026000
0.002000
-0.036000
0.038000
0.010000
0.020000
-0.002000
0.012000
-0.018000
0.034000
-0.013333
0.024000
0.010000
0.006957
-0.020000
-0.031538
0.007407
-0.032000
-0.024000
0.020000
-0.048000
0.016000
0.034000
-0.034000
-0.052000
0.048000
-0.036364
-0.004000
0.006000
-0.002000
-0.036000
-0.046000
0.040000
-0.009289
-0.018462
-0.023095
-0.011287
-0.003318
-0.016202
-0.019910
-0.018455
0.004752
0.014766
0.008661
0.007030
0.008555
0.001283
-0.003011
0.007485
-0.005368
-0.002543
0.000714
0.009398
0.009213
0.011120
0.004000
0.023077
0.008827
0.005185
-0.009430
-0.002927
0.002474
0.008539
0.006389
0.012486
-0.017838
-0.012823
-0.010252
-0.014323
-0.001609
-0.000435
-0.008125
-0.002771
0.008602
0.002989
-0.001839
-0.006347
0.004202
-0.009306
-0.006051
0.002941
0.003529
0.033750
0.046667
0.019130
-0.007143
-0.006154
-0.008571
0.009167
0.021333
0.037333
-0.012571
0.002069
0.017778
0.052000
0.001429
-0.026250
0.002759
-0.018000
0.003077
-0.006667
0.028696
-0.030000
0.025455
0.005833
0.016667
0.083333
0.000000
0.004286
0.004000
-0.002941
0.015385
-0.011852
0.009231
-0.010833
-0.024167
-0.029600
-0.021481
0.015385
-0.021429
0.011429
-0.019333
0.004571
0.025556
0.003846
-0.034545
0.063333
0.086000
0.000000
0.000000
-0.041250
-0.011429
-0.013333
-0.001333
-0.002727
0.001905
0.003636
0.042759
0.025385
-0.010303
0.002963
-0.013750
-0.012857
0.006667
-0.045000
0.024667
0.033333
0.027273
-0.022500
-0.002667
0.045882
-0.008148
-0.004444
-0.013333
0.045333
-0.001250
-0.048750
0.006000
-0.004800
-0.028387
-0.015200
0.010000
0.041538
0.014167
-0.007143
0.000741
-0.026923
-0.007407
0.004000
-0.030345
-0.005294
0.001429
-0.003333
-0.067273
0.016923
-0.022000
-0.010000
-0.011667
0.020000
-0.004000
0.021765
-0.046667
0.011111
-0.025333
0.048571
0.028000
0.040000
-0.051111
-0.009231
0.009600
-0.019310
-0.012308
0.035714
-0.004800
-0.002609
-0.052800
-0.000800
-0.012000
0.010000
-0.030909
-0.008000
-0.040000
0.032000
-0.028000
0.062000
0.046000
-0.002000
0.000000
-0.026000
0.042000
-0.084000
-0.026000
0.030909
0.007273
-0.010400
0.001053
-0.015200
0.016000
-0.035000
0.042000
-0.036000
0.008000
0.020000
0.048000
0.030000
-0.024000
0.024000
-0.046000
-0.012000
0.026000
-0.024000
0.022000
0.014000
0.037333
0.022857
0.021600
-0.015200
0.000000
0.004000
-0.010000
-0.016000
-0.026000
-0.040000
-0.006000
0.014000
-0.006000
-0.052000
0.046000
-0.058000
-0.014000
0.002000
-0.004000
-0.042000
-0.007500
0.044211
0.010000
-0.010400
0.014000
-0.012000
-0.032000
-0.022000
-0.012000
0.006000
-0.036000
0.046000
-0.030000
0.016000
0.064000
0.014000
-0.066000
0.038000
0.004000
0.012000
-0.011852
-0.017931
0.014839
-0.013548
-0.026000
0.020000
-0.006000
-0.020000
0.029143
-0.007692
0.011852
-0.010000
0.001333
-0.016842
0.017333
-0.014667
0.017500
0.052500
-0.003810
-0.001538
0.004000
-0.016000
-0.008000
-0.038000
0.040000
0.004000
-0.036000
-0.006000
-0.012000
0.034000
0.026000
-0.042000
-0.002000
-0.008000
-0.002000
0.002000
0.018519
0.006897
0.031538
0.024167
-0.066000
-0.016000
-0.060000
-0.026000
-0.014000
0.060000
-0.022000
0.022000
-0.036000
0.016000
0.010000
0.012000
-0.008000
-0.044000
0.004000
-0.066000
-0.004615
-0.008462
0.005600
-0.022143
-0.012000
-0.016000
-0.048000
0.014545
-0.016000
0.026000
-0.028000
-0.026000
-0.040000
-0.012000
0.064000
-0.024000
0.022000
0.004000
0.054000
0.020000
-0.043200
-0.028000
0.000952
-0.023226
0.016000
0.026000
0.022000
0.012000
0.002000
-0.034000
-0.038000
0.034000
0.006000
0.109091
-0.052000
0.014000
0.052000
-0.016000
-0.004000
0.042000
-0.027143
0.022353
0.007143
-0.052000
0.002857
0.004444
0.000741
-0.008667
-0.010000
-0.044828
-0.009655
-0.003077
0.002000
0.050000
-0.036000
-0.003636
0.013684
-0.008000
0.046364
-0.039167
0.032000
-0.014000
-0.026000
0.002000
-0.014000
-0.005000
0.004000
0.024000
-0.026000
-0.024000
-0.020000
0.046000
-0.016000
0.020000
0.004000
0.046000
-0.017692
0.000000
-0.022222
-0.004286
0.044000
-0.040000
-0.022000
-0.010000
0.028000
0.014000
-0.034000
0.009231
0.030000
0.006000
-0.052000
0.004000
-0.012000
0.028000
-0.038000
0.022000
-0.049333
-0.016000
-0.001905
-0.004000
0.004000
0.020000
0.004000
0.000000
-0.028000
-0.006000
-0.002000
0.038000
-0.020000
-0.026000
-0.022000
0.026000
-0.038000
-0.016000
0.010000
0.034000
0.016296
-0.004286
-0.005385
0.010833
0.054545
-0.002000
0.062000
0.030000
-0.056000
-0.016000
-0.030000
-0.064000
-0.016000
0.020000
0.086000
-0.028000
-0.040000
-0.048000
-0.002000
0.000000
0.002618
0.007707
0.007982
0.006631
-0.014819
-0.011574
-0.003584
-0.017486
-0.009845
-0.002917
-0.016257
-0.011050
0.011676
0.010148
-0.010345
-0.003448
0.011667
0.041379
0.015385
-0.025000
-0.019355
0.034545
0.028421
0.024800
0.015294
0.023636
-0.038750
-0.027333
-0.038261
-0.042000
0.002222
-0.044444
0.016327
0.001194
0.002659
0.028182
-0.013333
0.018182
0.020606
0.008000
0.067778
0.050000
0.033333
0.026667
-0.049091
0.002857
-0.021111
-0.004444
-0.020000
0.008333
0.028000
-0.013333
-0.013369
0.000804
-0.000221
-0.004420
0.003529
-0.018000
-0.010000
-0.012414
-0.010476
0.036522
0.034444
-0.002857
-0.048696
-0.032000
0.037419
-0.002500
0.014286
0.006000
-0.007097
-0.009333
0.037358
0.028000
0.024952
0.038627
0.002018
-0.005437
-0.001386
0.003366
0.016545
0.013861
-0.003178
0.020000
0.014566
0.004494
-0.005251
-0.000571
0.017558
0.033143
0.007039
0.013829
-0.020000
0.004343
-0.005506
-0.011932
0.049623
0.034178
0.040247
0.037308
0.032625
0.031161
0.036543
0.044330
0.016327
0.019940
0.005077
0.012583
-0.127681
-0.121206
-0.124901
-0.123668
-0.109300
-0.110045
-0.121916
-0.109388
-0.125207
-0.129363
-0.122421
-0.122948
-0.093105
-0.086286
-0.082161
-0.085572
-0.088493
-0.068844
-0.081147
-0.090555
-0.130958
-0.129490
-0.134972
-0.127251
0.011026
-0.016267
0.002895
0.004828
-0.007297
-0.000247
0.002368
-0.000690
0.051837
-0.001951
-0.011273
0.013115
0.002118
-0.009706
-0.002817
-0.005316
-0.020000
0.011905
0.021887
-0.004000
-0.028267
-0.006765
-0.017971
-0.024750
-0.019118
0.003614
-0.011169
0.005676
0.015833
0.003784
0.002466
0.003768
0.000000
0.020851
-0.002034
0.010149
0.008537
-0.009706
-0.002353
-0.002169
-0.015686
-0.004000
-0.018519
0.001639
-0.007368
-0.008824
-0.012537
-0.016410
-0.012394
-0.000270
-0.002400
0.011304
-0.002817
-0.014872
-0.017808
-0.011081
-0.015926
-0.009545
-0.027419
-0.016667
0.004819
0.038904
0.007750
0.022410
0.003404
0.018500
-0.001200
0.019667
0.002750
0.023492
-0.006765
0.008158
0.001765
0.022090
0.004706
0.012143
-0.002687
0.012432
0.009375
0.003667
0.004384
-0.001017
-0.005625
0.002500
-0.016000
0.013818
0.017627
-0.002963
0.008750
-0.000714
0.002295
0.013571
-0.010000
-0.012333
0.005079
-0.024138
0.021493
0.002571
0.013231
0.020870
-0.016000
0.004000
0.009091
0.056000
-0.040000
0.006000
0.042000
-0.008333
-0.004000
-0.020000
-0.018000
-0.046000
-0.011111
0.012727
0.024000
-0.003636
-0.014286
0.019437
0.011250
-0.016765
0.004000
-0.034000
-0.050000
-0.018000
0.012000
0.027692
-0.018182
-0.010000
0.034444
-0.012381
-0.013846
-0.008000
0.024000
0.002667
-0.027273
-0.052000
-0.024000
-0.009091
-0.008000
0.021818
-0.055000
-0.016364
0.003636
-0.090000
0.007273
-0.044615
-0.035714
0.009091
0.000000
0.064000
0.007273
-0.015385
-0.010000
-0.010000
0.030000
-0.087273
-0.010000
0.000000
0.050000
-0.008333
-0.034000
-0.004000
0.020000
-0.038000
0.010000
0.032000
0.028000
0.040000
-0.012000
-0.020000
0.044000
-0.001818
0.010000
0.042000
0.040000
0.020000
0.005455
0.007273
0.026154
0.004615
0.000800
0.002000
0.010909
0.021429
0.046000
-0.024000
-0.027273
0.041667
-0.009091
-0.004000
-0.006000
-0.002000
0.078000
0.080000
0.062000
-0.092000
0.004000
0.050909
-0.006000
-0.010000
0.007042
0.009851
-0.016452
-0.011579
-0.018000
-0.018571
-0.003750
0.020000
-0.030000
0.004211
0.030000
-0.022000
-0.038000
-0.034000
-0.004000
0.020000
0.040000
-0.064000
-0.046000
-0.006000
0.015556
-0.004412
-0.002069
0.010877
-0.024000
0.028000
0.026000
-0.026667
0.012000
-0.060000
-0.014545
0.058000
0.042353
-0.004000
0.046000
-0.034545
0.006000
0.023529
0.009091
0.054000
-0.031667
-0.072000
-0.001818
-0.020000
0.036000
-0.027273
0.052000
-0.060000
0.004000
0.009091
0.056000
-0.016000
0.005455
0.002000
-0.014000
-0.004000
-0.024000
0.018333
0.002000
0.008000
0.064000
-0.065455
-0.041818
0.012000
0.018182
-0.005455
-0.003636
-0.013333
0.024800
0.016000
0.001538
0.032308
0.005455
0.020000
-0.018182
0.038333
0.022000
0.029091
0.034000
-0.058000
0.008696
-0.036000
-0.003750
-0.027143
-0.018182
-0.030000
-0.014545
0.060000
-0.046000
0.002000
-0.038182
-0.009231
-0.007273
0.004000
-0.012000
0.014000
0.070000
0.006000
0.052000
-0.018000
-0.064000
0.044000
0.008000
0.000000
-0.004286
0.010606
0.014237
0.020345
-0.014000
0.067143
0.001250
0.007273
0.045000
-0.016842
0.028000
0.048571
-0.024000
-0.012000
0.008000
0.014545
-0.010000
0.004000
0.050909
-0.006000
-0.022571
-0.021270
-0.025397
-0.002105
-0.018750
-0.018947
-0.034000
0.044000
-0.008000
-0.007692
-0.044000
0.006000
0.004000
0.029091
-0.012000
-0.010909
0.000000
-0.064000
0.044000
0.008000
-0.007273
0.018182
0.010000
-0.016000
0.006000
0.018182
-0.018000
0.020000
-0.034000
-0.050000
-0.018000
0.004000
0.002000
0.010000
0.026000
0.054000
-0.016364
-0.020000
0.000000
-0.018000
0.026000
-0.028333
-0.034000
-0.008000
-0.023333
0.034000
0.001667
-0.010000
0.014545
0.010000
-0.028000
0.005455
-0.014000
-0.020000
0.041818
-0.018333
-0.007273
-0.014000
0.024000
-0.020000
-0.012000
0.042000
0.026000
-0.004000
-0.060000
-0.014545
0.058000
0.012000
0.025000
0.014000
-0.018182
-0.011667
-0.030000
-0.054545
-0.038000
0.030000
-0.050000
-0.042000
-0.044706
-0.008235
0.010909
-0.026000
-0.036000
-0.075000
0.014847
0.023370
0.019750
0.016885
0.023058
0.001029
0.018676
0.019005
-0.045261
-0.058547
-0.049898
-0.045804
0.048557
0.051111
0.048557
0.051111
0.029802
0.025231
0.032081
0.029551
-0.006154
-0.027619
-0.019529
-0.017808
-0.005758
-0.008923
-0.027529
-0.008824
0.035942
0.011077
0.017059
0.030435
-0.019481
-0.003871
-0.011471
0.008046
0.001471
-0.020909
-0.008116
-0.029565
0.005195
-0.012615
-0.001493
-0.011059
0.032073
0.048243
0.032073
0.048243
0.026869
0.025425
0.022243
0.023931
-0.012571
-0.011884
-0.010353
-0.015455
0.000556
-0.011077
-0.007381
-0.010685
-0.003714
0.022609
0.019452
0.011692
-0.010000
-0.000571
-0.001163
0.004773
-0.027273
0.020923
-0.009231
0.004000
0.001481
-0.008065
0.021818
-0.013103
-0.029584
-0.020198
-0.029584
-0.020198
-0.060981
-0.064660
-0.072556
-0.068221
0.015556
0.027692
0.017831
0.012308
0.019118
-0.002424
0.007294
0.006197
0.004412
-0.010769
-0.021791
-0.021231
0.024878
-0.001290
0.010465
-0.018652
-0.012647
0.005000
0.015152
-0.028182
0.021026
0.007188
-0.006269
0.001860
0.004000
-0.016471
0.008070
-0.005079
0.004545
0.013529
-0.008475
0.002295
-0.014921
-0.008519
-0.012881
-0.028621
0.004444
0.007547
0.001852
-0.005424
0.018462
-0.005769
0.008929
-0.012281
-0.009206
0.022963
-0.012069
-0.023103
-0.002222
-0.001290
0.002105
0.016226
-0.030000
-0.030000
0.009091
0.012000
0.010909
-0.004000
0.016000
-0.068000
0.024000
-0.062000
0.020000
0.018000
-0.026000
0.019000
-0.013846
0.064615
0.008571
0.002222
-0.016786
-0.019231
0.014000
0.036000
0.054000
0.008000
0.036000
-0.010000
-0.022000
-0.036000
0.045455
0.004444
-0.018462
0.023636
-0.034000
-0.032000
-0.058000
-0.014000
0.010000
0.012000
0.010000
0.012000
-0.006000
0.006000
-0.040000
-0.008000
0.030000
-0.056000
0.010000
-0.064000
0.026000
-0.030000
-0.087273
0.014000
0.020000
0.021538
-0.001818
-0.016000
0.044000
-0.052000
0.044000
-0.028000
-0.003636
-0.018000
-0.020000
-0.024000
0.040000
0.006000
0.000000
0.014286
-0.078000
-0.108000
-0.078000
-0.108000
0.004000
0.012000
-0.012000
-0.008000
-0.002000
0.004000
0.041667
0.026000
-0.058000
-0.016000
0.018182
0.032000
0.046000
0.016000
0.022000
0.030000
0.032000
-0.005000
0.020000
0.062353
-0.011667
0.043636
0.029091
0.032857
-0.034545
-0.032000
-0.044000
0.050000
0.000000
0.003934
0.026897
-0.012537
0.008000
0.000000
0.048333
0.022000
-0.018333
0.026667
-0.033333
0.070000
-0.024000
-0.034000
0.014000
-0.014000
0.014000
-0.052000
-0.054000
-0.024000
0.023881
0.006769
-0.008364
0.010182
-0.018000
-0.034000
-0.036000
-0.018000
0.006000
0.000000
0.020000
0.032000
-0.029091
-0.022105
-0.016923
0.026250
-0.012000
-0.020000
0.016000
-0.002000
0.029412
0.000000
-0.013913
0.061111
-0.026000
0.012000
0.038000
0.020000
0.020000
0.012000
0.018000
-0.042000
-0.060000
0.027143
-0.021538
0.032000
0.048000
0.026000
0.048000
0.026000
0.040000
-0.052000
-0.070000
-0.014000
-0.050000
-0.052000
-0.010909
0.024000
0.042000
-0.058000
-0.020000
-0.016000
-0.012000
-0.008000
0.004000
0.012000
0.001818
-0.004000
0.001818
-0.004000
-0.002000
0.032000
0.032000
0.000000
-0.056000
-0.010000
-0.005455
-0.058000
0.028000
-0.048000
-0.028000
-0.010000
0.002857
0.016471
0.017391
-0.017333
0.041818
0.024000
-0.060000
0.015556
0.002000
0.030000
-0.058000
0.038000
0.011304
0.010303
0.028070
0.015556
-0.048000
0.020000
-0.001818
-0.018000
0.004000
-0.031579
-0.016471
-0.010000
0.026000
0.000000
0.028000
0.080000
-0.038000
-0.004000
-0.070000
-0.028000
0.016875
0.011429
-0.008929
0.016923
0.016000
-0.016000
-0.003333
-0.014667
0.038000
-0.050909
-0.034000
0.050000
-0.040000
-0.030000
-0.001818
-0.050000
0.010000
-0.012000
0.026000
-0.104000
0.043750
-0.020000
-0.004545
0.033684
-0.078000
-0.040000
-0.056000
-0.038000
-0.010909
0.022000
0.004000
0.030909
-0.007692
0.058571
0.026154
0.006250
-0.070000
-0.014000
0.040000
-0.052000
0.036000
-0.006000
0.036000
-0.006000
-0.004000
-0.006000
-0.004000
-0.006000
0.018000
0.002000
0.030909
-0.024000
-0.068000
0.054000
0.026000
-0.030000
0.026667
0.002857
-0.014286
-0.002353
0.031667
0.040000
0.000000
-0.048571
-0.006000
-0.030000
-0.032727
-0.014000
-0.040000
-0.008000
-0.006000
0.006000
-0.014000
-0.020000
-0.014000
-0.020000
-0.076000
0.010000
0.020000
0.010000
0.038000
-0.090000
-0.023333
-0.028000
-0.003019
-0.017143
0.023654
-0.002800
-0.013628
-0.030755
-0.032252
-0.014765
0.002018
-0.024118
-0.014159
-0.011089
-0.000814
0.010601
0.004130
0.010723
0.003579
0.016425
-0.010629
0.003704
-0.008324
-0.005714
-0.003240
0.016386
-0.012128
-0.001557
-0.019535
-0.002484
0.001093
0.000761
0.011064
-0.002596
0.001667
0.004343
0.000465
0.006250
0.033600
-0.006667
-0.011852
0.037600
0.006400
0.010000
-0.013103
-0.023077
-0.008000
-0.050769
-0.021111
-0.005000
0.028000
0.012000
0.007059
0.016000
0.008571
-0.046667
0.008000
-0.005882
-0.021290
-0.004800
-0.010303
0.029231
-0.007143
-0.004000
0.045333
-0.010000
0.018667
0.026154
-0.010000
-0.044286
0.005714
-0.009630
0.013043
0.001290
0.008750
-0.018667
-0.001333
-0.005714
-0.011852
0.037600
0.033600
-0.006667
0.004615
0.010370
-0.040606
0.000571
-0.006667
-0.003200
0.019375
0.003226
0.016000
0.028000
0.012000
0.007059
-0.008000
0.006154
0.011250
-0.006667
-0.005714
0.008750
-0.018667
-0.001333
0.000000
-0.004375
0.022857
0.025517
-0.015556
0.026667
-0.005333
0.005333
-0.026000
0.016000
-0.034000
-0.036364
-0.021333
-0.013333
-0.024706
0.021333
-0.019231
-0.007059
-0.003636
0.007647
0.022857
0.025517
0.000000
-0.004375
-0.013103
-0.023077
0.006400
0.010000
0.016000
-0.002667
-0.053333
0.032857
0.013043
0.001290
0.005714
-0.009630
0.015000
0.031875
0.001600
-0.020000
-0.046667
0.008000
-0.005882
0.008571
0.020000
-0.001818
-0.010000
-0.032727
-0.041379
0.020800
-0.022581
-0.016154
0.021333
-0.021333
-0.013333
-0.024706
-0.040000
0.049231
-0.072857
-0.002667
0.032857
0.016000
-0.002667
-0.053333
-0.004000
0.045333
-0.010000
-0.007143
-0.005333
0.005333
-0.015556
0.026667
-0.019231
-0.008571
0.020625
-0.019412
0.001600
-0.020000
0.015000
0.031875
0.008555
0.001283
-0.003011
0.007485
-0.005368
-0.002543
0.000714
0.009398
0.008827
0.005185
-0.009430
-0.002927
0.002474
0.008539
0.006389
0.012486
-0.001609
-0.000435
-0.008125
-0.002771
0.008602
0.002989
-0.001839
-0.006347
0.014667
-0.026250
-0.068571
-0.016000
0.009677
0.009600
-0.020000
-0.016154
-0.002667
0.036250
0.035714
-0.014667
0.032000
0.023077
-0.014286
0.020000
-0.030370
0.025161
0.010000
0.008000
-0.044800
0.007586
-0.022000
-0.004000
-0.052000
-0.015000
-0.010000
-0.023333
0.016000
0.030000
-0.018667
0.002667
0.010000
0.008000
-0.030370
0.025161
-0.013333
0.022143
0.009286
-0.001333
-0.006429
0.008000
0.004615
0.010323
-0.012500
-0.035714
0.002667
0.050667
0.004615
0.010323
-0.006429
0.008000
-0.005185
0.009412
0.006429
-0.023200
-0.026250
-0.068571
-0.016000
0.014667
0.062000
-0.024000
-0.076364
-0.040000
0.015714
-0.017500
0.021429
-0.002667
-0.018519
-0.039200
-0.012258
0.032308
0.028000
-0.001250
0.022857
-0.021333
-0.014667
0.015385
0.008000
-0.070769
0.036250
0.035714
-0.014667
-0.002667
0.013750
0.008966
-0.013077
-0.035484
0.006429
-0.023200
-0.005185
0.009412
-0.005217
0.003704
0.025806
0.024375
0.033103
-0.004000
0.020625
0.027097
0.002667
0.016000
0.030000
-0.018667
-0.031429
-0.021538
0.012857
-0.008571
0.050667
-0.012500
-0.035714
0.002667
-0.013077
-0.035484
0.013750
0.008966
0.025000
-0.007647
-0.008800
0.028276
-0.017500
0.021429
-0.002667
0.015714
0.000000
0.016000
0.023636
0.020000
0.035652
-0.006061
-0.000606
0.016875
-0.008800
0.028276
0.025000
-0.007647
-0.001250
0.022857
-0.021333
0.028000
-0.022000
-0.004000
-0.044800
0.007586
0.037358
0.028000
0.024952
0.038627
0.002018
-0.005437
-0.001386
0.003366
0.016545
0.013861
-0.003178
0.020000
0.049623
0.034178
0.040247
0.037308
0.032625
0.031161
0.036543
0.044330
0.016327
0.019940
0.005077
0.012583
0.005278
-0.008438
0.000822
0.004308
-0.005556
0.021212
-0.017971
0.004242
0.000822
0.004308
0.005278
-0.008438
0.000845
0.001846
0.008116
0.009394
-0.017971
0.004242
-0.005556
0.021212
0.008116
0.009394
0.000845
0.001846
0.048557
0.051111
0.048557
0.051111
0.032073
0.048243
0.032073
0.048243
-0.029584
-0.020198
-0.029584
-0.020198
0.008125
0.031429
0.008125
0.031429
0.002540
-0.029846
0.002540
-0.029846
0.031429
0.008125
0.031429
0.008125
-0.016308
-0.006984
-0.016308
-0.006984
-0.029846
0.002540
-0.029846
0.002540
-0.006984
-0.016308
-0.006984
-0.016308
