-0.005804
-0.004176
-0.004073
-0.002310
0.000686
-0.009183
0.005950
0.000331
-0.998817
-0.999052
-0.998972
-0.998559
0.011794
-0.002958
0.001801
-0.001434
0.000194
0.002789
-0.007748
0.006924
-0.998882
-0.998912
-0.998687
-0.998921
-0.004211
-0.036970
-0.005172
-0.006154
-0.010500
0.041212
-0.002069
0.004737
-0.003913
0.004211
0.006429
-0.013333
-0.016098
-0.010625
0.013818
-0.009048
-0.012683
0.036471
0.006429
0.033898
0.012500
0.018824
0.005385
-0.008108
-0.021600
-0.014545
0.000588
0.003103
0.009412
0.012353
0.021111
-0.015556
0.006531
0.016585
0.013448
-0.005455
0.024898
-0.002353
0.006842
0.001429
-0.023137
-0.019394
-0.012414
0.004912
-0.003137
-0.033143
0.004444
-0.004314
-0.000220
0.001448
0.000309
0.008795
0.004844
-0.002775
-0.006204
0.002305
0.997174
0.997229
0.997307
0.996640
0.006881
-0.000891
0.001089
-0.005925
-0.001765
0.010435
-0.025385
-0.003929
-0.015429
-0.032857
0.018276
-0.014340
-0.001787
-0.002273
-0.004263
0.003786
0.003846
0.022963
0.004000
0.031429
-0.008000
0.010000
-0.025000
0.013846
1.000000
1.000000
1.000000
1.000000
-0.010345
-0.025000
-0.013939
0.006429
-0.019333
0.007273
-0.004000
-0.004444
-0.007179
0.006667
0.028571
0.003243
-0.006061
0.006667
0.008966
-0.018378
-0.016000
0.016000
-0.015636
0.009333
-0.008485
0.011667
0.018065
0.008108
-0.012821
-0.016364
0.019615
0.007869
-0.008387
-0.044000
-0.016429
0.009375
-0.003962
-0.003619
-0.015577
0.011800
0.015929
-0.002264
-0.005946
-0.007248
-0.004037
-0.012353
0.009027
0.007525
0.006566
-0.010672
0.001038
0.018545
-0.000300
0.015378
0.000128
-0.007114
0.001250
-0.000988
0.002222
0.006335
0.000105
-0.004390
0.012385
-0.002781
0.013990
-0.005685
0.001156
-0.002623
0.000415
0.002188
0.001287
0.011381
-0.010919
-0.000099
-0.005862
-0.004943
-0.002500
0.000000
0.027692
0.010000
0.005161
0.014545
0.006316
-0.002400
-0.005882
0.029091
0.014375
0.003333
0.009565
0.004000
-0.010370
-0.006667
-0.010510
-0.012736
-0.017225
-0.002091
0.009167
0.030909
-0.013333
0.002000
0.003333
-0.022000
-0.029333
-0.005333
-0.046364
-0.033571
0.007778
-0.022222
0.014375
-0.010000
0.010667
-0.008889
-0.004492
-0.020101
-0.011050
-0.006519
-0.006471
0.022000
-0.044375
0.022069
-0.006667
0.006957
-0.001111
0.052857
-0.050435
-0.016000
0.011613
-0.010000
-0.027143
0.018000
-0.007742
-0.042667
0.014660
-0.001186
0.001328
0.014848
-0.002039
0.000772
0.000187
-0.003487
-0.005209
-0.004264
0.000705
-0.006639
0.008583
0.004488
0.002245
-0.004851
-0.000690
0.004878
0.013600
0.004202
0.007656
-0.007154
0.008766
0.006484
-0.030000
-0.027059
0.012500
0.014444
-0.020800
0.007170
0.001250
0.015000
-0.014333
0.015556
0.013953
-0.006667
0.020000
0.012381
0.018667
0.034444
0.005556
-0.015000
0.002353
0.038824
0.011273
-0.001053
0.009091
-0.032105
0.012727
-0.030588
-0.050000
-0.028571
-0.015000
0.001200
-0.016364
0.010370
-0.013704
0.013725
0.000000
0.007556
0.027273
-0.038333
0.001818
-0.027692
-0.016250
0.027368
0.029333
-0.022353
-0.015636
0.007692
-0.046667
-0.008500
-0.011374
0.005000
0.000079
-0.000396
0.018104
-0.005659
0.005946
-0.001463
0.008020
-0.000781
0.008750
0.006436
0.006772
0.000080
0.007789
-0.005430
-0.000849
-0.005161
0.010252
0.006550
0.009183
-0.002531
0.003487
0.008992
-0.005806
0.016667
-0.020455
0.000000
-0.003333
0.000952
0.010667
-0.022500
-0.001538
0.017143
0.010000
-0.017500
-0.013462
0.007170
0.002069
0.005294
-0.003273
0.018491
-0.017273
0.000408
-0.034545
-0.012857
0.026000
-0.026154
-0.011864
0.000541
-0.039310
-0.030244
0.010000
0.041905
0.029333
0.042353
-0.008000
0.005000
-0.025333
-0.001250
-0.028852
0.001579
-0.029412
-0.008205
0.005957
0.010833
0.025000
0.014000
-0.010909
0.087143
-0.002000
0.003077
0.010051
-0.008942
0.001802
-0.004731
0.000313
-0.005320
-0.012961
-0.010449
-0.004352
0.002211
0.008136
-0.001639
-0.014839
-0.003483
-0.014253
-0.005363
-0.015556
-0.042000
-0.017500
0.008571
-0.026667
-0.060000
0.015172
0.001000
0.008421
0.005333
0.008571
0.023077
0.012571
-0.013846
0.052500
0.005000
-0.009468
0.010739
0.006742
-0.006180
-0.035556
-0.050909
0.009697
0.042286
0.002000
0.002400
0.001000
-0.006154
0.021176
-0.064000
-0.028387
0.053846
0.001000
0.000000
-0.026400
-0.003750
-0.004974
-0.002871
0.017363
-0.004533
-0.005600
-0.022000
0.011875
-0.029231
-0.024762
0.046000
0.000000
0.013846
-0.014545
-0.018182
0.008235
0.044138
-0.007368
-0.030400
0.027059
0.006250
0.005436
-0.002241
-0.016095
-0.008421
0.012976
-0.004681
0.004713
0.000364
-0.004162
0.000936
0.005223
-0.006748
-0.010377
-0.020000
-0.023619
0.001765
0.004220
-0.005437
0.014455
0.016238
0.005455
0.010297
-0.016822
0.013836
-0.000220
0.001448
0.000309
0.008795
0.004844
-0.002775
-0.006204
0.002305
0.997174
0.997229
0.997307
0.996640
-0.001765
0.010435
-0.025385
-0.003929
-0.015429
-0.032857
0.018276
-0.014340
0.003846
0.022963
0.004000
0.031429
-0.008000
0.010000
-0.025000
0.013846
-0.010345
-0.025000
-0.013939
0.006429
-0.019333
0.007273
-0.004000
-0.004444
0.016923
0.026349
0.012000
0.011781
-0.004545
-0.012000
-0.003059
0.012941
-0.007179
0.006667
0.028571
0.003243
0.012468
-0.009032
-0.023529
-0.002069
-0.006061
0.006667
0.008966
-0.018378
0.010909
0.002769
-0.004179
0.016706
0.024571
-0.017971
0.019294
0.014773
-0.000833
-0.032000
0.005000
0.009315
-0.025789
0.006000
-0.018372
0.005455
-0.016000
0.016000
-0.015636
0.009333
-0.008485
0.011667
0.018065
0.008108
0.000988
-0.027742
0.013939
0.004138
0.016111
-0.019385
0.004819
-0.025714
-0.005882
0.010606
-0.014824
-0.002535
0.002195
-0.011935
-0.029302
-0.013258
-0.012821
-0.016364
0.019615
0.007869
-0.006410
0.013750
0.006269
0.008837
-0.008387
-0.044000
-0.016429
0.009375
0.013469
-0.014634
-0.010545
0.007869
0.015510
0.011429
0.004151
-0.017667
0.011250
-0.028511
0.004407
0.010149
0.006667
0.017000
-0.014815
-0.010164
0.004444
-0.019091
0.011935
0.014848
-0.012340
-0.017500
-0.014400
0.020667
0.005714
0.011304
-0.007013
-0.011000
-0.040000
-0.015000
-0.020000
-0.009333
-0.016000
-0.005455
-0.014545
-0.026000
0.008000
0.005714
0.025455
-0.034545
-0.008000
-0.014815
-0.055000
-0.025333
0.014419
0.014043
0.015493
0.019277
0.080000
0.005455
-0.003636
-0.022500
0.010000
0.041818
0.010909
-0.004000
0.012000
-0.018462
-0.014286
0.035000
-0.032000
-0.052000
-0.030909
-0.047273
0.004222
0.004390
-0.013651
0.000556
-0.008000
0.020000
-0.002667
-0.005714
0.038750
-0.013043
0.001250
-0.012000
0.054545
0.032000
-0.015385
0.002667
-0.014000
0.040000
0.036364
-0.042000
-0.000256
0.014146
-0.005294
-0.000556
0.006000
0.032727
0.018182
0.024000
-0.029091
-0.054545
0.022000
-0.005333
-0.017895
-0.014167
-0.028000
-0.023636
-0.014000
-0.016000
0.025000
0.000000
-0.015128
0.013415
-0.000923
0.008451
0.034000
-0.008333
0.036250
0.016923
0.050588
0.016800
0.022105
0.011667
0.038000
0.018000
-0.030909
-0.008000
-0.030000
-0.014000
-0.023636
0.001538
0.020247
-0.011392
0.004333
-0.002078
-0.005333
0.008333
-0.012727
-0.011667
0.047273
0.013846
-0.026000
0.061667
-0.014000
-0.018000
0.032727
0.060000
-0.020000
-0.036000
-0.041818
-0.016923
0.018000
-0.027692
0.014286
0.013846
-0.016296
-0.038182
-0.038182
0.000000
0.028000
-0.044615
-0.024286
-0.003636
0.012000
0.012000
0.066000
0.007273
0.012000
-0.003636
-0.026154
-0.021429
-0.035000
0.010769
-0.009231
0.003000
0.045455
-0.016000
-0.002000
-0.044000
-0.011667
-0.022857
0.006667
-0.030000
0.010000
0.000000
-0.025000
-0.016000
0.032727
-0.082000
0.016000
-0.056000
-0.020000
0.023636
-0.050000
0.046154
-0.014375
-0.004000
-0.036923
-0.025000
-0.022308
-0.028000
0.027059
-0.016522
0.000000
-0.066000
0.048000
-0.021538
-0.058000
0.012000
-0.016364
0.049091
-0.032000
-0.046154
-0.022000
-0.013333
0.024000
0.000000
0.086000
-0.015385
-0.068000
0.012727
-0.020000
-0.014000
0.008571
0.020000
0.035000
0.003810
-0.016000
-0.041818
-0.020000
-0.066667
-0.022000
0.072000
0.010000
-0.014000
0.032727
-0.013333
0.003333
0.046000
-0.012857
-0.008333
0.010588
-0.005000
0.010000
-0.030000
-0.034000
-0.033846
-0.005804
-0.004176
-0.004073
-0.002310
0.000686
-0.009183
0.005950
0.000331
-0.998817
-0.999052
-0.998972
-0.998559
0.011794
-0.002958
0.001801
-0.001434
0.000194
0.002789
-0.007748
0.006924
-0.998882
-0.998912
-0.998687
-0.998921
0.002761
0.000976
-0.002142
-0.004000
0.006881
-0.000891
0.001089
-0.005925
0.005367
-0.004373
-0.000068
-0.002311
-0.001787
-0.002273
-0.004263
0.003786
-0.998700
-0.998894
-0.998635
-0.998486
1.000000
1.000000
1.000000
1.000000
0.001766
-0.003987
0.001646
-0.002360
0.011594
-0.013538
0.033824
0.025797
-0.009412
0.018788
0.001159
-0.018551
0.000607
0.000353
-0.001106
-0.002552
-0.008857
-0.018841
0.006301
0.010462
0.013333
-0.004923
-0.008000
0.015077
-0.998703
-0.998414
-0.998626
-0.998722
-0.010588
0.022769
-0.016119
0.001538
-0.012941
0.004706
0.010606
-0.004242
-0.004545
-0.011273
-0.002642
0.004082
-0.020000
-0.027143
0.018333
0.000000
-0.034545
0.023077
0.032000
0.024000
0.030000
0.017143
0.026000
0.010769
0.022000
-0.046316
-0.038667
0.001818
-0.000435
-0.008800
0.001887
0.005600
0.069091
-0.018182
-0.001667
-0.020000
0.064000
-0.005714
-0.028000
-0.009091
-0.030000
0.032222
-0.021333
0.058000
-0.042000
0.043077
-0.034000
-0.009091
0.003265
0.006087
0.011373
-0.012787
-0.046000
0.031429
-0.024000
-0.007273
-0.056000
0.017647
0.016471
0.010000
0.005455
0.001818
0.048333
-0.031667
0.010000
0.006154
-0.024000
0.038000
0.022273
-0.001739
0.011579
0.000851
0.012000
-0.036000
-0.048000
0.024000
-0.047273
0.003636
-0.027273
-0.045455
-0.020000
0.001053
0.012000
0.029333
-0.032727
0.016923
0.024000
0.008333
-0.010222
-0.008085
-0.021455
-0.009811
0.060000
0.018333
0.004000
0.043077
0.038182
-0.001111
0.028889
0.028000
0.002000
0.018000
-0.012000
0.074000
-0.001818
-0.040000
-0.040000
0.030000
0.015652
-0.010222
0.012075
0.010833
0.012000
0.008235
-0.020000
-0.036250
0.070909
-0.040000
0.038000
0.021818
0.030000
-0.008000
0.030000
0.025455
-0.021818
-0.014000
-0.003333
-0.040000
0.010909
-0.024615
0.027692
0.012857
-0.022000
-0.005455
-0.044000
0.040000
-0.012000
0.012308
0.016000
0.038333
0.022105
-0.016000
0.006000
0.041111
-0.002000
-0.049231
-0.032308
0.000000
-0.001818
0.010000
-0.016000
-0.014545
0.022500
-0.040000
-0.003636
-0.021000
0.042000
0.033846
-0.026000
0.038000
-0.022000
-0.043333
0.004000
0.052000
0.016250
0.002857
-0.012308
-0.007368
0.000000
-0.026154
0.033333
-0.008571
-0.024000
0.004000
-0.012000
-0.080000
0.023636
-0.001818
0.018000
0.001818
0.009091
0.031667
0.013333
0.021818
0.013333
-0.024000
-0.015000
-0.002105
0.042000
-0.015000
-0.022000
0.016667
0.026000
-0.033846
0.022000
-0.015000
-0.043529
0.008571
-0.013333
0.001250
0.022000
0.000000
0.018000
0.015000
-0.020000
0.041667
0.035000
0.026667
-0.021333
0.054545
0.020000
-0.009474
0.008000
-0.013333
0.006000
-0.006000
0.024000
-0.032000
0.010909
-0.020000
-0.043636
-0.013333
-0.012308
-0.011667
-0.004211
-0.036970
-0.005172
-0.006154
-0.010500
0.041212
-0.002069
0.004737
-0.003913
0.004211
0.006429
-0.013333
-0.016098
-0.010625
0.013818
-0.009048
-0.012683
0.036471
0.006429
0.033898
0.012500
0.018824
0.005385
-0.008108
0.010000
0.001067
-0.007105
0.007356
-0.004595
-0.003704
0.001053
0.005977
0.011294
0.022059
0.010423
0.004557
-0.021600
-0.014545
0.000588
0.003103
-0.001600
-0.008529
-0.010725
0.005250
0.009412
0.012353
0.021111
-0.015556
-0.002353
0.015422
-0.001299
-0.001892
-0.013889
0.008378
-0.000274
-0.002029
0.006531
0.016585
0.013448
-0.005455
-0.008780
-0.020882
-0.020235
-0.013012
0.000789
0.012353
-0.011940
-0.008974
0.024898
-0.002353
0.006842
0.001429
0.004225
-0.002432
-0.004267
-0.019420
-0.001408
0.014615
-0.000274
0.000270
-0.023137
-0.019394
-0.012414
0.004912
-0.000964
-0.014521
-0.005750
-0.011325
-0.003137
-0.033143
0.004444
-0.004314
0.014500
0.000952
-0.001765
-0.008684
0.001932
-0.000114
0.008914
-0.004000
0.000229
-0.006897
-0.019655
-0.002514
-0.004971
0.004253
-0.012614
-0.007159
-0.003962
-0.003619
-0.015577
0.011800
0.015929
-0.002264
-0.005946
-0.007248
-0.004037
-0.012353
0.009027
0.007525
0.010051
-0.008942
0.001802
-0.004731
0.000313
-0.005320
-0.012961
-0.010449
-0.004352
0.002211
0.008136
-0.001639
-0.014839
-0.003483
-0.014253
-0.005363
-0.015556
-0.042000
-0.017500
0.008571
-0.026667
-0.060000
0.015172
0.001000
0.008421
0.005333
0.008571
0.023077
0.012571
-0.013846
0.052500
0.005000
-0.009468
0.010739
0.006742
-0.006180
-0.035556
-0.050909
0.009697
0.042286
0.002000
0.002400
0.001000
-0.006154
0.021176
-0.064000
-0.028387
0.053846
0.001000
0.000000
-0.026400
-0.003750
-0.004974
-0.002871
0.017363
-0.004533
-0.005600
-0.022000
0.011875
-0.029231
-0.024762
0.046000
0.000000
0.013846
-0.014545
-0.018182
0.008235
0.044138
-0.007368
-0.030400
0.027059
0.006250
0.014660
-0.001186
0.001328
0.014848
-0.002039
0.000772
0.000187
-0.003487
-0.005209
-0.004264
0.000705
-0.006639
0.005698
-0.002186
-0.009022
-0.000241
0.001789
-0.012179
-0.004686
-0.001852
0.008583
0.004488
0.002245
-0.004851
-0.003931
0.014505
0.008156
0.007229
-0.009468
0.001557
0.005233
0.000621
-0.000690
0.004878
0.013600
0.004202
0.001749
0.002717
-0.006809
0.002981
0.012604
-0.006057
-0.002326
-0.018182
0.007656
-0.007154
0.008766
0.006484
-0.033571
-0.003846
0.002857
-0.021429
-0.018400
-0.016000
0.024444
-0.028333
0.020000
0.010000
0.012000
-0.016250
0.005714
0.007500
-0.012308
0.001481
-0.036667
-0.023750
0.007333
-0.005217
0.031538
-0.017500
0.040000
0.003200
0.015484
-0.028276
-0.004118
-0.003704
0.015000
0.014667
0.024000
0.012632
0.000800
-0.030476
-0.009286
-0.001739
-0.021250
-0.051111
0.015172
-0.005556
0.008889
-0.001429
-0.010588
-0.036471
-0.003448
-0.001481
0.008387
0.012593
-0.001600
0.013600
-0.001538
0.005517
-0.016154
-0.051429
-0.002222
-0.017692
-0.010909
-0.026667
0.014545
0.025000
0.025000
-0.023636
-0.007692
0.006667
0.006400
-0.016154
0.004000
-0.014783
0.006154
-0.016800
-0.002308
0.008889
-0.020714
-0.035758
0.005143
-0.002308
-0.058000
0.041818
0.010909
0.016667
0.038065
-0.019091
-0.036296
-0.009167
-0.024000
0.006667
-0.012308
-0.008421
0.005000
0.002857
-0.005000
-0.011765
0.017778
0.002308
0.003333
0.001538
0.036000
-0.004615
-0.020000
0.000000
-0.010370
0.031852
-0.013548
-0.006400
-0.005000
-0.002963
-0.024848
-0.003750
-0.018667
-0.011111
-0.016000
-0.029333
0.023448
0.022000
0.005385
0.045000
-0.010000
0.006000
0.034000
0.058000
-0.072000
-0.042000
0.002000
-0.038000
-0.016000
0.012000
0.016000
-0.004000
-0.006667
-0.036000
-0.004000
-0.036000
-0.010667
0.022105
0.027500
-0.005000
0.032000
0.000000
-0.040000
-0.030000
0.010000
0.032000
-0.040000
0.018000
-0.004000
-0.026000
-0.014000
0.032000
0.004000
-0.042000
0.004000
-0.012000
-0.002500
-0.016667
-0.005385
-0.014615
-0.048000
-0.038000
-0.004000
-0.018000
0.016000
0.038182
-0.058000
-0.038000
-0.008000
0.016000
0.024000
-0.009091
-0.056000
-0.010000
0.004000
-0.028000
0.016522
-0.012174
0.002105
-0.011200
-0.006000
-0.042000
-0.006000
0.062000
0.024000
0.016000
-0.008000
-0.072000
-0.040000
-0.088000
-0.014000
-0.022000
-0.004000
0.044000
0.020000
0.034000
0.030667
0.016000
-0.036250
0.007500
-0.006857
0.020714
0.007143
-0.020000
-0.008000
0.009333
0.001818
0.041667
-0.008148
-0.019231
0.004000
0.006957
0.025833
0.037391
-0.013333
-0.020870
0.056000
0.038000
-0.004000
-0.006000
0.020000
0.045000
-0.034000
-0.026000
0.028000
0.040000
0.060000
-0.032000
0.000000
0.012000
0.006000
-0.032000
0.065833
-0.027857
-0.000690
0.028148
-0.004000
0.018182
-0.008000
0.054000
0.006000
0.006000
0.064000
0.008000
-0.036000
-0.002000
0.018000
-0.012000
0.040000
-0.045455
0.046000
-0.054000
-0.012143
0.010714
0.003200
0.014615
-0.021818
-0.030000
0.046000
-0.006000
0.024000
0.010000
-0.006000
-0.002000
0.002000
-0.050000
0.016000
-0.054000
0.014000
0.002000
0.048000
0.070000
-0.008750
-0.034000
-0.008000
-0.040909
-0.036000
0.010000
-0.024000
0.002000
-0.042000
-0.002000
0.026000
-0.024000
-0.030000
0.028000
-0.012000
0.018000
-0.008000
-0.050000
0.076000
-0.018000
-0.011034
-0.014483
0.003030
-0.017419
-0.050000
0.030909
-0.008000
0.036364
-0.012857
0.015294
-0.001333
0.031250
0.034857
0.001429
0.037600
0.040000
-0.021250
-0.032800
0.019259
-0.013043
-0.014000
0.056000
-0.006000
-0.022000
0.048000
-0.010000
0.020000
0.002000
0.026000
-0.054000
-0.036000
0.016000
0.012000
-0.002000
0.020000
0.028000
0.047586
-0.018000
0.024000
-0.015385
0.004000
0.010000
-0.044000
0.038000
0.006667
-0.044000
0.004000
-0.032000
0.048000
0.002000
-0.016000
-0.004000
-0.028000
0.002000
-0.064000
0.000000
0.012800
0.015000
0.054444
0.013548
-0.018000
-0.056000
0.026000
0.056000
-0.002000
-0.006000
-0.068000
-0.010000
-0.030000
0.000000
-0.062000
-0.018000
-0.014000
-0.001667
0.012000
-0.044000
-0.009565
-0.030435
0.004615
-0.001481
0.000000
0.020000
0.060000
0.002000
-0.004000
-0.014000
-0.012000
0.054000
-0.032000
-0.018182
-0.008000
-0.032000
0.010000
0.040000
0.032000
0.030000
-0.011374
0.005000
0.000079
-0.000396
0.018104
-0.005659
0.005946
-0.001463
0.008020
-0.000781
0.008750
0.006436
0.001156
-0.001070
-0.008065
0.006871
-0.004316
-0.002312
-0.003452
0.012289
0.006772
0.000080
0.007789
-0.005430
-0.010950
-0.006667
-0.001762
-0.002439
-0.006082
0.008989
-0.010463
-0.005549
-0.000849
-0.005161
0.010252
0.006550
0.002184
-0.007391
0.000521
-0.003012
-0.002688
0.004483
0.000345
0.003353
0.009183
-0.002531
0.003487
0.008992
-0.010588
0.022500
0.046667
-0.012174
0.015714
0.013846
-0.047619
-0.007500
0.031333
-0.012667
0.008571
0.009655
0.025556
-0.020000
0.008571
-0.008750
-0.005517
-0.002667
0.006923
0.016000
-0.009565
-0.031667
-0.028182
-0.039167
-0.010000
0.026667
-0.023158
-0.002857
0.014667
-0.018235
-0.026923
0.024444
0.028462
-0.040833
0.012500
0.003200
0.008889
-0.011538
-0.005000
-0.036429
0.002667
0.007429
-0.018333
-0.003077
-0.016364
-0.028333
0.000000
-0.018571
-0.022667
0.005000
-0.003571
-0.001111
0.020000
-0.005455
0.033333
-0.005455
0.011034
0.021538
0.000000
0.002222
0.025000
0.004286
0.045333
-0.056250
0.009333
0.040952
0.001818
-0.020833
0.016000
-0.009412
0.003704
-0.037778
-0.030667
-0.036000
-0.021250
0.046250
0.000000
0.026400
0.012258
-0.003200
-0.024615
0.020000
-0.005000
0.017857
0.040741
0.009231
0.043704
0.019333
-0.005517
0.034118
0.007143
0.010833
0.016364
-0.080000
-0.020000
-0.001429
0.017778
-0.030769
-0.000571
0.010588
0.033333
0.016667
-0.030667
0.005714
-0.024000
0.005455
0.010000
0.029231
-0.012800
0.010345
0.000769
0.003571
0.023200
0.020000
0.020000
0.016800
0.030000
-0.034000
0.000000
0.014000
-0.070000
-0.016000
-0.006000
-0.042000
-0.008000
0.054000
-0.056000
0.010000
-0.002000
0.044000
-0.050000
0.000000
0.034545
0.003200
-0.015789
0.008800
0.038000
0.010000
0.022000
0.016000
0.024000
-0.010000
0.078000
-0.028000
0.002000
-0.010000
0.044000
-0.030000
-0.054000
-0.004000
0.034000
-0.022000
0.008000
0.054286
-0.016000
-0.019200
0.010000
0.046000
0.008000
0.028000
0.036000
-0.006000
-0.028000
-0.056000
-0.010000
0.018000
0.018000
0.002000
-0.020000
0.006000
0.046000
-0.006000
0.005000
-0.023158
-0.006000
0.019200
0.024000
0.030000
0.014000
0.046000
-0.002000
0.038000
0.014000
0.038000
0.000000
0.010000
0.076000
0.008000
0.008000
0.034000
-0.008000
0.082000
-0.019259
0.032414
-0.015484
0.016129
0.004000
-0.028000
-0.002000
-0.002000
-0.013143
0.032308
0.018519
0.026667
0.017333
-0.010526
0.041333
-0.010667
-0.016250
-0.005000
-0.013333
0.034615
-0.012000
0.014000
-0.040000
0.054000
-0.018000
0.006000
0.048000
-0.004000
-0.022000
-0.022000
0.066000
-0.018000
0.036000
0.042000
0.046000
-0.038000
-0.010370
0.013103
0.003077
0.001667
-0.052000
-0.018000
-0.030000
0.014000
0.012000
0.008000
-0.052000
0.052000
0.016000
-0.052000
-0.016000
0.044000
0.000000
-0.038000
-0.032000
-0.022000
-0.006154
0.046154
0.000000
0.015000
-0.026000
0.028000
0.024000
-0.034545
0.048000
0.020000
0.008000
-0.022000
0.010000
0.028000
-0.006000
0.012000
-0.014000
-0.024000
0.086000
-0.034000
0.034400
-0.024800
0.036190
-0.005161
0.002000
0.048000
-0.010000
0.020000
-0.002000
-0.014000
-0.036000
-0.002000
0.008000
-0.038182
-0.042000
0.028000
-0.046000
0.024000
-0.038000
0.016000
0.022857
0.049412
0.001429
-0.008000
0.048571
0.000741
0.024444
0.003333
-0.030000
0.004138
0.006897
-0.016923
0.036000
-0.108000
-0.008000
-0.036364
0.020000
-0.020800
-0.010909
0.030000
-0.010000
-0.046000
0.018000
0.006000
0.042000
0.026667
-0.052000
0.018000
-0.002000
-0.034000
-0.016000
0.012000
0.000000
0.056000
0.004000
0.020000
-0.007692
0.014815
0.007407
-0.015000
0.018000
-0.016000
0.014000
-0.032000
0.016000
0.002000
0.012000
-0.007692
0.008000
-0.036000
-0.038000
-0.042000
0.032000
0.030000
0.010000
0.048000
0.018667
-0.004000
-0.018095
-0.006400
0.040000
-0.032000
-0.046000
-0.030000
0.044000
0.000000
0.018000
-0.054000
0.018000
-0.074000
0.046000
-0.012000
0.016000
-0.008000
-0.072000
0.024000
-0.000741
-0.026429
-0.010000
-0.025000
-0.001818
0.034000
0.004000
0.078000
-0.026000
0.042000
-0.078000
-0.004000
0.028000
-0.040000
-0.014000
0.000000
-0.020000
-0.028000
-0.060000
0.058000
0.000105
-0.004390
0.012385
-0.002781
0.013990
-0.005685
0.001156
-0.002623
0.000415
0.002188
0.001287
0.011381
-0.010919
-0.000099
-0.005862
-0.004943
-0.002500
0.000000
0.027692
0.010000
0.005161
0.014545
0.006316
-0.002400
-0.005882
0.029091
0.014375
0.003333
0.009565
0.004000
-0.010370
-0.006667
-0.010510
-0.012736
-0.017225
-0.002091
0.009167
0.030909
-0.013333
0.002000
0.003333
-0.022000
-0.029333
-0.005333
-0.046364
-0.033571
0.007778
-0.022222
0.014375
-0.010000
0.010667
-0.008889
-0.004492
-0.020101
-0.011050
-0.006519
-0.006471
0.022000
-0.044375
0.022069
-0.006667
0.006957
-0.001111
0.052857
-0.050435
-0.016000
0.011613
-0.010000
-0.027143
0.018000
-0.007742
-0.042667
-0.010377
-0.020000
-0.023619
0.001765
0.004220
-0.005437
0.014455
0.016238
0.005455
0.010297
-0.016822
0.013836
0.015029
-0.010899
0.007821
0.000571
0.009419
-0.016571
-0.002346
0.004229
-0.007283
0.004914
-0.009888
-0.004205
-0.000220
0.001448
0.000309
0.008795
0.004844
-0.002775
-0.006204
0.002305
0.997174
0.997229
0.997307
0.996640
-0.005804
-0.004176
-0.004073
-0.002310
0.000686
-0.009183
0.005950
0.000331
-0.998817
-0.999052
-0.998972
-0.998559
0.011794
-0.002958
0.001801
-0.001434
0.000194
0.002789
-0.007748
0.006924
-0.998882
-0.998912
-0.998687
-0.998921
0.010000
0.001067
-0.007105
0.007356
-0.004595
-0.003704
0.001053
0.005977
0.013469
-0.014634
-0.010545
0.007869
0.011294
0.022059
0.010423
0.004557
0.015510
0.011429
0.004151
-0.017667
-0.001600
-0.008529
-0.010725
0.005250
-0.002353
0.015422
-0.001299
-0.001892
-0.013889
0.008378
-0.000274
-0.002029
0.011250
-0.028511
0.004407
0.010149
-0.008780
-0.020882
-0.020235
-0.013012
0.006667
0.017000
-0.014815
-0.010164
0.000789
0.012353
-0.011940
-0.008974
0.004225
-0.002432
-0.004267
-0.019420
-0.001408
0.014615
-0.000274
0.000270
0.004444
-0.019091
0.011935
0.014848
-0.000964
-0.014521
-0.005750
-0.011325
-0.012340
-0.017500
-0.014400
0.020667
0.014500
0.000952
-0.001765
-0.008684
-0.014706
0.011642
0.015294
0.009643
-0.004776
-0.002703
-0.003125
-0.005333
0.018630
-0.000678
0.000000
-0.006429
0.024308
-0.005091
-0.003729
-0.002963
0.001563
0.006429
0.005574
0.003929
-0.014242
0.017667
-0.008254
0.011379
-0.017910
0.011714
0.001846
0.004348
0.026000
-0.006000
-0.016364
-0.022000
0.010000
-0.018000
0.014000
-0.036667
-0.028000
-0.007692
-0.006000
-0.004000
0.028889
0.010000
-0.072000
0.009091
0.008286
0.024225
-0.006562
0.000000
0.014000
0.028000
0.012000
-0.068000
0.028000
0.060000
0.040000
0.048000
0.008889
0.044762
-0.029231
0.006000
-0.020000
-0.013333
-0.003636
-0.036000
-0.066000
0.003636
0.032000
-0.030909
-0.016667
-0.007273
-0.029091
-0.010000
0.005455
-0.015385
-0.031429
0.014545
-0.023200
0.048000
0.027273
-0.020000
0.028000
0.026000
-0.020000
-0.036364
-0.012000
0.006000
0.004000
-0.036667
-0.044000
0.006000
0.024000
0.092000
-0.012000
-0.006000
-0.066000
-0.012000
0.026000
-0.025455
0.052000
0.014545
-0.028333
0.000000
0.040000
0.004000
0.029091
-0.023636
0.027692
0.046154
0.024800
-0.040000
-0.003636
-0.002857
0.014000
0.084000
0.007273
-0.015000
-0.040000
-0.032000
0.032000
-0.044000
-0.074000
-0.063636
0.026000
-0.018000
0.012000
0.027273
0.004000
0.030000
0.006197
-0.009552
-0.016129
0.029474
0.004000
0.007143
-0.002500
0.021667
0.046250
-0.022105
-0.003750
0.006000
0.092000
-0.044000
0.006000
0.024000
0.004000
-0.006000
0.040000
0.018000
-0.003492
-0.002647
-0.002414
0.014035
0.026000
0.056000
-0.012000
0.013333
-0.026000
0.038000
-0.038182
-0.022000
-0.041176
-0.035000
-0.010000
-0.009091
0.010000
0.010588
0.063636
-0.008000
-0.035000
-0.036000
-0.054545
-0.008000
-0.006000
0.020000
-0.030000
-0.026667
-0.006000
-0.016364
-0.022000
0.026000
-0.029091
0.074000
-0.012000
0.080000
0.022000
0.018333
0.002000
-0.014000
-0.006000
-0.065455
0.036364
0.000000
0.040000
0.029091
-0.020000
0.031667
-0.002400
0.012000
0.024615
0.027692
-0.016364
0.001667
-0.012727
0.010000
0.004000
-0.003636
0.000000
-0.028000
0.004348
0.010000
-0.006250
-0.002857
-0.030909
0.018000
-0.036364
0.001818
0.050000
-0.078000
0.016364
-0.023077
0.014545
0.014000
0.050000
0.016000
0.062000
0.020000
0.024000
0.046000
0.038000
0.032000
0.020000
0.032000
0.008571
-0.010303
-0.006441
0.003793
-0.002000
-0.021429
-0.013750
0.020000
-0.037500
0.022105
-0.052000
-0.002857
-0.038000
-0.018000
0.038000
0.005455
0.030000
0.012000
0.027273
0.004000
-0.002857
0.002540
-0.009206
-0.005614
0.006250
-0.042105
-0.002000
0.000000
-0.034000
-0.018462
-0.022000
0.000000
0.004000
0.021818
-0.048000
-0.060000
0.032000
0.038000
0.032000
0.020000
0.021818
-0.014545
-0.042000
0.064000
-0.012000
-0.034545
-0.002000
0.001667
0.028000
0.012000
-0.068000
0.014000
0.010000
0.062000
0.012000
0.004000
-0.047273
0.026000
-0.003636
0.026000
0.070000
-0.030000
-0.002000
0.060000
-0.016667
0.018000
0.015000
-0.035000
0.032727
-0.038000
0.032000
-0.010909
-0.040000
-0.034000
-0.032727
0.006667
0.030909
0.010000
0.040000
0.010000
0.028000
-0.038000
0.006000
-0.048000
0.038000
-0.038182
-0.022000
-0.026000
0.008333
-0.014000
-0.005455
-0.045000
0.010000
0.047273
0.018000
0.020000
-0.006667
0.032000
-0.037647
-0.003529
0.012727
0.036000
-0.006000
0.023333
0.002761
0.000976
-0.002142
-0.004000
0.005367
-0.004373
-0.000068
-0.002311
-0.998700
-0.998894
-0.998635
-0.998486
-0.005274
-0.008192
-0.005274
-0.008192
0.001766
-0.003987
0.001646
-0.002360
0.016923
0.026349
0.012000
0.011781
-0.004545
-0.012000
-0.003059
0.012941
0.011594
-0.013538
0.033824
0.025797
0.012468
-0.009032
-0.023529
-0.002069
-0.009412
0.018788
0.001159
-0.018551
0.010909
0.002769
-0.004179
0.016706
-0.003980
0.001117
-0.003980
0.001117
0.000607
0.000353
-0.001106
-0.002552
0.024571
-0.017971
0.019294
0.014773
-0.000833
-0.032000
0.005000
0.009315
-0.008857
-0.018841
0.006301
0.010462
-0.025789
0.006000
-0.018372
0.005455
0.013333
-0.004923
-0.008000
0.015077
0.000988
-0.027742
0.013939
0.004138
0.997404
0.997322
0.997404
0.997322
-0.998703
-0.998414
-0.998626
-0.998722
0.016111
-0.019385
0.004819
-0.025714
-0.005882
0.010606
-0.014824
-0.002535
-0.010588
0.022769
-0.016119
0.001538
0.002195
-0.011935
-0.029302
-0.013258
-0.012941
0.004706
0.010606
-0.004242
-0.006410
0.013750
0.006269
0.008837
-0.022462
0.010000
-0.020702
-0.007937
0.017273
-0.008235
0.002034
-0.003607
0.006667
-0.021111
0.018644
0.011034
-0.011746
-0.020755
-0.009259
0.007797
0.009538
-0.007308
-0.008571
-0.005263
0.000952
0.004074
-0.007241
-0.011724
0.003810
-0.008387
0.029474
-0.015849
-0.038000
0.020000
0.027273
0.062000
-0.050909
0.004000
-0.014000
0.042000
0.026000
0.000000
0.022000
0.056000
0.002000
0.005000
0.027692
-0.055385
0.003492
-0.006984
0.005714
0.000769
0.002000
0.026000
-0.042000
0.030000
-0.038000
-0.034000
-0.026000
-0.016000
0.016364
-0.015556
-0.049231
-0.005455
-0.010000
-0.014000
-0.006000
-0.016000
0.002000
-0.020000
0.002000
-0.020000
0.004000
0.010000
0.030000
-0.048000
0.008000
-0.052000
0.003333
-0.046000
-0.018000
-0.008000
0.050909
-0.072000
0.025000
0.000000
-0.045455
-0.013333
-0.082000
0.016000
-0.018000
0.012000
-0.061818
-0.012000
0.024000
-0.026000
-0.063077
0.002000
0.000000
0.048571
0.016000
0.016000
0.016000
0.016000
0.026000
0.022000
0.030000
-0.008000
-0.030000
-0.008000
0.015000
-0.032000
0.004000
0.032000
-0.016364
0.012000
0.010000
-0.014000
0.012000
0.038000
-0.036000
-0.021667
-0.010909
-0.002353
-0.005000
0.000000
0.027273
-0.014286
-0.030909
-0.024000
-0.034000
-0.030000
0.009706
-0.005246
-0.008276
-0.014030
-0.006000
0.024000
0.073333
0.028000
-0.046667
-0.012381
-0.009333
-0.038333
0.042000
0.014000
0.008000
-0.008000
0.026000
-0.034000
-0.030000
0.022000
-0.012537
0.002154
-0.005455
0.005818
-0.036000
0.020000
0.006000
0.042000
0.024000
0.010000
0.018000
-0.010000
0.000000
-0.044211
0.004615
-0.026250
0.058000
-0.035000
-0.022000
-0.028000
-0.004706
0.031429
-0.003478
-0.047778
-0.032000
-0.026000
0.014000
0.062000
0.014545
0.008000
-0.010000
0.000000
-0.028000
-0.045714
-0.006154
0.046667
-0.018000
-0.038000
-0.018000
-0.038000
-0.030000
-0.004000
-0.010000
0.010000
0.018000
-0.016000
-0.029091
-0.028000
0.000000
-0.006000
0.014000
0.056000
0.030000
-0.008000
0.026000
0.022000
0.047273
0.058000
0.047273
0.058000
0.010000
0.032000
-0.038000
0.052000
-0.040000
-0.036000
-0.003636
0.016000
-0.044000
-0.018000
0.070000
0.010000
0.072857
0.004706
0.035652
-0.009333
-0.045455
0.012000
0.024615
-0.030000
0.066000
-0.030000
-0.042000
0.020000
-0.022029
0.004242
0.000702
-0.005000
-0.032000
0.012727
0.034545
-0.050000
-0.010000
0.015789
-0.014118
-0.035000
0.000000
0.010000
-0.002000
-0.064000
-0.002000
0.030000
0.066000
-0.038000
-0.002188
-0.014603
0.005714
0.003077
-0.008000
-0.014000
0.025000
0.018667
0.020000
0.063636
-0.014000
0.012000
-0.030000
-0.024000
-0.049091
0.016000
0.018000
0.008000
0.010000
0.040000
0.015000
0.012500
0.014545
-0.008421
-0.002000
0.004000
-0.030000
0.008000
-0.041818
0.010000
-0.008000
0.032727
0.007692
-0.002857
-0.001538
0.000000
-0.010000
0.010000
-0.030000
-0.004000
0.074000
0.092000
0.074000
0.092000
0.010000
0.008000
-0.044000
0.022000
0.026000
-0.044000
-0.040000
-0.030000
-0.020000
0.018000
0.024000
0.030000
-0.042667
0.014286
-0.003810
0.015294
0.001667
-0.074000
-0.041667
-0.025714
0.018000
0.014000
0.003636
0.048000
0.030000
-0.048000
0.004000
0.010000
0.016000
-0.004000
0.016000
-0.004000
-0.016000
-0.036000
-0.012000
0.022000
0.032000
0.016000
0.006667
0.004000
-0.003962
-0.003619
-0.015577
0.011800
0.015929
-0.002264
-0.005946
-0.007248
-0.004037
-0.012353
0.009027
0.007525
0.005698
-0.002186
-0.009022
-0.000241
0.001789
-0.012179
-0.004686
-0.001852
-0.003931
0.014505
0.008156
0.007229
-0.009468
0.001557
0.005233
0.000621
0.001749
0.002717
-0.006809
0.002981
0.012604
-0.006057
-0.002326
-0.018182
-0.014400
0.002424
0.011111
0.005600
-0.002400
0.007333
-0.006897
0.024615
-0.018000
0.023077
-0.011111
-0.008750
0.034667
0.006667
-0.049412
0.054667
0.007143
-0.020000
0.045333
0.007059
0.015484
0.026400
-0.010909
0.053846
0.037143
-0.037333
-0.009333
0.010000
0.000000
0.012308
0.007143
0.050000
0.008571
-0.008148
-0.010435
0.003226
-0.052500
-0.008000
0.016000
-0.040000
0.011111
0.005600
-0.014400
0.002424
-0.018462
0.016296
-0.000606
0.036571
-0.030667
0.021600
-0.026250
-0.005161
0.054667
0.034667
0.006667
-0.049412
0.009333
-0.030769
0.006250
0.018667
-0.040000
-0.052500
-0.008000
0.016000
-0.020000
-0.006875
-0.020714
0.024138
-0.024444
0.020000
-0.018000
0.009333
-0.026000
-0.012000
-0.014000
-0.009091
-0.017333
0.010667
-0.007059
-0.012000
-0.019231
-0.011765
-0.013939
-0.007059
-0.020714
0.024138
-0.020000
-0.006875
-0.006897
0.024615
-0.002400
0.007333
0.012000
0.038667
0.018667
-0.024286
-0.010435
0.003226
0.008571
-0.008148
-0.037500
0.015625
-0.030400
0.005833
-0.020000
0.045333
0.007059
0.007143
0.029091
-0.040000
-0.004000
-0.032727
-0.031034
-0.002400
0.027097
-0.004615
-0.012000
-0.017333
0.010667
-0.007059
0.021429
0.003077
0.010000
-0.028000
-0.024286
0.012000
0.038667
0.018667
-0.037333
-0.009333
0.010000
0.037143
-0.018000
0.009333
-0.024444
0.020000
0.007692
0.014286
-0.002500
0.015882
-0.030400
0.005833
-0.037500
0.015625
0.001156
-0.001070
-0.008065
0.006871
-0.004316
-0.002312
-0.003452
0.012289
-0.010950
-0.006667
-0.001762
-0.002439
-0.006082
0.008989
-0.010463
-0.005549
0.002184
-0.007391
0.000521
-0.003012
-0.002688
0.004483
0.000345
0.003353
-0.013333
-0.057500
0.031429
-0.030667
0.014839
-0.032000
0.002581
0.024615
-0.040000
-0.010000
0.018571
0.004000
-0.029333
0.001538
0.042857
-0.001538
-0.001481
-0.027742
-0.028571
-0.017600
0.006400
0.025517
0.005333
0.000800
0.006000
0.060000
0.018889
-0.030000
0.018667
-0.024286
0.013333
0.028000
-0.028571
-0.017600
-0.001481
-0.027742
0.025000
-0.003571
-0.012857
-0.002000
-0.019286
-0.004800
-0.016154
-0.014194
-0.011250
-0.020000
-0.017333
0.010667
-0.016154
-0.014194
-0.019286
-0.004800
-0.015556
-0.002941
-0.010714
0.005600
-0.057500
0.031429
-0.030667
-0.013333
-0.008000
0.020000
0.030909
-0.012727
0.001429
0.016250
-0.015714
0.009333
0.014815
0.000000
0.045161
-0.026154
-0.020000
0.011250
-0.062857
-0.041333
0.005333
-0.015385
0.056000
0.004615
-0.010000
0.018571
0.004000
-0.040000
0.008125
-0.005517
0.026923
0.020000
-0.010714
0.005600
-0.015556
-0.002941
-0.004348
-0.014815
0.011613
-0.003125
0.001379
0.009600
-0.015625
-0.018065
0.028000
0.018667
-0.024286
0.013333
-0.031429
0.021538
-0.001429
-0.034286
0.010667
-0.011250
-0.020000
-0.017333
0.026923
0.020000
0.008125
-0.005517
-0.045714
-0.018235
-0.027200
-0.007586
0.016250
-0.015714
0.009333
0.001429
-0.018000
0.108000
-0.007273
0.018333
-0.022609
0.012121
0.003030
-0.003750
-0.027200
-0.007586
-0.045714
-0.018235
0.011250
-0.062857
-0.041333
-0.020000
0.005333
0.000800
0.006400
0.025517
-0.010377
-0.020000
-0.023619
0.001765
0.004220
-0.005437
0.014455
0.016238
0.005455
0.010297
-0.016822
0.013836
-0.000220
0.001448
0.000309
0.008795
0.004844
-0.002775
-0.006204
0.002305
0.997174
0.997229
0.997307
0.996640
0.002778
0.017500
0.001096
0.013231
-0.013056
-0.012121
-0.009855
-0.003939
0.001096
0.013231
0.002778
0.017500
0.021690
0.008923
0.002899
-0.004545
-0.009855
-0.003939
-0.013056
-0.012121
0.002899
-0.004545
0.021690
0.008923
-0.005274
-0.008192
-0.005274
-0.008192
-0.003980
0.001117
-0.003980
0.001117
0.997404
0.997322
0.997404
0.997322
0.018437
0.013333
0.018437
0.013333
-0.005079
-0.022769
-0.005079
-0.022769
0.013333
0.018437
0.013333
0.018437
-0.000308
0.000952
-0.000308
0.000952
-0.022769
-0.005079
-0.022769
-0.005079
0.000952
-0.000308
0.000952
-0.000308
