-0.037838
-0.042941
-0.042781
-0.039266
-0.039136
-0.034443
-0.036605
-0.037058
-0.068550
-0.073452
-0.084212
-0.077554
-0.041966
-0.035798
-0.049252
-0.038041
-0.034198
-0.034660
-0.037958
-0.041076
-0.072971
-0.065238
-0.071983
-0.069545
-0.032632
-0.016364
-0.008621
-0.020513
-0.004500
-0.006061
-0.016897
0.001579
-0.018696
-0.021053
0.018929
-0.017778
-0.003415
-0.013750
-0.012727
-0.039048
-0.009756
0.010588
0.021429
-0.008136
-0.026000
0.028235
0.006538
-0.009730
-0.004400
0.009091
-0.017059
0.009655
-0.018431
0.007059
0.013889
-0.018148
0.017551
-0.016585
-0.012414
0.004364
-0.013878
0.015882
-0.003684
0.006786
-0.003137
0.054545
-0.010345
0.009123
-0.023922
-0.008571
0.026111
0.009020
0.007327
0.006486
0.013642
0.007418
0.008313
0.007330
0.014877
0.011464
0.008823
0.006958
0.016563
0.002979
0.014534
0.010693
0.008156
0.014576
0.024118
0.016522
-0.000385
0.005000
0.002286
0.003571
-0.026207
0.000755
0.014674
0.007902
0.002877
0.014071
-0.033077
0.024444
0.001143
0.012571
0.063200
-0.011250
0.000714
0.003846
0.015815
0.005280
0.003220
0.007263
0.011724
-0.011250
-0.014545
0.011429
0.002667
0.013636
0.008667
0.018889
-0.025641
0.000000
0.000000
-0.023784
-0.016364
0.043333
0.025517
-0.011892
0.046286
-0.024000
0.014182
-0.026333
-0.007273
-0.021667
0.001935
-0.014054
-0.008718
0.012727
0.002308
-0.016721
0.001935
0.072000
0.047857
-0.013125
-0.010377
0.003048
-0.013846
-0.016000
-0.022655
-0.032075
0.003063
-0.014362
-0.017064
-0.021176
-0.008319
-0.012079
-0.002222
-0.001765
0.010189
0.001333
0.021500
0.016255
0.023205
0.012483
0.015192
0.007819
0.004561
0.017376
0.014974
0.008098
0.010550
0.016364
-0.006943
-0.003452
-0.002775
0.000765
0.000311
-0.007708
-0.009123
-0.002541
0.006811
0.005517
0.000000
0.002184
-0.012500
-0.035172
0.023077
-0.056667
-0.003871
0.018182
-0.017895
0.020000
0.020000
0.003636
-0.003125
0.000667
0.009565
0.038000
0.011111
-0.005556
0.004286
-0.005672
0.003121
0.006091
-0.003333
0.036364
0.008485
0.025000
-0.031111
-0.008000
0.009333
0.013333
0.011818
-0.040000
0.006667
-0.011111
-0.020625
-0.016667
-0.004000
0.000741
0.006845
0.016181
-0.005635
0.008066
0.004706
0.062000
0.003750
0.000000
0.000952
0.017391
-0.017778
0.020000
0.050435
0.010000
-0.007097
0.018750
-0.058571
-0.030000
0.016774
-0.061333
0.015146
0.009091
0.004896
0.001616
-0.004757
-0.009112
0.005794
-0.010667
-0.000279
-0.003488
-0.013128
0.000332
0.002520
0.009764
-0.004184
0.004950
0.006437
-0.003577
0.008500
0.002941
-0.003125
0.004309
-0.000340
0.010320
-0.040000
-0.005882
-0.025833
-0.027778
-0.006000
0.015472
-0.014375
-0.012143
-0.006333
-0.003333
0.018605
0.006667
-0.032500
0.023810
0.000000
0.037778
-0.010000
0.018750
-0.015294
0.010588
0.010545
0.040526
0.021818
-0.014737
0.032727
0.015294
0.005000
0.017143
-0.012083
0.006400
0.009697
0.008148
0.002963
0.000784
0.027907
0.023556
-0.016364
0.046667
-0.005455
0.004615
0.015000
0.010526
0.038667
0.029412
-0.005455
0.027179
0.007879
-0.013500
0.002180
-0.006308
0.000556
-0.013465
0.004076
-0.006667
-0.005766
-0.006098
-0.000198
0.012266
0.010625
-0.006634
-0.000394
0.013120
0.004211
0.003258
-0.002085
0.013306
-0.008319
0.013624
0.006381
0.010204
0.007282
0.008319
0.018387
0.007407
0.030909
-0.002979
0.021111
-0.020000
-0.036000
0.008750
-0.010769
0.028571
-0.023636
0.041250
0.022692
0.026792
0.008276
-0.002353
0.012000
-0.014717
-0.000909
-0.010612
-0.040000
0.035714
-0.044000
-0.003077
-0.023390
-0.018378
0.015172
0.007317
0.018750
0.007619
-0.017333
-0.003529
-0.041333
0.006000
0.020000
-0.006250
-0.009180
-0.000526
0.022941
0.021538
0.005957
0.002083
-0.010000
0.009333
-0.034545
0.000000
0.062000
-0.052308
-0.004718
-0.002885
0.003333
0.002581
-0.006562
0.003448
-0.009944
-0.006292
-0.009845
0.002714
-0.001469
0.003279
-0.010753
-0.004279
0.000575
0.001453
-0.018889
0.048000
0.008125
-0.002143
-0.006667
0.002000
-0.008276
-0.001000
-0.015789
-0.008000
0.027143
0.040000
0.001143
0.000000
0.008750
0.031875
0.007234
-0.002167
0.012022
-0.003933
-0.003889
0.009091
0.010303
0.010286
0.024000
0.012000
-0.020000
0.001538
0.031765
-0.034000
0.010323
0.000000
-0.017000
-0.010000
-0.005600
0.006250
-0.004767
-0.000891
-0.004396
0.013511
-0.001600
0.004000
-0.014375
0.024615
0.000952
0.008000
0.000606
0.018462
-0.012727
-0.009091
-0.048235
0.006897
-0.013684
-0.021600
0.020000
0.023750
-0.027179
-0.019585
-0.013048
-0.023860
-0.006244
-0.005106
-0.009045
-0.000364
-0.003858
-0.006383
-0.003949
-0.004908
0.016604
0.000800
0.001524
-0.002353
-0.007890
0.011262
-0.008515
0.016832
0.011818
0.023762
0.000000
0.028082
0.007327
0.006486
0.013642
0.007418
0.008313
0.007330
0.014877
0.011464
0.008823
0.006958
0.016563
0.002979
0.024118
0.016522
-0.000385
0.005000
0.002286
0.003571
-0.026207
0.000755
-0.033077
0.024444
0.001143
0.012571
0.063200
-0.011250
0.000714
0.003846
0.011724
-0.011250
-0.014545
0.011429
0.002667
0.013636
0.008667
0.018889
0.013231
-0.018730
-0.004471
0.006301
-0.005758
0.003692
0.003059
-0.004412
-0.025641
0.000000
0.000000
-0.023784
0.013506
-0.007419
-0.015000
0.002989
-0.016364
0.043333
0.025517
-0.011892
-0.006753
-0.004615
-0.020000
0.015294
-0.006000
-0.004928
0.006118
-0.009545
0.005000
-0.016000
-0.004048
0.009041
0.006053
-0.017429
0.008140
-0.007727
0.046286
-0.024000
0.014182
-0.026333
-0.007273
-0.021667
0.001935
-0.014054
-0.000494
0.010968
-0.014848
-0.013793
0.010000
-0.014154
0.000723
0.004396
0.002059
0.002727
0.001882
-0.023662
-0.003902
-0.021935
-0.006279
-0.005618
-0.008718
0.012727
0.002308
-0.016721
-0.001795
-0.003125
0.005672
-0.003721
0.001935
0.072000
0.047857
-0.013125
0.020408
-0.016585
-0.002545
0.006557
0.020000
0.028571
-0.007925
-0.006333
-0.010417
-0.008085
-0.027119
-0.001194
0.020392
0.001500
0.018519
-0.023607
0.013704
-0.002727
-0.015161
-0.006061
-0.001277
-0.012000
-0.017200
-0.016333
0.005952
0.010652
0.008571
0.006250
0.052000
-0.006667
0.023636
0.025333
-0.018000
-0.023636
-0.020000
-0.026000
-0.010000
-0.018571
0.038182
-0.030909
-0.034000
-0.011111
-0.010000
0.032000
-0.002558
0.001064
0.000000
0.000482
0.036667
0.027273
0.040000
-0.027500
0.020000
-0.027273
-0.027273
-0.010000
-0.026000
-0.024615
-0.012857
-0.017500
-0.022000
0.009333
0.052727
0.027273
-0.009333
-0.005366
-0.003175
-0.016667
-0.026000
-0.028000
-0.001333
0.048571
0.027500
0.014783
-0.040000
0.044000
-0.012727
-0.018000
0.013846
-0.010667
0.036000
-0.018000
0.027273
0.020000
0.003333
0.010000
0.022941
0.002222
0.020000
0.034545
0.023636
0.018000
0.016364
-0.029091
-0.050000
-0.014667
0.040000
-0.014167
0.056000
0.007273
-0.036000
0.013333
-0.013333
-0.016364
-0.013590
0.005854
-0.014154
-0.008169
0.032000
0.061667
-0.007500
-0.015385
0.020000
0.006400
0.004211
0.006667
0.006000
-0.038000
0.003636
-0.030000
0.034000
0.012000
0.014545
-0.007692
0.006914
-0.011392
0.018000
-0.002597
0.017333
-0.002500
-0.020000
-0.030000
0.000000
-0.012308
0.000000
-0.008333
0.042000
-0.012000
-0.007273
0.007273
-0.020000
0.048000
-0.016364
0.018462
-0.016000
-0.035385
-0.032857
0.036923
-0.010370
-0.014545
0.054545
-0.013636
0.018000
0.036923
0.027143
-0.021818
0.008000
0.006000
-0.024000
0.018182
-0.032000
-0.047273
-0.016923
-0.018571
0.000000
0.003077
0.046154
-0.005000
0.005455
-0.004000
-0.012000
0.010000
-0.030000
-0.015714
0.011667
-0.036000
-0.001667
0.040000
-0.008333
0.104000
-0.016364
-0.016000
0.008000
0.040000
-0.006000
0.038182
0.020000
0.001538
-0.003750
-0.050667
-0.006154
-0.010000
0.013077
-0.012000
0.010588
0.015652
-0.016364
0.028000
0.010000
0.000000
0.012000
0.014000
0.003636
-0.029091
-0.010000
0.006154
0.080000
0.005000
-0.018000
-0.010769
-0.002000
-0.036923
0.048000
0.005455
-0.058000
0.010000
-0.009286
0.008750
0.027500
0.009524
0.000000
0.067273
0.006000
0.025000
-0.056000
0.046000
-0.016000
0.068000
-0.030909
0.065000
0.041667
0.040000
0.025714
-0.021667
-0.047059
0.017000
-0.036000
0.050000
-0.008000
-0.018462
-0.037838
-0.042941
-0.042781
-0.039266
-0.039136
-0.034443
-0.036605
-0.037058
-0.068550
-0.073452
-0.084212
-0.077554
-0.041966
-0.035798
-0.049252
-0.038041
-0.034198
-0.034660
-0.037958
-0.041076
-0.072971
-0.065238
-0.071983
-0.069545
0.007791
0.005921
0.003505
0.012244
0.014534
0.010693
0.008156
0.014576
0.014353
0.009196
0.015280
0.012360
0.014674
0.007902
0.002877
0.014071
-0.020380
-0.018420
-0.016041
-0.018675
0.015815
0.005280
0.003220
0.007263
0.005510
0.006571
0.004907
0.002303
0.000870
0.008308
0.032647
0.012174
-0.023235
-0.014848
-0.003478
0.009855
0.001470
0.003531
0.001169
0.011103
0.018571
0.001739
-0.001370
0.005846
0.018182
-0.009846
-0.005538
-0.015692
-0.007753
-0.012848
-0.019744
-0.016684
0.003235
-0.003385
-0.020000
0.020923
-0.023529
-0.006176
-0.014848
-0.020303
-0.002273
0.005091
0.001887
0.011429
-0.027273
0.020000
-0.031667
-0.014545
0.001818
-0.015385
-0.004000
-0.026000
0.002000
0.011429
-0.010000
-0.053846
0.022000
0.007368
0.009333
-0.027273
0.002609
-0.017200
-0.008679
-0.012800
-0.001818
0.054545
0.013333
-0.007692
0.000000
-0.025714
0.068000
-0.001818
0.026000
0.001111
0.014667
-0.012000
-0.034000
0.027692
0.058000
0.020000
0.012245
0.006522
-0.006667
0.001311
0.012000
-0.010000
-0.022000
0.000000
-0.012000
-0.049412
-0.004706
-0.022000
0.005455
-0.023636
0.001667
0.043333
0.026000
-0.004615
-0.044000
0.014000
-0.015455
0.012609
-0.003509
0.018723
0.028000
0.028000
-0.004000
0.032000
-0.050909
0.038182
-0.063636
0.005455
0.021818
0.012632
0.054667
-0.001333
0.014545
-0.029231
0.006000
0.066667
-0.016444
-0.009787
-0.007636
-0.011321
0.014000
0.051667
0.022000
0.010769
-0.016364
0.051111
0.032222
0.008000
-0.034000
-0.046000
-0.020000
-0.008000
-0.021818
0.009091
-0.056364
0.010000
0.005652
-0.007556
0.021887
0.022500
0.084000
0.009412
0.007143
0.020000
-0.007273
-0.006154
0.002000
-0.014545
-0.026000
0.064000
0.018000
-0.069091
-0.045455
0.080000
0.023333
0.064615
-0.030909
0.023077
-0.023077
0.012857
0.034000
0.043636
0.006000
0.074000
0.044000
0.030769
-0.016000
-0.050000
0.007368
-0.052000
-0.004000
-0.010000
0.010000
0.016923
0.007692
-0.005000
0.029091
0.014000
-0.012000
0.034545
-0.012500
-0.018000
0.054545
-0.005000
0.014000
0.023077
0.006000
0.010000
-0.002000
0.000000
0.002000
0.056000
-0.033750
0.050000
-0.018462
-0.010526
0.028000
-0.013846
0.008333
0.047143
-0.006000
0.048000
-0.020000
-0.030909
-0.023636
-0.010909
0.028000
0.027273
0.038182
-0.033333
0.023333
-0.012727
-0.016000
0.002000
-0.013333
0.030526
0.010000
-0.011667
0.034000
0.040000
-0.036000
-0.012308
0.028000
-0.008333
0.024706
0.005714
-0.037333
-0.018750
0.026000
-0.004000
-0.006000
-0.031667
0.000000
-0.021667
0.093333
0.003333
-0.001333
-0.009091
-0.015385
0.013684
-0.020000
0.030000
-0.002000
0.074000
0.026000
-0.026000
0.016364
0.026154
0.005455
-0.008333
-0.021538
-0.011667
-0.032632
-0.016364
-0.008621
-0.020513
-0.004500
-0.006061
-0.016897
0.001579
-0.018696
-0.021053
0.018929
-0.017778
-0.003415
-0.013750
-0.012727
-0.039048
-0.009756
0.010588
0.021429
-0.008136
-0.026000
0.028235
0.006538
-0.009730
-0.015897
0.001600
0.003158
-0.002069
-0.017297
-0.010617
-0.006053
-0.008506
-0.002353
-0.016765
-0.015211
0.016456
-0.004400
0.009091
-0.017059
0.009655
0.023733
-0.014412
-0.007536
-0.006500
-0.018431
0.007059
0.013889
-0.018148
-0.007059
0.005783
-0.013247
-0.012703
0.004167
0.018108
0.010137
0.013913
0.017551
-0.016585
-0.012414
0.004364
0.006341
-0.015294
-0.023059
0.009639
-0.004737
-0.007941
0.008358
-0.017949
-0.013878
0.015882
-0.003684
0.006786
-0.020563
0.011622
-0.003733
-0.002029
0.009859
0.023590
-0.001370
0.003243
-0.003137
0.054545
-0.010345
0.009123
-0.001205
0.007123
-0.016500
0.000482
-0.023922
-0.008571
0.026111
0.009020
0.001500
-0.006667
-0.007059
0.001579
0.005114
-0.005371
0.002743
-0.004229
-0.004914
0.000115
0.001149
0.001371
-0.011792
0.000230
-0.005114
-0.000114
-0.010377
0.003048
-0.013846
-0.016000
-0.022655
-0.032075
0.003063
-0.014362
-0.017064
-0.021176
-0.008319
-0.012079
-0.004718
-0.002885
0.003333
0.002581
-0.006562
0.003448
-0.009944
-0.006292
-0.009845
0.002714
-0.001469
0.003279
-0.010753
-0.004279
0.000575
0.001453
-0.018889
0.048000
0.008125
-0.002143
-0.006667
0.002000
-0.008276
-0.001000
-0.015789
-0.008000
0.027143
0.040000
0.001143
0.000000
0.008750
0.031875
0.007234
-0.002167
0.012022
-0.003933
-0.003889
0.009091
0.010303
0.010286
0.024000
0.012000
-0.020000
0.001538
0.031765
-0.034000
0.010323
0.000000
-0.017000
-0.010000
-0.005600
0.006250
-0.004767
-0.000891
-0.004396
0.013511
-0.001600
0.004000
-0.014375
0.024615
0.000952
0.008000
0.000606
0.018462
-0.012727
-0.009091
-0.048235
0.006897
-0.013684
-0.021600
0.020000
0.023750
0.015146
0.009091
0.004896
0.001616
-0.004757
-0.009112
0.005794
-0.010667
-0.000279
-0.003488
-0.013128
0.000332
-0.004302
0.005246
-0.001522
0.001566
-0.000421
-0.004022
0.008229
-0.001728
0.002520
0.009764
-0.004184
0.004950
-0.001040
0.005604
0.003352
-0.000843
-0.001277
-0.012695
0.013605
0.001988
0.006437
-0.003577
0.008500
0.002941
-0.004153
-0.001630
-0.005532
-0.003462
0.009062
0.007429
0.000930
0.013750
-0.003125
0.004309
-0.000340
0.010320
0.013571
0.011538
0.012857
0.004286
0.004800
-0.039200
-0.020000
-0.005833
-0.010909
-0.010000
-0.053000
0.000000
0.032143
0.020000
0.003077
0.003704
0.006667
-0.008750
0.006000
-0.020000
0.010769
0.005000
0.008333
0.005600
0.021935
0.004828
0.010588
-0.020000
-0.026250
0.034667
0.008000
-0.048421
-0.004800
0.040952
0.005000
0.013043
-0.011250
0.043333
-0.002069
0.006667
0.028889
0.021429
0.009412
0.018824
-0.008276
-0.025926
0.009032
0.028889
0.005600
-0.015200
-0.004615
-0.009655
0.006154
0.002857
-0.005185
0.023846
0.007273
0.040000
-0.030909
-0.035000
-0.008571
-0.013939
-0.011538
0.006667
0.012800
0.016154
-0.014400
-0.033043
-0.006923
0.016800
-0.000769
0.000000
0.003571
0.005455
-0.024571
-0.020000
0.026000
-0.009091
-0.076364
-0.028333
0.024516
-0.010000
0.003704
0.008333
-0.009333
0.026667
-0.025385
-0.004211
-0.008750
-0.001429
-0.025000
-0.012941
-0.018519
0.007692
-0.016000
0.003077
-0.014000
0.023077
-0.013000
-0.028750
0.012593
-0.023704
0.001290
0.036000
-0.002222
0.002963
-0.022424
-0.008125
0.002667
-0.044444
0.008000
0.006667
-0.024138
-0.000667
-0.003846
0.017857
0.020000
0.008000
0.002000
-0.020000
0.032000
-0.026000
-0.040000
-0.060000
-0.018000
-0.038000
0.024000
-0.042000
-0.050000
0.022000
-0.026000
-0.042000
-0.008000
0.034737
-0.005833
0.027500
0.002000
-0.010000
-0.018000
-0.006000
0.002000
0.006000
-0.016000
0.066000
-0.016000
-0.010000
-0.076000
-0.004000
-0.020000
-0.018000
-0.058000
0.056000
-0.010833
0.001667
-0.003077
-0.009231
-0.024000
0.044000
-0.002000
0.038000
0.036000
0.047273
-0.038000
0.012000
-0.050000
0.014000
-0.016000
0.025455
-0.026000
0.018000
-0.012000
0.012000
-0.037391
-0.001739
0.001053
-0.016000
0.024000
0.012000
0.026000
-0.014000
0.042000
0.032000
-0.036000
-0.058000
-0.020000
-0.014000
0.020000
-0.008000
-0.030000
0.002000
-0.040000
-0.008000
0.006667
-0.001333
0.017500
-0.013750
0.015429
-0.024286
-0.009286
-0.018065
0.014000
0.065333
-0.018182
-0.035000
-0.002963
-0.016923
0.025333
-0.015652
-0.025000
-0.018261
0.022222
-0.034783
0.008000
0.016000
-0.042000
-0.050000
-0.046000
-0.033333
-0.016000
0.052000
0.038000
0.046000
-0.008000
-0.030000
-0.010000
0.012000
0.004000
0.022000
0.036667
-0.008571
-0.002759
-0.001481
0.058000
-0.036364
-0.068000
-0.022000
-0.026000
-0.018000
-0.020000
-0.022000
-0.006000
-0.026000
0.022000
0.042000
-0.072727
-0.032727
0.030000
0.040000
0.012143
-0.026429
-0.008800
0.000769
0.016364
-0.014000
-0.004000
0.034000
0.042000
-0.026000
-0.024000
0.048000
0.004000
-0.002000
0.048000
-0.006000
-0.010000
-0.004000
-0.002000
0.034000
-0.022500
-0.012000
-0.023000
-0.010000
0.014000
0.002000
-0.044000
-0.016000
-0.016000
-0.020000
-0.024000
-0.012000
0.016000
-0.034000
-0.024000
0.018000
-0.018000
0.012000
-0.008000
0.028000
-0.000690
0.041379
0.000000
-0.018710
0.046000
-0.065455
0.032000
0.029091
-0.017143
-0.040000
-0.042667
-0.025000
0.014286
-0.010714
-0.016000
-0.019333
0.000000
0.000800
-0.008889
-0.004348
-0.058000
-0.022000
-0.012000
0.006000
0.012000
-0.008000
-0.004000
0.004000
-0.034000
-0.064000
-0.016000
0.016000
-0.014000
0.028000
0.014000
-0.028000
-0.015862
-0.011333
-0.002400
0.025385
0.022000
0.028000
0.028000
0.000000
0.015000
-0.004000
0.038000
0.024000
-0.024000
-0.008000
0.022000
0.026000
-0.018000
-0.060000
-0.056000
-0.056000
-0.005600
0.002500
-0.011111
-0.021935
0.036000
0.010000
0.014000
-0.010000
0.002000
0.018000
0.084000
0.002000
-0.022000
0.028000
0.050000
0.008000
0.004000
-0.030000
-0.022000
0.006000
-0.028696
0.051304
0.001538
0.007407
0.034000
-0.004000
0.008000
0.004000
0.040000
-0.030000
-0.006000
0.026000
-0.010000
0.049091
0.004000
-0.018000
0.030000
-0.014000
0.022000
-0.052000
0.002180
-0.006308
0.000556
-0.013465
0.004076
-0.006667
-0.005766
-0.006098
-0.000198
0.012266
0.010625
-0.006634
-0.001734
-0.009412
0.000538
0.002945
0.002000
-0.008208
-0.006548
-0.006867
-0.000394
0.013120
0.004211
0.003258
-0.005140
-0.002751
-0.001347
0.016390
0.009897
-0.002135
0.004630
0.003468
-0.002085
0.013306
-0.008319
0.013624
-0.000230
-0.003370
-0.013646
0.001807
-0.012366
-0.005977
-0.008621
-0.004072
0.006381
0.010204
0.007282
0.008319
-0.015294
-0.007500
0.004000
0.040000
0.016429
-0.060000
-0.015238
-0.021667
0.000667
-0.022667
0.010286
-0.008276
0.007778
0.029333
-0.021429
0.037500
0.003448
-0.016000
0.009231
0.010667
-0.034783
0.007500
-0.020909
0.004167
0.038333
0.020000
-0.031579
0.010000
-0.024000
-0.015294
0.020000
-0.022963
-0.016154
-0.005000
0.014167
0.005600
-0.020741
0.009231
-0.021429
0.002143
-0.004667
0.029143
0.000556
0.011538
0.005455
-0.058333
-0.028000
0.017143
-0.021333
0.007500
-0.015000
0.021111
-0.010667
0.007273
-0.008571
0.013636
-0.001379
-0.023846
0.004242
-0.014815
-0.021250
0.000000
-0.010667
-0.006250
-0.035333
-0.009524
-0.001818
0.015000
0.014667
0.004706
-0.002222
-0.005556
0.009333
0.005333
0.011250
-0.063750
-0.003333
0.021600
0.052258
0.021600
0.000769
0.006154
-0.005833
-0.016429
0.005926
-0.016154
0.015556
-0.014000
-0.006207
-0.007647
-0.037857
0.001667
0.014545
-0.020000
0.006000
-0.025714
-0.037222
0.025385
-0.021714
0.016471
-0.010667
-0.018889
-0.057333
0.008571
-0.004000
-0.043636
-0.010000
0.015385
-0.010400
-0.015862
0.015385
0.003571
0.006400
0.011304
-0.005600
0.017600
-0.036000
-0.012000
-0.016364
0.028000
0.018000
0.016000
0.022000
-0.040000
0.012000
-0.024000
0.004000
-0.016000
-0.002000
-0.016000
0.032000
-0.014545
-0.004545
-0.007200
-0.030526
0.009600
-0.040000
-0.043333
0.046000
-0.030000
-0.032000
-0.002000
0.018000
0.064000
-0.058000
0.036000
-0.002000
0.062000
0.060000
-0.042000
-0.060000
0.008000
-0.016667
-0.003571
-0.020000
-0.011200
0.014000
0.012000
0.090000
-0.076000
-0.036000
-0.012000
-0.014000
-0.014000
-0.052000
0.024000
0.010000
-0.060000
0.040000
0.000000
-0.002000
-0.006000
0.031250
0.010526
-0.003000
0.022400
0.012000
-0.020000
0.008000
-0.032000
-0.016000
-0.020000
-0.006000
-0.056000
-0.014000
0.032000
-0.048000
0.008000
0.002000
-0.012000
-0.016000
0.008000
-0.017778
0.014483
0.009032
0.009677
0.002000
0.080000
-0.008000
0.018000
-0.029143
-0.003077
0.008889
-0.008000
-0.029333
-0.006316
0.012000
-0.002667
-0.015000
-0.013333
-0.013333
-0.012308
0.046000
-0.006000
-0.048000
0.024000
-0.038000
-0.002000
0.010000
0.060000
0.004000
-0.030000
0.014000
0.018000
-0.060000
0.016000
-0.006000
0.010000
0.003704
0.000000
-0.022308
-0.006667
0.010000
-0.004000
0.020000
-0.058000
-0.008000
-0.010000
0.010000
0.056000
-0.006000
0.040000
-0.018000
0.058000
-0.008000
0.034000
0.002000
-0.036000
0.010000
0.013077
-0.010400
-0.014286
-0.032000
-0.032000
-0.004000
-0.009091
0.004000
-0.006000
0.002000
0.002000
0.076000
-0.018000
0.068000
-0.018000
-0.002000
0.046000
-0.008000
0.002000
0.024800
0.012000
-0.000952
0.036774
-0.012000
0.062000
-0.014000
0.008000
0.014000
-0.018000
-0.068000
-0.040000
-0.008000
-0.021818
-0.006000
-0.028000
0.046000
-0.056000
-0.034000
-0.074000
-0.008571
0.004706
0.027143
0.008000
0.000000
0.000741
-0.048889
-0.024667
-0.005000
-0.012414
0.002759
0.010000
-0.030000
0.002000
-0.046000
0.012727
-0.032632
-0.011200
0.026364
0.003333
0.024000
0.030000
0.006000
0.054000
0.046000
-0.056667
0.000000
-0.054000
-0.022000
0.018000
0.058000
0.032000
-0.006000
0.006000
0.058000
-0.024000
-0.027692
-0.017778
0.026667
0.000714
0.068000
0.030000
-0.014000
0.026000
0.016000
-0.016000
0.008000
0.030769
-0.022000
-0.028000
0.060000
0.044000
0.028000
-0.036000
-0.048000
-0.002000
0.017333
0.034000
0.018095
-0.008000
0.054000
0.002000
0.034000
0.038000
-0.016000
0.004000
-0.030000
-0.070000
-0.038000
-0.002000
-0.026000
0.022000
0.016000
0.042000
-0.050000
-0.070000
0.034815
0.010000
0.013846
-0.009167
-0.067273
-0.056000
0.050000
0.036000
-0.012000
0.026000
-0.054000
0.020000
-0.008000
-0.008000
0.002000
-0.010000
-0.008000
0.022000
-0.004000
0.020000
0.014974
0.008098
0.010550
0.016364
-0.006943
-0.003452
-0.002775
0.000765
0.000311
-0.007708
-0.009123
-0.002541
0.006811
0.005517
0.000000
0.002184
-0.012500
-0.035172
0.023077
-0.056667
-0.003871
0.018182
-0.017895
0.020000
0.020000
0.003636
-0.003125
0.000667
0.009565
0.038000
0.011111
-0.005556
0.004286
-0.005672
0.003121
0.006091
-0.003333
0.036364
0.008485
0.025000
-0.031111
-0.008000
0.009333
0.013333
0.011818
-0.040000
0.006667
-0.011111
-0.020625
-0.016667
-0.004000
0.000741
0.006845
0.016181
-0.005635
0.008066
0.004706
0.062000
0.003750
0.000000
0.000952
0.017391
-0.017778
0.020000
0.050435
0.010000
-0.007097
0.018750
-0.058571
-0.030000
0.016774
-0.061333
0.016604
0.000800
0.001524
-0.002353
-0.007890
0.011262
-0.008515
0.016832
0.011818
0.023762
0.000000
0.028082
-0.005318
0.010000
-0.008603
0.015314
0.005814
-0.014514
0.003799
-0.002743
-0.005780
-0.001371
-0.003146
-0.005114
0.007327
0.006486
0.013642
0.007418
0.008313
0.007330
0.014877
0.011464
0.008823
0.006958
0.016563
0.002979
-0.037838
-0.042941
-0.042781
-0.039266
-0.039136
-0.034443
-0.036605
-0.037058
-0.068550
-0.073452
-0.084212
-0.077554
-0.041966
-0.035798
-0.049252
-0.038041
-0.034198
-0.034660
-0.037958
-0.041076
-0.072971
-0.065238
-0.071983
-0.069545
-0.015897
0.001600
0.003158
-0.002069
-0.017297
-0.010617
-0.006053
-0.008506
0.020408
-0.016585
-0.002545
0.006557
-0.002353
-0.016765
-0.015211
0.016456
0.020000
0.028571
-0.007925
-0.006333
0.023733
-0.014412
-0.007536
-0.006500
-0.007059
0.005783
-0.013247
-0.012703
0.004167
0.018108
0.010137
0.013913
-0.010417
-0.008085
-0.027119
-0.001194
0.006341
-0.015294
-0.023059
0.009639
0.020392
0.001500
0.018519
-0.023607
-0.004737
-0.007941
0.008358
-0.017949
-0.020563
0.011622
-0.003733
-0.002029
0.009859
0.023590
-0.001370
0.003243
0.013704
-0.002727
-0.015161
-0.006061
-0.001205
0.007123
-0.016500
0.000482
-0.001277
-0.012000
-0.017200
-0.016333
0.001500
-0.006667
-0.007059
0.001579
0.027353
0.007761
0.001765
0.000000
0.002388
0.008108
0.006250
-0.003333
0.001370
-0.008814
0.010625
-0.016071
-0.022462
-0.006909
0.000000
0.007778
0.005000
-0.010357
-0.014754
-0.007500
0.008182
-0.006667
-0.002222
0.019655
0.002687
-0.002286
-0.009231
0.034203
0.042000
0.026000
0.030909
-0.018000
0.030000
0.030000
0.032000
-0.028333
0.004000
0.020000
-0.014000
-0.010000
0.001111
0.024545
-0.010000
-0.054545
-0.023429
0.013803
0.011562
-0.011471
-0.012000
0.036000
-0.082000
-0.008000
0.024000
0.001538
-0.009091
-0.006000
0.016667
-0.001905
-0.026154
0.044000
0.038000
-0.009333
0.018182
0.032000
-0.002000
0.027273
0.014000
0.000000
0.038333
-0.010909
0.016364
0.018000
-0.016364
-0.043077
-0.014286
-0.001818
-0.016800
0.010000
0.003636
-0.010769
0.020000
-0.058000
0.066000
-0.007273
-0.028000
-0.052000
-0.044000
-0.025000
0.030000
0.016000
0.014000
-0.002000
-0.002000
0.072000
0.038000
-0.064000
0.004000
0.000000
-0.018000
0.061818
-0.021667
-0.054000
0.001818
-0.022000
-0.005455
0.023636
-0.007692
-0.013846
0.017600
-0.066000
-0.010909
0.008571
0.002000
0.032000
-0.001818
0.088333
0.001818
-0.050000
0.094000
-0.024000
0.018000
-0.036364
-0.030000
-0.076000
-0.070000
-0.007273
0.030000
-0.030000
-0.023380
-0.014925
0.005161
0.011930
0.004000
0.002857
-0.016250
0.021667
-0.011250
0.065263
0.027500
-0.020000
-0.002000
0.030000
0.016000
0.014000
-0.050000
-0.016000
0.028000
0.012000
0.004127
-0.004412
0.003448
-0.020351
0.056000
0.004000
0.026000
-0.005000
-0.044000
0.014000
-0.007273
0.036000
0.009412
-0.002000
0.036000
0.025455
-0.028000
-0.042353
-0.029091
0.034000
-0.041667
0.034000
-0.021818
0.020000
0.018000
0.065455
0.006000
0.011667
0.026000
0.030909
-0.018000
0.042000
-0.038182
0.008000
0.002000
-0.004000
0.028000
-0.020000
-0.048000
-0.022000
-0.014000
0.025455
-0.020000
0.014000
-0.025455
0.001818
0.020000
-0.015000
0.011200
0.008000
0.003077
0.012308
-0.030909
-0.033333
0.007273
-0.025000
0.040000
-0.009091
0.004000
0.024000
0.005217
-0.018000
0.022500
0.034286
0.007273
0.024000
0.041818
0.020000
-0.006000
0.032000
0.007273
0.006154
0.020000
-0.026000
-0.064000
0.020000
-0.004000
0.056000
0.008000
0.006000
-0.030000
0.020000
0.026000
-0.018000
-0.005429
-0.011818
-0.010847
-0.010000
-0.020000
0.037143
0.008750
-0.005455
0.002500
0.030526
0.018667
-0.034286
0.014000
-0.044000
-0.038000
-0.014545
-0.030000
-0.070000
-0.007273
0.030000
0.009429
-0.005397
0.010159
-0.011579
0.050000
0.023158
0.008000
-0.028000
0.000000
0.006154
0.004000
0.000000
0.034000
-0.034545
-0.008000
0.010909
-0.018000
-0.030000
0.020000
0.026000
-0.049091
0.029091
-0.014000
-0.008000
0.010000
-0.012727
0.026000
-0.040000
0.036000
-0.082000
-0.008000
-0.012000
-0.014000
-0.012000
-0.020000
0.012000
-0.038182
0.008000
0.025455
-0.062000
0.020000
-0.025000
-0.044000
0.058000
-0.005000
0.012000
-0.020000
-0.048333
-0.040000
0.026000
-0.026000
-0.038182
0.020000
-0.012000
0.063636
0.003333
-0.070909
-0.010000
0.002000
-0.006000
-0.052000
0.024000
-0.010000
0.004000
0.014000
-0.007273
0.036000
-0.044000
-0.066667
0.006000
0.009091
0.016667
-0.006000
0.009091
0.004000
0.022000
-0.035000
0.000000
0.037647
0.061176
-0.025455
-0.042000
0.006000
0.016667
0.007791
0.005921
0.003505
0.012244
0.014353
0.009196
0.015280
0.012360
-0.020380
-0.018420
-0.016041
-0.018675
0.009917
0.004046
0.009917
0.004046
0.005510
0.006571
0.004907
0.002303
0.013231
-0.018730
-0.004471
0.006301
-0.005758
0.003692
0.003059
-0.004412
0.000870
0.008308
0.032647
0.012174
0.013506
-0.007419
-0.015000
0.002989
-0.023235
-0.014848
-0.003478
0.009855
-0.006753
-0.004615
-0.020000
0.015294
0.008789
0.005320
0.008789
0.005320
0.001470
0.003531
0.001169
0.011103
-0.006000
-0.004928
0.006118
-0.009545
0.005000
-0.016000
-0.004048
0.009041
0.018571
0.001739
-0.001370
0.005846
0.006053
-0.017429
0.008140
-0.007727
0.018182
-0.009846
-0.005538
-0.015692
-0.000494
0.010968
-0.014848
-0.013793
-0.002662
-0.004793
-0.002662
-0.004793
-0.007753
-0.012848
-0.019744
-0.016684
0.010000
-0.014154
0.000723
0.004396
0.002059
0.002727
0.001882
-0.023662
0.003235
-0.003385
-0.020000
0.020923
-0.003902
-0.021935
-0.006279
-0.005618
-0.023529
-0.006176
-0.014848
-0.020303
-0.001795
-0.003125
0.005672
-0.003721
-0.015077
-0.019118
0.012281
-0.007937
0.003939
0.026765
0.012203
-0.002295
0.002222
0.001481
-0.002373
0.001379
0.004444
-0.005660
-0.001852
-0.024068
0.009231
-0.012308
0.011786
0.012632
-0.011429
0.024444
-0.007931
-0.013103
-0.005397
0.010000
-0.007719
0.006792
0.012000
0.022000
-0.016364
-0.024000
-0.012727
0.012000
-0.014000
0.042000
0.042000
-0.010000
0.028000
0.018000
0.022000
-0.017000
0.010769
0.004615
-0.009524
-0.003492
-0.027500
-0.005385
-0.004000
-0.048000
0.030000
0.004000
0.070000
0.014000
-0.002000
0.024000
0.056364
-0.015556
0.035385
-0.007273
0.050000
0.036000
0.012000
-0.010000
0.048000
-0.004000
0.048000
-0.004000
-0.024000
0.018000
-0.046000
0.016000
-0.002000
-0.014000
-0.005000
0.028000
-0.024000
0.042000
-0.007273
0.030000
-0.005000
-0.024615
-0.003636
0.065333
0.052000
-0.078000
-0.016000
-0.012000
0.040000
-0.034000
0.000000
0.046000
-0.021538
-0.034000
0.020000
0.012857
0.040000
-0.022000
0.040000
-0.022000
-0.036000
0.014000
-0.046000
0.006000
-0.018000
-0.016000
-0.025000
-0.040000
-0.040000
0.014000
0.050909
0.008000
-0.024000
-0.008000
0.072000
-0.002000
0.001333
0.066667
-0.005455
-0.008235
0.011667
0.023636
0.000000
0.024286
0.061818
0.006000
-0.002000
-0.034000
-0.013529
-0.002623
0.002759
-0.001791
0.054000
0.036000
0.020000
-0.024000
-0.021667
0.009524
0.025333
0.003333
0.010000
0.022000
0.034000
-0.004000
-0.006000
-0.014000
0.002000
-0.058000
0.004478
0.000000
0.026545
0.007273
0.028000
0.036000
0.028000
0.044000
-0.020000
0.028000
-0.022000
-0.020000
0.025455
0.016842
-0.012308
0.057500
-0.012000
-0.020000
0.010000
0.000000
-0.025882
-0.014286
0.021739
-0.036667
-0.088000
0.010000
0.018000
-0.004000
-0.061818
0.048000
-0.066000
0.034000
0.014000
0.031429
-0.030769
0.000000
0.034000
-0.010000
0.034000
-0.010000
0.060000
0.012000
0.042000
0.014000
-0.034000
0.012000
-0.030909
0.030000
-0.006000
-0.060000
-0.016000
0.020000
-0.046000
0.006000
-0.036000
0.014000
0.018182
0.022000
0.018182
0.022000
0.032000
0.004000
-0.034000
-0.032000
-0.010000
-0.012000
0.009091
-0.022000
0.006000
0.026000
0.038000
-0.026000
-0.028571
0.015294
0.034783
0.032000
0.020000
0.022000
-0.041538
-0.058889
0.032000
-0.016000
-0.026000
-0.030000
-0.017101
-0.006970
0.011228
-0.004444
0.002000
-0.058182
0.049091
-0.018000
-0.044000
0.041053
0.030588
-0.038333
0.012000
-0.012000
0.044000
0.030000
-0.070000
-0.082000
-0.042000
0.018000
0.005625
0.002857
0.003571
0.003077
0.016000
-0.009000
0.015000
0.021333
-0.014000
0.003636
0.018000
0.030000
-0.014000
0.006000
0.083636
0.000000
-0.016000
0.004000
-0.020000
-0.038000
0.008750
-0.032500
0.006364
0.012632
0.026000
0.002000
0.000000
0.002000
0.027273
0.008000
-0.052000
0.067273
-0.021538
0.024286
0.024615
0.003750
0.042000
0.014000
0.060000
0.012000
0.030000
-0.048000
0.030000
-0.048000
-0.068000
0.052000
-0.018000
0.006000
-0.012000
-0.018000
0.007273
-0.014000
0.002000
-0.002000
0.058000
-0.022000
-0.001333
-0.002857
-0.006667
-0.050588
-0.015000
-0.050000
0.065000
-0.020000
0.020000
0.064000
-0.012727
0.024000
-0.046000
0.016000
-0.024000
0.018000
0.024000
-0.034000
0.024000
-0.034000
0.048000
0.038000
-0.088000
-0.058000
-0.020000
0.038000
0.065000
0.084000
-0.010377
0.003048
-0.013846
-0.016000
-0.022655
-0.032075
0.003063
-0.014362
-0.017064
-0.021176
-0.008319
-0.012079
-0.004302
0.005246
-0.001522
0.001566
-0.000421
-0.004022
0.008229
-0.001728
-0.001040
0.005604
0.003352
-0.000843
-0.001277
-0.012695
0.013605
0.001988
-0.004153
-0.001630
-0.005532
-0.003462
0.009062
0.007429
0.000930
0.013750
-0.011200
-0.035152
0.015556
0.008800
-0.007200
0.013333
0.033103
0.008462
0.040000
-0.023077
0.008889
-0.005000
-0.026667
-0.009333
0.010588
-0.016000
-0.001429
0.006667
0.033333
0.004706
-0.002581
0.016800
-0.003030
-0.043846
-0.028571
0.016000
0.012000
0.072500
-0.033333
-0.033846
-0.025714
0.001429
0.004286
-0.005926
0.012174
-0.018710
-0.001250
0.029333
-0.029333
0.044286
0.015556
0.008800
-0.011200
-0.035152
-0.008462
0.016296
-0.017576
-0.044571
0.004000
0.020000
0.004375
-0.015484
-0.016000
-0.026667
-0.009333
0.010588
0.008000
-0.006154
-0.015000
0.037333
0.044286
-0.001250
0.029333
-0.029333
-0.023846
-0.005625
0.012857
0.006207
-0.022963
-0.018788
0.023333
-0.022000
-0.058000
0.045333
-0.004000
0.032727
0.081333
-0.008000
0.002353
-0.014667
-0.028462
-0.016471
0.012121
0.004706
0.012857
0.006207
-0.023846
-0.005625
0.033103
0.008462
-0.007200
0.013333
-0.002667
0.054667
0.016000
-0.012857
0.012174
-0.018710
0.004286
-0.005926
0.008333
0.025000
0.015200
0.011667
0.006667
0.033333
0.004706
-0.001429
-0.065455
-0.021818
0.008000
0.030909
-0.010345
-0.003200
0.016129
0.008462
-0.014667
0.081333
-0.008000
0.002353
-0.005714
-0.024615
0.022857
0.006667
-0.012857
-0.002667
0.054667
0.016000
0.016000
0.012000
0.072500
-0.028571
0.023333
-0.022000
-0.022963
-0.018788
-0.008462
-0.032857
-0.026250
0.028235
0.015200
0.011667
0.008333
0.025000
-0.001734
-0.009412
0.000538
0.002945
0.002000
-0.008208
-0.006548
-0.006867
-0.005140
-0.002751
-0.001347
0.016390
0.009897
-0.002135
0.004630
0.003468
-0.000230
-0.003370
-0.013646
0.001807
-0.012366
-0.005977
-0.008621
-0.004072
-0.026667
-0.038750
-0.022857
0.016000
-0.001935
0.042400
0.020000
-0.066154
-0.010667
-0.015000
0.014286
0.020000
0.028000
-0.038462
-0.007143
0.046154
0.004444
0.007742
0.023571
0.020800
0.012000
0.022759
-0.024000
0.020000
-0.006000
-0.045000
-0.053333
0.011667
0.046667
0.050000
-0.022667
0.017333
0.023571
0.020800
0.004444
0.007742
-0.005833
0.004286
0.014286
0.039333
-0.024286
-0.000800
0.013077
-0.013548
0.008750
-0.020000
0.026667
0.024000
0.013077
-0.013548
-0.024286
-0.000800
-0.017037
0.019412
0.004286
-0.015200
-0.038750
-0.022857
0.016000
-0.026667
-0.020000
0.030000
0.001818
0.027273
0.004286
-0.025000
-0.018571
-0.033333
0.008889
0.012000
0.009677
-0.014615
0.002667
0.003750
0.005714
-0.034667
0.014667
0.016923
-0.010667
-0.009231
-0.015000
0.014286
0.020000
-0.010667
0.011875
0.008276
-0.000769
-0.007097
0.004286
-0.015200
-0.017037
0.019412
0.036522
0.028148
0.015484
0.014375
0.038621
0.000000
0.021875
0.006452
0.017333
0.046667
0.050000
-0.022667
0.004286
0.023077
-0.010000
-0.037143
0.024000
0.008750
-0.020000
0.026667
-0.000769
-0.007097
0.011875
0.008276
0.000714
-0.002353
0.020000
0.013103
-0.025000
-0.018571
-0.033333
0.004286
0.016000
-0.010000
0.016364
0.001667
0.022609
0.035152
0.027879
-0.026250
0.020000
0.013103
0.000714
-0.002353
0.003750
0.005714
-0.034667
0.002667
-0.024000
0.020000
0.012000
0.022759
0.016604
0.000800
0.001524
-0.002353
-0.007890
0.011262
-0.008515
0.016832
0.011818
0.023762
0.000000
0.028082
0.007327
0.006486
0.013642
0.007418
0.008313
0.007330
0.014877
0.011464
0.008823
0.006958
0.016563
0.002979
-0.001111
0.020938
-0.020000
0.008000
-0.000556
0.000606
0.007536
0.001818
-0.020000
0.008000
-0.001111
0.020938
0.003380
0.015692
-0.021449
-0.006970
0.007536
0.001818
-0.000556
0.000606
-0.021449
-0.006970
0.003380
0.015692
0.009917
0.004046
0.009917
0.004046
0.008789
0.005320
0.008789
0.005320
-0.002662
-0.004793
-0.002662
-0.004793
0.008438
0.004762
0.008438
0.004762
-0.008571
-0.005846
-0.008571
-0.005846
0.004762
0.008438
0.004762
0.008438
0.006462
-0.007619
0.006462
-0.007619
-0.005846
-0.008571
-0.005846
-0.008571
-0.007619
0.006462
-0.007619
0.006462
