-0.054253
-0.059294
-0.051788
-0.047880
-0.046408
-0.052600
-0.049513
-0.052033
-0.088018
-0.085156
-0.085572
-0.087102
-0.053479
-0.055092
-0.044543
-0.054952
-0.045154
-0.052959
-0.045874
-0.052975
-0.097508
-0.101565
-0.095056
-0.097808
-0.031053
0.016970
0.012759
-0.000513
0.008000
0.018182
-0.004828
-0.008947
-0.013913
-0.010000
-0.002857
-0.021111
-0.001951
0.020000
-0.009455
-0.010476
0.001951
0.002353
0.012857
0.001695
0.005000
0.010588
0.004615
0.005946
-0.016800
-0.004848
-0.038824
0.012759
-0.007451
-0.037647
0.002222
0.000741
0.006939
-0.026829
-0.002759
-0.029818
-0.008163
-0.002941
-0.025789
0.003929
0.007059
0.032727
-0.014828
-0.004912
0.010588
-0.014286
0.021667
-0.007451
0.013459
0.018944
0.014475
0.013552
0.014063
0.008446
0.013488
0.017508
0.016013
0.014096
0.021765
0.008241
0.018714
0.010000
0.008743
0.019249
-0.004118
0.031304
0.013077
0.021429
-0.007429
0.022857
0.004828
-0.003019
0.019863
0.008497
0.014801
0.017393
0.004615
0.016296
0.017714
-0.005714
0.012800
0.015000
-0.006429
0.003846
0.015712
0.011993
0.017102
0.010841
-0.010345
-0.006250
0.000000
0.000714
0.001333
0.033636
-0.008667
-0.003889
0.025641
0.028333
0.009143
0.004324
0.010303
0.016667
0.020690
0.019459
-0.012000
0.036000
0.016727
0.014667
0.007879
-0.021667
0.034194
0.007568
0.003077
0.002727
0.002692
-0.006885
-0.012903
0.006000
-0.005714
0.016875
-0.015660
-0.005714
0.000577
-0.007200
-0.021062
-0.025849
-0.005045
-0.020671
-0.015229
0.007255
0.003717
-0.003366
0.010707
0.000420
0.004340
0.003394
0.009900
-0.000956
0.011282
0.002416
0.029135
0.030370
0.019415
0.037285
0.014450
0.003805
-0.001193
0.004171
-0.001347
-0.002437
0.000809
0.014426
-0.007047
0.003229
0.013099
-0.000884
0.003459
0.001379
0.010920
0.014138
0.045833
-0.020690
-0.006154
0.038333
-0.016774
-0.038182
-0.026316
0.020800
-0.014118
0.014545
0.015625
-0.008667
0.006087
0.026000
-0.005926
-0.041111
0.002857
-0.000896
-0.007168
-0.000818
0.015000
0.036364
0.001818
0.011000
0.000000
-0.032000
0.004667
0.013333
0.004545
0.000714
0.033333
0.035556
-0.015625
0.043333
-0.022667
0.002222
0.007594
0.004623
0.004199
-0.001436
0.010000
0.026000
-0.030000
0.025517
0.017143
0.000000
0.011111
0.025714
-0.000870
0.026000
-0.004516
0.033750
0.024286
-0.006000
-0.023871
-0.013333
0.000097
0.001265
0.002075
0.006061
-0.002621
-0.000618
-0.019626
-0.004513
-0.006140
-0.012713
-0.007577
-0.005975
-0.008976
-0.006299
0.018673
-0.008515
-0.003602
-0.010325
-0.002400
0.005882
-0.001641
0.000244
-0.005872
-0.006393
0.018333
-0.024706
0.004167
-0.073333
0.019600
-0.004528
-0.008750
0.027857
0.001000
0.007407
0.000000
-0.014359
-0.013750
0.039048
-0.010667
-0.025556
-0.038889
0.026250
-0.004706
-0.018824
0.006545
0.023158
-0.006667
-0.001053
-0.038182
0.030588
-0.035000
0.015714
-0.009583
0.011600
0.011515
0.024444
0.008148
-0.006275
0.014419
-0.005333
-0.070909
-0.020000
-0.032727
-0.052308
0.020000
0.049474
0.014667
0.004706
0.000000
0.022051
-0.010303
0.004000
0.008720
0.005231
0.006349
0.009901
-0.002749
0.009690
-0.010450
-0.009431
0.001188
-0.004687
-0.000982
-0.000594
-0.009370
0.001360
-0.001053
-0.004977
0.013436
0.008468
-0.002689
0.011965
0.009339
-0.000816
0.005744
0.000168
0.016774
-0.007037
0.036818
-0.002553
-0.022222
-0.030476
-0.013333
0.023750
0.012308
0.030000
0.014545
-0.027500
0.000385
-0.016981
-0.016552
-0.001176
-0.010909
0.002642
0.005909
-0.034694
-0.041818
0.050000
0.032000
0.024615
0.000339
-0.001081
-0.010345
0.003415
0.036250
0.015238
0.004000
0.017647
0.025333
-0.015000
0.021333
-0.025000
0.008525
0.003158
0.034706
0.008205
-0.021702
0.000000
0.000625
-0.040667
0.040000
-0.038571
0.060000
0.004615
-0.009846
-0.015673
-0.006306
-0.000323
-0.003438
0.001182
0.004693
-0.009326
-0.000311
-0.004925
0.022712
0.004918
0.009570
0.010348
0.003218
-0.004246
0.013333
0.036000
0.016250
0.007857
0.027500
0.022000
-0.014483
0.029000
0.012632
0.004667
-0.012857
0.029231
-0.018857
0.015385
-0.037500
0.005000
0.009681
-0.020887
-0.006404
-0.005506
-0.001667
0.009091
0.018182
-0.004000
0.026000
0.003200
0.063000
0.010769
-0.021176
-0.026000
-0.010968
0.006154
-0.009000
-0.006000
0.021600
0.035000
-0.005181
0.000990
0.004066
-0.014311
-0.019200
0.010000
-0.037500
0.044615
-0.011429
-0.042000
-0.049091
0.006154
-0.006667
-0.070909
-0.035294
-0.020000
-0.034737
-0.028000
0.027059
0.040000
0.001333
-0.001660
-0.012571
0.005497
-0.008878
-0.008426
-0.010446
-0.017273
-0.023553
-0.029106
-0.013503
-0.013006
0.026981
0.024800
0.028762
0.029412
0.026789
0.009903
-0.009901
-0.006139
0.008545
0.000198
0.014019
0.009589
0.013459
0.018944
0.014475
0.013552
0.014063
0.008446
0.013488
0.017508
0.016013
0.014096
0.021765
0.008241
-0.004118
0.031304
0.013077
0.021429
-0.007429
0.022857
0.004828
-0.003019
0.004615
0.016296
0.017714
-0.005714
0.012800
0.015000
-0.006429
0.003846
-0.010345
-0.006250
0.000000
0.000714
0.001333
0.033636
-0.008667
-0.003889
-0.007692
-0.002857
-0.004941
-0.003562
-0.001212
-0.029846
-0.014588
-0.016765
0.025641
0.028333
0.009143
0.004324
0.000519
-0.013548
0.007059
-0.010115
0.010303
0.016667
0.020690
0.019459
-0.013506
-0.020000
-0.024478
0.007059
-0.018857
-0.004928
0.006118
-0.006364
0.008056
-0.014769
-0.011429
-0.007123
0.002895
-0.018571
0.005581
-0.004545
-0.012000
0.036000
0.016727
0.014667
0.007879
-0.021667
0.034194
0.007568
-0.012346
-0.006774
-0.015455
0.005977
-0.012778
-0.004923
-0.020000
-0.014505
-0.007059
-0.018182
0.004706
-0.001690
-0.003902
-0.004839
0.013953
-0.000674
0.003077
0.002727
0.002692
-0.006885
0.012564
-0.007812
0.003881
-0.001395
-0.012903
0.006000
-0.005714
0.016875
-0.012653
0.002439
0.006182
0.049836
-0.014286
0.009524
0.029057
-0.017333
0.020000
0.022979
0.000678
0.006567
-0.010588
0.020000
-0.005185
-0.000984
-0.001852
-0.014091
0.021613
0.015758
-0.007234
0.017500
-0.008400
-0.006000
0.013333
-0.008478
0.021818
0.007500
-0.046000
0.058333
-0.020000
-0.025333
-0.048000
-0.007273
-0.061818
0.010000
0.020000
-0.030000
0.050909
0.029091
-0.007000
-0.028148
-0.051667
-0.005333
0.014186
0.012979
-0.003662
0.012048
0.000000
-0.003636
-0.010909
0.011250
0.042000
0.040000
0.014545
0.036000
0.032000
0.019231
-0.024286
-0.040000
-0.040000
0.009333
-0.010909
-0.014545
0.013556
0.002439
0.007302
0.006111
-0.052000
0.000000
-0.005333
-0.028571
0.036250
0.016522
-0.013750
-0.010000
0.000000
-0.038000
-0.003077
-0.033333
0.006000
0.028000
-0.040000
-0.026000
0.013077
-0.001951
0.027647
0.004444
0.018000
0.005455
-0.036364
0.000000
0.070909
-0.054545
0.020000
0.040000
0.013684
0.026667
0.002667
0.010909
-0.022000
0.009333
0.010000
-0.003636
-0.004615
0.016829
-0.006154
0.020000
0.022000
0.038333
0.031250
-0.010769
-0.023529
0.016800
0.054737
0.033333
0.004000
0.060000
-0.021818
0.040000
-0.002000
-0.022000
-0.018182
0.004615
-0.001235
0.010127
0.019000
0.002857
-0.044000
0.007500
-0.014545
-0.011667
-0.052727
-0.023077
-0.002000
0.001667
0.024000
-0.014000
-0.069091
0.072727
-0.069091
0.004000
0.012727
0.044615
0.038000
-0.012308
0.002857
-0.018462
0.008889
-0.005455
-0.030909
-0.042727
-0.002000
0.024615
-0.007143
-0.012727
-0.006000
-0.008000
-0.020000
-0.014545
0.084000
-0.009091
0.036923
-0.025714
0.005833
-0.010769
0.013846
-0.034000
0.083636
-0.008000
-0.034000
0.034000
0.048333
0.030000
-0.005000
0.028000
-0.048333
0.055000
0.060000
0.068000
0.018182
0.016000
0.062000
0.018000
0.008000
0.012727
0.002000
0.029231
0.016250
0.012000
0.010769
0.021000
-0.006154
-0.026000
-0.008235
0.025217
-0.010909
0.030000
0.002000
0.041538
0.008000
-0.012000
-0.007273
0.014545
0.016000
0.027692
0.022000
0.003333
0.028000
0.013846
-0.006000
-0.009231
0.032000
0.056364
0.040000
0.002000
-0.030000
0.017500
0.032500
-0.002857
-0.054000
-0.020000
-0.004000
0.055000
-0.016000
0.026000
-0.040000
-0.008000
0.052727
-0.003333
-0.055000
0.048000
-0.022857
-0.036667
-0.012941
-0.022000
0.036000
0.022000
-0.028000
-0.026154
-0.054253
-0.059294
-0.051788
-0.047880
-0.046408
-0.052600
-0.049513
-0.052033
-0.088018
-0.085156
-0.085572
-0.087102
-0.053479
-0.055092
-0.044543
-0.054952
-0.045154
-0.052959
-0.045874
-0.052975
-0.097508
-0.101565
-0.095056
-0.097808
0.011718
0.010142
0.011989
0.007053
0.018714
0.010000
0.008743
0.019249
0.018908
0.018199
0.016537
0.014671
0.019863
0.008497
0.014801
0.017393
-0.036957
-0.031122
-0.037065
-0.032618
0.015712
0.011993
0.017102
0.010841
0.013699
0.007241
0.011087
0.012669
0.015652
-0.014462
-0.004412
-0.018841
-0.001765
-0.009394
-0.031884
-0.006377
0.010479
0.011974
0.010648
0.002448
0.002286
0.002029
0.009315
-0.002769
0.004242
0.009846
-0.001846
0.003692
-0.025032
-0.028155
-0.034217
-0.032746
-0.035882
-0.000923
0.010149
0.027385
-0.008824
0.005588
0.017273
-0.003333
-0.008182
-0.004000
-0.002264
-0.012653
0.038182
-0.018571
0.036667
-0.018182
-0.005455
-0.007692
-0.012000
0.032000
-0.020000
0.032857
0.046000
-0.053846
0.034000
0.042105
-0.042667
0.054545
-0.020870
0.004000
-0.009434
0.006400
-0.007273
-0.018182
0.005000
0.007692
0.038000
-0.021429
0.028000
0.036364
0.014000
-0.011111
-0.014667
-0.026000
0.034000
-0.044615
0.022000
0.025455
-0.001633
0.009130
0.010980
-0.000656
-0.032000
0.001429
0.034000
-0.014545
0.006000
-0.058824
0.035294
-0.006000
0.012727
0.032727
-0.005000
-0.031667
0.056000
0.021538
-0.062000
-0.004000
0.044091
-0.006957
-0.005263
-0.005957
-0.014000
0.058000
-0.036000
0.020000
-0.010909
0.001818
-0.007273
0.050909
-0.020000
-0.018947
0.002667
0.012000
0.000000
0.012308
0.014000
-0.005000
-0.017333
-0.002128
0.008000
0.000377
-0.030000
0.010000
-0.008000
0.004615
0.020000
0.005556
0.005556
-0.026000
0.030000
0.002000
-0.024000
-0.042000
-0.001818
0.049091
0.027273
0.006667
0.008261
-0.009778
0.009057
0.016667
0.064000
0.032941
0.000000
-0.001250
-0.005455
0.001538
-0.048000
0.023636
-0.020000
0.004000
0.002000
-0.018182
-0.038182
-0.020000
-0.011667
0.003077
-0.014545
0.038462
0.016923
-0.001429
-0.052000
-0.005455
-0.002000
-0.018000
0.022000
-0.009231
0.038000
0.040000
0.020000
0.044000
-0.022000
0.002222
0.024000
-0.015385
0.024615
0.006667
-0.014545
-0.020000
-0.002000
-0.032727
-0.002500
-0.036000
0.001818
0.020000
-0.048000
0.030769
0.006000
0.036000
-0.002000
0.003333
-0.068000
0.002000
0.002500
-0.020000
0.046154
-0.013684
0.038000
0.010769
-0.003333
-0.007143
-0.028000
-0.024000
-0.020000
0.025455
-0.036364
-0.021818
-0.006000
0.045455
-0.020000
0.013333
-0.026667
-0.010909
-0.012000
0.018000
0.001667
-0.014737
-0.026000
-0.028333
-0.006000
0.011667
-0.008000
0.033846
-0.006000
0.028333
0.035294
0.005714
0.001333
0.005000
-0.092000
0.030000
0.040000
0.043333
-0.022000
0.028333
0.051667
0.021667
-0.057333
-0.003636
0.032308
-0.003158
-0.018000
-0.038333
-0.040000
-0.028000
0.024000
-0.052000
0.014545
0.027692
0.003636
-0.015000
-0.007692
0.083333
-0.031053
0.016970
0.012759
-0.000513
0.008000
0.018182
-0.004828
-0.008947
-0.013913
-0.010000
-0.002857
-0.021111
-0.001951
0.020000
-0.009455
-0.010476
0.001951
0.002353
0.012857
0.001695
0.005000
0.010588
0.004615
0.005946
-0.001795
0.013333
-0.018421
-0.001149
-0.012973
0.010617
-0.001842
0.005517
-0.002353
0.004706
-0.017183
-0.013165
-0.016800
-0.004848
-0.038824
0.012759
0.009600
0.007647
-0.008986
-0.011750
-0.007451
-0.037647
0.002222
0.000741
-0.004412
-0.009398
-0.002597
-0.011081
0.023333
-0.017838
0.006575
-0.008986
0.006939
-0.026829
-0.002759
-0.029818
-0.010000
-0.002059
0.004235
0.003133
0.018684
0.020000
0.004179
0.004359
-0.008163
-0.002941
-0.025789
0.003929
-0.022817
0.002703
0.009867
-0.012174
0.003944
-0.005128
-0.002192
-0.020811
0.007059
0.032727
-0.014828
-0.004912
-0.003133
0.021644
-0.001000
-0.001205
0.010588
-0.014286
0.021667
-0.007451
-0.019250
0.003492
0.011765
0.015789
-0.006023
-0.013371
-0.004229
-0.000571
-0.001600
-0.001149
0.010575
-0.002857
-0.010520
-0.008161
-0.001136
0.000114
-0.015660
-0.005714
0.000577
-0.007200
-0.021062
-0.025849
-0.005045
-0.020671
-0.015229
0.007255
0.003717
-0.003366
-0.009846
-0.015673
-0.006306
-0.000323
-0.003438
0.001182
0.004693
-0.009326
-0.000311
-0.004925
0.022712
0.004918
0.009570
0.010348
0.003218
-0.004246
0.013333
0.036000
0.016250
0.007857
0.027500
0.022000
-0.014483
0.029000
0.012632
0.004667
-0.012857
0.029231
-0.018857
0.015385
-0.037500
0.005000
0.009681
-0.020887
-0.006404
-0.005506
-0.001667
0.009091
0.018182
-0.004000
0.026000
0.003200
0.063000
0.010769
-0.021176
-0.026000
-0.010968
0.006154
-0.009000
-0.006000
0.021600
0.035000
-0.005181
0.000990
0.004066
-0.014311
-0.019200
0.010000
-0.037500
0.044615
-0.011429
-0.042000
-0.049091
0.006154
-0.006667
-0.070909
-0.035294
-0.020000
-0.034737
-0.028000
0.027059
0.040000
0.000097
0.001265
0.002075
0.006061
-0.002621
-0.000618
-0.019626
-0.004513
-0.006140
-0.012713
-0.007577
-0.005975
-0.010000
0.001311
0.002174
-0.003253
0.003263
0.018101
0.005371
0.021481
-0.008976
-0.006299
0.018673
-0.008515
0.009711
0.000659
0.007263
-0.004699
0.000532
-0.006707
-0.011977
-0.011180
-0.003602
-0.010325
-0.002400
0.005882
0.007213
0.000000
0.005319
0.011058
0.001667
-0.000229
-0.006047
-0.011705
-0.001641
0.000244
-0.005872
-0.006393
-0.002857
-0.020000
0.017143
0.025000
-0.027200
0.031200
0.017778
-0.004167
-0.021818
-0.033750
0.000000
-0.021250
0.007857
-0.003750
0.011538
0.012593
0.022222
-0.010000
0.017333
-0.010435
-0.004615
0.001667
0.024167
-0.019200
0.009677
-0.023448
-0.005882
-0.017037
0.001250
-0.004000
-0.002667
0.007368
-0.003200
-0.012381
0.030714
0.008696
-0.022500
-0.024444
-0.024828
0.030000
0.003333
0.010000
-0.040000
-0.001176
0.039310
0.009630
-0.033548
0.014074
0.000000
0.014400
-0.005385
0.017241
0.005385
-0.005000
-0.018519
0.023077
-0.007273
-0.033333
0.000000
0.033333
0.003571
0.039394
0.015385
0.020000
0.014400
-0.016154
-0.036800
0.026957
0.008462
-0.002400
-0.013077
-0.032593
0.015000
-0.013939
0.006286
0.000769
-0.006000
0.010909
0.061818
0.015000
-0.014194
0.006364
0.006667
0.019167
0.005333
-0.013333
0.013846
-0.012632
0.002500
-0.031429
-0.006250
-0.002353
-0.010370
-0.014615
-0.022000
0.016923
-0.008000
-0.030769
-0.010000
0.017500
-0.010370
-0.028148
0.012258
0.000800
-0.022778
-0.008148
-0.012727
-0.023750
-0.001333
-0.045556
0.009333
-0.034667
-0.017931
0.000667
0.010769
-0.005000
-0.052000
-0.030000
-0.078000
-0.050000
0.054000
0.038000
-0.026000
-0.002000
0.060000
-0.006000
0.030000
-0.014000
-0.015000
0.002000
0.018000
-0.010000
-0.016000
-0.004211
0.007500
0.047500
0.044000
-0.020000
0.004000
0.000000
-0.018000
0.006000
0.018000
0.002000
-0.018000
-0.022000
-0.024000
0.032000
-0.024000
-0.012000
0.000000
0.002000
0.009167
0.000000
0.033846
0.006923
-0.016000
0.024000
-0.002000
-0.010000
0.020000
0.020000
-0.004000
0.004000
0.024000
0.050000
0.048000
0.001818
0.046000
-0.022000
0.028000
0.006000
-0.041739
-0.021739
-0.007368
-0.009600
-0.026000
0.000000
0.044000
-0.016000
0.006000
0.048000
-0.078000
0.054000
0.032000
0.020000
-0.002000
0.010000
0.000000
-0.016000
0.030000
-0.038000
0.009333
0.041333
-0.002500
-0.011250
0.015429
0.011429
-0.007857
0.028387
-0.056000
-0.002667
-0.020000
0.003333
-0.019259
0.008462
0.002000
-0.031304
0.031667
-0.042609
0.023333
-0.026087
0.010000
0.060000
-0.012000
0.014000
-0.022000
0.068333
-0.010000
0.000000
-0.040000
0.036000
-0.028000
-0.028000
-0.022000
0.050000
0.004000
-0.030000
0.007500
0.001429
0.000000
0.003704
-0.048000
-0.016364
-0.046000
-0.010000
0.006000
-0.034000
-0.002000
-0.056000
-0.002000
-0.002000
0.028000
-0.020000
-0.030909
0.012727
-0.020000
-0.048000
-0.003571
0.005714
-0.037600
-0.003077
-0.010909
0.028000
0.048000
0.008000
0.038000
0.046000
-0.034000
-0.024000
0.018000
0.070000
0.000000
0.006000
-0.022000
0.012000
-0.016000
0.012000
-0.008750
0.022000
0.026000
0.026364
-0.014000
0.010000
0.036000
-0.016000
-0.020000
-0.016000
0.010000
0.082000
0.010000
0.006000
0.018000
0.000000
-0.008000
0.000000
-0.020000
-0.088000
0.031034
0.003448
-0.004242
-0.034839
0.014000
0.007273
0.042000
0.032727
-0.002857
-0.030588
-0.017333
-0.026250
-0.006857
-0.004286
0.019200
0.008667
0.020000
0.028800
-0.001481
-0.016522
0.060000
0.024000
0.046000
-0.022000
-0.016000
-0.042000
-0.004000
0.000000
-0.022000
0.024000
0.040000
-0.018000
0.044000
-0.026000
0.010000
-0.008000
0.017931
-0.010667
-0.021600
0.030000
0.014000
0.036000
0.012000
0.046000
-0.045000
0.076000
0.006000
-0.004000
0.016000
0.058000
0.018000
-0.026000
0.010000
0.042000
-0.028000
0.032000
-0.016000
0.009167
-0.044444
0.030968
-0.036000
0.020000
-0.018000
0.074000
0.012000
-0.006000
0.028000
0.010000
0.052000
-0.014000
0.024000
0.012000
-0.032000
-0.056667
0.044000
-0.070000
-0.013913
-0.013913
0.025385
-0.019259
-0.022000
0.004000
0.030000
-0.022000
-0.008000
0.038000
0.000000
0.082000
0.002000
-0.054545
0.054000
0.062000
-0.048000
0.016000
0.008000
-0.002000
0.008720
0.005231
0.006349
0.009901
-0.002749
0.009690
-0.010450
-0.009431
0.001188
-0.004687
-0.000982
-0.000594
0.006127
0.005027
-0.002151
-0.010429
0.007158
0.012486
-0.005714
-0.001566
-0.009370
0.001360
-0.001053
-0.004977
-0.005922
-0.002116
-0.002073
-0.001366
-0.009485
-0.006742
0.005926
-0.008902
0.013436
0.008468
-0.002689
0.011965
-0.010920
-0.019457
-0.003854
-0.006627
0.001505
0.005057
0.002874
-0.000719
0.009339
-0.000816
0.005744
0.000168
0.003529
0.002500
-0.008000
-0.037391
0.013571
-0.013077
-0.037143
-0.021667
0.001333
-0.006000
-0.009714
-0.009655
-0.017778
-0.032000
0.005714
-0.016250
0.000000
0.009333
-0.009231
-0.002667
0.001739
-0.017500
-0.040909
0.024167
-0.025000
-0.006667
0.009474
0.028571
-0.014667
-0.010588
-0.006154
0.007407
-0.015385
-0.022500
-0.023333
-0.050400
-0.016296
0.013846
0.010000
0.007857
-0.001333
-0.022857
-0.013889
-0.004615
-0.010909
0.030000
0.010000
0.031429
0.012000
-0.020000
0.014286
-0.001111
-0.001333
-0.011818
0.009524
0.009091
0.000690
-0.005385
0.026061
-0.019259
-0.026250
0.021429
0.004000
-0.060000
0.006667
-0.016190
0.008182
0.020833
-0.018667
-0.025882
-0.020741
-0.002222
-0.028000
-0.045333
-0.010000
-0.003750
-0.022000
-0.037600
-0.000645
0.004800
0.001538
-0.010000
-0.028333
0.011429
-0.002222
-0.009231
0.013333
-0.007333
-0.018621
-0.019412
0.005000
0.014167
0.060000
0.038462
0.050000
0.044286
-0.007778
0.009231
-0.034857
-0.031765
0.018667
0.022222
-0.017333
0.022857
0.034000
0.041818
0.003333
0.033846
-0.006400
-0.011034
-0.010000
0.020000
0.007200
0.020000
-0.008800
-0.011200
0.022000
-0.042000
-0.023636
0.038000
0.028000
0.016000
-0.068000
0.040000
-0.004000
-0.046000
-0.072000
0.042000
-0.006000
0.044000
-0.010000
0.036364
-0.050000
-0.020000
0.032632
-0.012000
0.004000
0.041667
0.004000
0.000000
-0.036000
-0.018000
-0.036000
0.000000
0.026000
-0.032000
0.014000
0.024000
0.000000
0.074000
-0.046000
0.036000
-0.009333
-0.035000
-0.059200
0.009600
0.016000
0.014000
0.012000
0.016000
0.012000
-0.014000
0.008000
-0.030000
0.044000
0.002000
0.022000
0.024000
-0.010000
-0.010000
0.042000
0.020000
0.013750
-0.002105
0.018000
0.004800
-0.002000
0.000000
-0.054000
0.034000
-0.074000
-0.050000
0.000000
-0.028000
0.012000
0.010000
0.014000
-0.058000
0.006000
0.036000
-0.058000
-0.010000
-0.016296
0.012414
-0.011613
-0.014194
0.008000
-0.032000
0.092000
0.048000
-0.013143
0.009231
0.011111
-0.037333
-0.010667
0.007368
0.002667
0.022667
-0.011250
0.013333
0.018095
0.029231
0.006000
0.030000
0.034000
0.036000
0.046000
0.036000
-0.046000
-0.048000
-0.002000
0.080000
-0.008000
0.024000
-0.006000
0.022000
0.016000
0.000000
0.021481
-0.005517
-0.013077
0.007500
-0.016000
-0.006000
0.036000
0.010000
-0.034000
0.008000
-0.012000
0.000000
0.020000
-0.012000
0.038000
-0.024000
0.014000
-0.012000
-0.004000
0.004000
-0.020000
0.028462
-0.026400
-0.005714
-0.022000
0.020000
-0.008000
-0.016364
-0.044000
0.016000
-0.002000
-0.008000
-0.072000
0.030000
-0.028000
-0.038000
0.014000
0.006000
-0.034000
-0.036000
0.020000
0.019200
0.036190
-0.011613
0.028000
-0.064000
-0.084000
-0.024000
0.000000
0.044000
-0.028000
0.014000
0.018000
-0.016364
-0.042000
0.054000
0.024000
0.002000
0.030000
-0.012000
0.034286
0.021176
0.008571
0.022667
0.014286
0.021481
0.028889
-0.004667
0.022500
-0.021379
0.020690
-0.020000
0.032000
0.000000
-0.018000
0.036364
0.011579
0.020000
-0.049091
-0.005833
-0.062000
-0.036000
-0.018000
0.054000
-0.030000
0.036667
0.000000
0.046000
0.018000
-0.006000
0.014000
-0.020000
0.050000
-0.008000
-0.052000
-0.006000
0.010000
-0.012593
0.010370
-0.007143
-0.004000
-0.008000
-0.062000
0.032000
0.050000
0.022000
0.018000
0.026154
0.014000
-0.058000
-0.022000
0.024000
-0.028000
0.044000
0.006000
-0.062000
0.016000
0.029000
0.043810
-0.024000
0.028000
0.042000
-0.020000
0.038000
0.062000
0.052000
-0.010000
0.034000
-0.026000
0.000000
-0.042000
-0.056000
-0.030000
0.070000
-0.018000
0.026000
0.020000
-0.007857
-0.021538
0.005000
-0.007273
0.080000
0.024000
-0.048000
0.002000
0.010000
0.046000
0.006000
0.050000
-0.006000
-0.018000
-0.034000
0.024000
-0.006000
-0.010000
0.066000
0.014450
0.003805
-0.001193
0.004171
-0.001347
-0.002437
0.000809
0.014426
-0.007047
0.003229
0.013099
-0.000884
0.003459
0.001379
0.010920
0.014138
0.045833
-0.020690
-0.006154
0.038333
-0.016774
-0.038182
-0.026316
0.020800
-0.014118
0.014545
0.015625
-0.008667
0.006087
0.026000
-0.005926
-0.041111
0.002857
-0.000896
-0.007168
-0.000818
0.015000
0.036364
0.001818
0.011000
0.000000
-0.032000
0.004667
0.013333
0.004545
0.000714
0.033333
0.035556
-0.015625
0.043333
-0.022667
0.002222
0.007594
0.004623
0.004199
-0.001436
0.010000
0.026000
-0.030000
0.025517
0.017143
0.000000
0.011111
0.025714
-0.000870
0.026000
-0.004516
0.033750
0.024286
-0.006000
-0.023871
-0.013333
0.026981
0.024800
0.028762
0.029412
0.026789
0.009903
-0.009901
-0.006139
0.008545
0.000198
0.014019
0.009589
-0.010058
0.004831
-0.001788
-0.002629
0.008605
0.014743
0.000335
0.008343
-0.015954
0.005029
0.001798
0.002386
0.013459
0.018944
0.014475
0.013552
0.014063
0.008446
0.013488
0.017508
0.016013
0.014096
0.021765
0.008241
-0.054253
-0.059294
-0.051788
-0.047880
-0.046408
-0.052600
-0.049513
-0.052033
-0.088018
-0.085156
-0.085572
-0.087102
-0.053479
-0.055092
-0.044543
-0.054952
-0.045154
-0.052959
-0.045874
-0.052975
-0.097508
-0.101565
-0.095056
-0.097808
-0.001795
0.013333
-0.018421
-0.001149
-0.012973
0.010617
-0.001842
0.005517
-0.012653
0.002439
0.006182
0.049836
-0.002353
0.004706
-0.017183
-0.013165
-0.014286
0.009524
0.029057
-0.017333
0.009600
0.007647
-0.008986
-0.011750
-0.004412
-0.009398
-0.002597
-0.011081
0.023333
-0.017838
0.006575
-0.008986
0.020000
0.022979
0.000678
0.006567
-0.010000
-0.002059
0.004235
0.003133
-0.010588
0.020000
-0.005185
-0.000984
0.018684
0.020000
0.004179
0.004359
-0.022817
0.002703
0.009867
-0.012174
0.003944
-0.005128
-0.002192
-0.020811
-0.001852
-0.014091
0.021613
0.015758
-0.003133
0.021644
-0.001000
-0.001205
-0.007234
0.017500
-0.008400
-0.006000
-0.019250
0.003492
0.011765
0.015789
-0.003235
-0.009552
0.017941
0.005714
0.014627
-0.012162
-0.001563
0.017000
0.007671
0.016271
-0.003438
0.014286
-0.011385
-0.005818
0.012542
0.007037
0.011250
0.018571
-0.002951
0.000357
0.008182
-0.011333
0.007937
-0.011034
0.001791
0.008571
-0.006769
0.004928
-0.062000
0.070000
-0.003636
0.002000
0.042000
-0.018000
0.022000
-0.031667
0.044000
0.030769
0.004000
-0.060000
-0.035556
-0.010909
-0.024000
-0.043636
-0.020000
0.010986
-0.001563
0.010294
-0.024000
-0.040000
-0.020000
0.014000
0.012000
-0.016923
-0.014545
-0.006000
-0.020000
0.005714
0.003077
0.002000
-0.006000
0.018667
0.043636
0.002000
-0.016000
-0.023636
0.032000
-0.025455
-0.036667
0.012727
-0.005455
-0.064000
-0.029091
0.016923
-0.035714
-0.012727
-0.050400
0.024000
0.030909
0.029231
0.016000
-0.022000
-0.102000
-0.003636
0.010000
0.032000
-0.010000
0.003333
0.026000
0.048000
-0.018000
-0.018000
0.040000
-0.024000
0.054000
-0.018000
0.038000
0.027273
-0.006000
-0.070909
-0.030000
-0.018000
-0.009091
-0.034000
0.043636
-0.038182
-0.012308
0.035385
0.035200
0.080000
0.014545
0.031429
-0.004000
-0.034000
0.000000
0.008333
0.032727
0.000000
-0.048000
-0.058000
0.020000
-0.010909
-0.016000
0.022000
-0.002000
-0.016364
-0.020000
-0.012000
-0.009577
0.000896
-0.005161
-0.000702
0.006000
-0.011429
0.006250
-0.020000
0.040000
-0.048421
-0.001250
0.014000
-0.018000
0.026000
0.048000
-0.018000
0.006000
0.008000
0.002000
0.054000
-0.017143
0.000588
-0.004828
-0.001404
-0.006000
0.024000
-0.026000
-0.011667
0.052000
0.032000
-0.034545
0.016000
0.038824
-0.040000
0.000000
-0.067273
0.056000
0.017647
-0.032727
0.002000
-0.026667
-0.046000
-0.036364
0.038000
0.034000
-0.020000
0.064000
0.046667
0.070000
-0.003636
0.002000
-0.062000
0.040000
-0.004000
-0.018000
0.016000
0.052000
-0.008333
0.014000
0.010000
-0.034000
-0.041818
0.049091
-0.026000
-0.020000
-0.020000
-0.001818
-0.050000
0.020800
0.016000
-0.021538
0.009231
0.023636
0.026667
-0.029091
-0.018333
-0.026000
0.034545
-0.020000
-0.008000
0.010435
0.000000
0.030000
-0.012857
0.016364
0.078000
-0.018182
0.021818
0.016000
-0.014000
0.021818
0.040000
0.005455
-0.024000
0.056000
-0.004000
-0.034000
-0.012000
-0.002000
0.028000
0.050000
-0.028000
-0.064000
0.010000
-0.003429
-0.016364
-0.004746
-0.008276
-0.002000
-0.024286
0.020000
-0.003636
0.011250
-0.013684
-0.028000
-0.024286
-0.010000
0.018000
-0.014000
0.025455
-0.012000
-0.002000
-0.016364
-0.020000
0.002000
-0.014286
-0.000952
0.007018
0.007500
0.006316
-0.026000
-0.020000
0.046000
-0.015385
-0.006000
-0.008000
0.014000
0.034545
0.050000
-0.014545
0.010000
0.050000
-0.028000
-0.064000
0.005455
-0.016364
0.010000
0.012000
-0.038000
0.003636
-0.006000
0.026667
-0.040000
-0.020000
0.014000
-0.024000
0.006000
0.024000
-0.014000
0.040000
0.021818
-0.008000
-0.032727
0.034000
-0.020000
0.016667
-0.024000
-0.004000
0.000000
0.064000
0.005000
-0.015000
0.038182
-0.016000
0.070000
-0.018182
-0.002000
-0.044000
0.047273
-0.011667
0.001818
-0.010000
-0.044000
0.032000
0.054000
0.040000
0.030000
0.018000
0.032000
-0.034545
0.016000
0.052000
-0.018333
-0.014000
0.003636
-0.003333
-0.036000
-0.045455
0.004000
-0.078000
-0.033333
-0.004000
-0.018824
-0.056471
0.014545
-0.018000
-0.012000
0.021667
0.011718
0.010142
0.011989
0.007053
0.018908
0.018199
0.016537
0.014671
-0.036957
-0.031122
-0.037065
-0.032618
0.012139
0.012769
0.012139
0.012769
0.013699
0.007241
0.011087
0.012669
-0.007692
-0.002857
-0.004941
-0.003562
-0.001212
-0.029846
-0.014588
-0.016765
0.015652
-0.014462
-0.004412
-0.018841
0.000519
-0.013548
0.007059
-0.010115
-0.001765
-0.009394
-0.031884
-0.006377
-0.013506
-0.020000
-0.024478
0.007059
0.009751
0.005484
0.009751
0.005484
0.010479
0.011974
0.010648
0.002448
-0.018857
-0.004928
0.006118
-0.006364
0.008056
-0.014769
-0.011429
-0.007123
0.002286
0.002029
0.009315
-0.002769
0.002895
-0.018571
0.005581
-0.004545
0.004242
0.009846
-0.001846
0.003692
-0.012346
-0.006774
-0.015455
0.005977
0.006290
-0.006777
0.006290
-0.006777
-0.025032
-0.028155
-0.034217
-0.032746
-0.012778
-0.004923
-0.020000
-0.014505
-0.007059
-0.018182
0.004706
-0.001690
-0.035882
-0.000923
0.010149
0.027385
-0.003902
-0.004839
0.013953
-0.000674
-0.008824
0.005588
0.017273
-0.003333
0.012564
-0.007812
0.003881
-0.001395
0.010769
0.018824
0.011579
-0.003810
0.004242
0.002059
0.009831
-0.006230
0.000317
0.000741
-0.009831
-0.002759
0.011746
0.001132
-0.024444
0.011864
0.020000
0.033846
-0.008214
0.023860
0.011429
0.007037
0.000690
-0.011724
0.001587
0.000000
-0.005965
-0.022642
0.028000
0.004000
-0.012727
0.046000
-0.041818
-0.090000
-0.036000
0.024000
-0.008000
-0.012000
0.000000
0.046000
-0.016000
0.042000
-0.038462
-0.041538
0.010794
-0.001587
0.016786
-0.005385
-0.048000
0.008000
-0.040000
0.036000
-0.056000
-0.020000
-0.022000
-0.030000
-0.030909
-0.050000
-0.036923
0.016364
0.002000
-0.026000
0.036000
0.016000
-0.036000
0.018000
-0.036000
0.018000
-0.036000
0.014000
-0.012000
-0.030000
-0.010000
0.046000
0.001667
0.024000
0.008000
-0.026000
-0.014545
-0.016000
-0.016250
0.020000
0.020909
-0.038667
-0.006000
-0.044000
0.034000
-0.004000
-0.009091
-0.016000
-0.002000
0.004000
0.066154
0.062000
-0.043636
0.002857
0.000000
-0.046000
0.000000
-0.046000
0.036000
-0.006000
0.026000
-0.008000
0.018000
-0.012000
-0.033333
-0.008000
0.008000
0.028000
-0.018182
0.042000
0.050000
-0.002000
-0.004000
-0.026000
-0.022667
0.033333
-0.025455
-0.003529
0.013333
-0.047273
-0.023636
-0.001429
0.021818
0.006000
0.032000
0.004000
-0.022941
0.009508
0.007586
-0.007164
0.002000
0.036000
-0.020000
-0.022000
-0.045000
-0.012381
-0.018667
0.033333
0.012000
-0.042000
-0.008000
-0.046000
-0.050000
-0.022000
0.000000
-0.002000
0.007463
-0.019077
-0.011273
0.004364
-0.016000
-0.006000
0.030000
-0.014000
-0.058000
-0.072000
0.022000
-0.048000
-0.005455
0.000000
0.044615
0.031250
0.038000
-0.001667
0.056000
-0.070000
0.024706
0.021429
-0.028696
-0.003333
0.014000
-0.016000
-0.004000
-0.036000
0.030909
-0.016000
-0.012000
0.020000
-0.004000
0.020000
-0.010769
-0.002667
-0.032000
-0.052000
-0.032000
-0.052000
-0.018000
-0.034000
0.050000
0.012000
-0.074000
0.038000
0.047273
0.040000
0.032000
-0.026000
-0.018000
0.028000
0.026000
-0.008000
0.036000
-0.006000
-0.005455
-0.018000
-0.005455
-0.018000
-0.006000
-0.006000
0.014000
-0.020000
0.038000
0.074000
0.047273
0.072000
-0.010000
-0.030000
0.022000
-0.014000
-0.041429
0.000000
-0.008696
0.024000
-0.036364
-0.046000
-0.001538
0.006667
-0.030000
0.028000
0.010000
0.006000
0.006667
0.007273
-0.018947
-0.002222
0.010000
0.021818
-0.032727
0.002000
-0.008000
-0.010526
-0.035294
0.023333
-0.056000
0.002000
-0.048000
0.008000
-0.018000
-0.050000
0.018000
0.028000
0.002812
-0.004444
0.001429
-0.008462
0.068000
-0.045000
0.015000
0.037333
-0.004000
0.029091
-0.012000
0.028000
-0.018000
0.012000
-0.021818
0.024000
0.036000
0.030000
0.046000
0.048000
-0.018750
0.022500
-0.011818
-0.014737
-0.038000
0.044000
-0.004000
0.046000
0.005455
-0.012000
0.042000
0.041818
0.012308
-0.022857
0.003077
0.038750
0.050000
0.012000
-0.018000
-0.034000
0.042000
0.026000
0.042000
0.026000
0.000000
-0.016000
0.022000
-0.024000
-0.036000
0.056000
-0.032727
0.022000
-0.006000
-0.026000
-0.004000
0.048000
-0.001333
-0.020000
0.040000
-0.016471
0.001667
-0.048000
0.033333
-0.011429
-0.050000
0.028000
-0.030909
-0.016000
-0.012000
-0.030000
-0.036000
0.014000
-0.038000
0.018000
-0.038000
0.018000
-0.008000
-0.012000
-0.016000
-0.026000
-0.034000
-0.014000
0.031667
-0.012000
-0.015660
-0.005714
0.000577
-0.007200
-0.021062
-0.025849
-0.005045
-0.020671
-0.015229
0.007255
0.003717
-0.003366
-0.010000
0.001311
0.002174
-0.003253
0.003263
0.018101
0.005371
0.021481
0.009711
0.000659
0.007263
-0.004699
0.000532
-0.006707
-0.011977
-0.011180
0.007213
0.000000
0.005319
0.011058
0.001667
-0.000229
-0.006047
-0.011705
-0.025600
-0.003030
-0.002222
-0.018400
0.010400
0.004667
-0.011034
0.016923
0.006000
-0.020000
-0.024444
0.028750
-0.042667
-0.013333
-0.044706
-0.006667
0.051429
0.049333
-0.009333
0.000000
-0.010968
-0.003200
0.012727
-0.024615
0.011429
0.020000
-0.016000
0.015000
-0.001333
-0.053846
-0.028571
0.020000
0.025714
-0.005926
0.040000
0.014839
0.013750
0.064000
0.010667
0.005714
-0.002222
-0.018400
-0.025600
-0.003030
-0.014615
0.005926
-0.005455
0.000000
-0.004667
0.010400
0.021875
0.007742
-0.006667
-0.042667
-0.013333
-0.044706
-0.013333
0.020000
-0.016250
0.008000
0.005714
0.013750
0.064000
0.010667
-0.003077
-0.019375
0.007143
-0.013103
-0.006667
-0.024242
-0.041333
-0.016667
0.012000
-0.038667
0.022000
0.012727
0.053333
0.021333
-0.030588
0.046667
0.003846
-0.005294
0.014545
0.004706
0.007143
-0.013103
-0.003077
-0.019375
-0.011034
0.016923
0.010400
0.004667
0.048000
0.017333
0.058667
0.035714
0.040000
0.014839
0.025714
-0.005926
-0.015000
-0.035000
0.026400
-0.014167
0.049333
-0.009333
0.000000
0.051429
-0.012727
-0.003636
0.038000
-0.036364
-0.006207
0.016800
-0.012903
0.001538
0.046667
0.053333
0.021333
-0.030588
-0.048571
0.010769
-0.057143
0.002667
0.035714
0.048000
0.017333
0.058667
0.020000
-0.016000
0.015000
0.011429
-0.041333
-0.016667
-0.006667
-0.024242
0.006923
0.009286
-0.008125
0.006471
0.026400
-0.014167
-0.015000
-0.035000
0.006127
0.005027
-0.002151
-0.010429
0.007158
0.012486
-0.005714
-0.001566
-0.005922
-0.002116
-0.002073
-0.001366
-0.009485
-0.006742
0.005926
-0.008902
-0.010920
-0.019457
-0.003854
-0.006627
0.001505
0.005057
0.002874
-0.000719
-0.029333
0.003750
0.014286
-0.018667
0.013548
0.012800
0.018710
0.011538
0.070667
0.011250
-0.018571
0.044000
0.038667
0.000000
-0.050000
0.006154
-0.008889
0.008387
0.000000
0.001600
0.020000
0.031034
0.008667
0.014400
-0.030000
0.011667
-0.006667
0.040000
0.024000
0.027143
-0.066667
-0.030667
0.000000
0.001600
-0.008889
0.008387
0.006667
-0.016429
-0.013571
-0.000667
0.012857
0.036000
0.026154
-0.009032
0.032500
0.018571
0.009333
-0.001333
0.026154
-0.009032
0.012857
0.036000
0.024444
0.012353
-0.007857
0.026400
0.003750
0.014286
-0.018667
-0.029333
-0.048000
0.020000
0.007273
-0.063636
0.020000
0.020000
-0.012857
-0.033333
0.006667
0.012000
-0.012903
-0.027692
0.020000
0.022500
0.001429
0.000000
0.017333
-0.001538
-0.037333
-0.013846
0.011250
-0.018571
0.044000
0.070667
-0.025625
0.003448
0.011538
0.014194
-0.007857
0.026400
0.024444
0.012353
0.000000
-0.020741
-0.010323
-0.021875
0.008966
0.016000
0.008125
0.005806
-0.030667
0.024000
0.027143
-0.066667
0.000000
-0.010769
0.017143
0.022857
-0.001333
0.032500
0.018571
0.009333
0.011538
0.014194
-0.025625
0.003448
0.037857
0.007647
0.022400
-0.005517
0.020000
-0.012857
-0.033333
0.020000
-0.022000
-0.032000
-0.030909
-0.021667
-0.014783
0.003030
0.012121
0.010000
0.022400
-0.005517
0.037857
0.007647
0.022500
0.001429
0.000000
0.020000
0.008667
0.014400
0.020000
0.031034
0.026981
0.024800
0.028762
0.029412
0.026789
0.009903
-0.009901
-0.006139
0.008545
0.000198
0.014019
0.009589
0.013459
0.018944
0.014475
0.013552
0.014063
0.008446
0.013488
0.017508
0.016013
0.014096
0.021765
0.008241
0.006944
0.019375
-0.011233
0.014154
0.001667
0.002727
0.007246
-0.008485
-0.011233
0.014154
0.006944
0.019375
0.003099
0.019385
-0.001739
0.031515
0.007246
-0.008485
0.001667
0.002727
-0.001739
0.031515
0.003099
0.019385
0.012139
0.012769
0.012139
0.012769
0.009751
0.005484
0.009751
0.005484
0.006290
-0.006777
0.006290
-0.006777
0.007812
0.017460
0.007812
0.017460
-0.003175
-0.013231
-0.003175
-0.013231
0.017460
0.007812
0.017460
0.007812
-0.006462
0.022857
-0.006462
0.022857
-0.013231
-0.003175
-0.013231
-0.003175
0.022857
-0.006462
0.022857
-0.006462
