-0.007255
-0.003618
-0.001788
-0.008859
0.003130
-0.001278
-0.011597
-0.001884
-0.017071
-0.008563
-0.007595
-0.012529
-0.006240
0.000773
-0.005983
-0.007228
0.002788
0.000000
-0.004895
-0.002857
-0.007316
-0.012653
-0.006480
-0.002833
0.001053
-0.016364
-0.015517
0.026667
0.012000
-0.007879
-0.010000
-0.026316
0.000435
-0.008947
0.027500
-0.006667
-0.024390
0.015625
-0.021818
0.010952
-0.011220
-0.007647
-0.001429
-0.027119
0.006500
0.000588
0.007308
-0.016757
-0.008800
0.015758
-0.002353
0.006207
0.016863
0.000588
-0.017222
-0.009630
-0.001633
-0.013659
-0.023448
-0.009455
0.014286
0.011765
-0.022105
-0.017143
-0.002353
-0.012121
0.011034
-0.004561
-0.003922
-0.005714
-0.002778
-0.004314
0.004528
0.001478
0.000432
0.003662
0.005344
0.006697
-0.001975
0.007414
-0.000471
-0.000633
0.000557
0.005166
-0.002444
-0.004026
-0.001006
-0.000946
0.004118
-0.027826
0.001154
-0.015000
0.007429
0.027857
0.003448
-0.003774
-0.007045
-0.002448
0.001248
-0.003821
-0.003077
0.016296
0.001714
-0.002857
0.028000
0.021250
-0.004286
-0.002308
-0.000892
-0.003427
-0.006261
-0.002397
0.015862
0.038750
-0.018182
0.005714
0.017333
-0.006364
0.000667
-0.005000
0.011282
0.035000
0.004571
-0.006486
-0.001818
0.001667
0.028966
-0.036757
-0.015429
0.021000
0.008364
0.001333
0.007273
-0.048333
-0.007097
-0.007568
0.030256
0.022727
-0.001923
0.013770
-0.025806
0.000000
-0.005000
0.001875
0.017736
0.004190
-0.002692
-0.016000
-0.017345
-0.005849
-0.001622
-0.009664
0.001835
-0.010196
-0.001593
-0.002178
-0.005657
-0.000420
0.006698
-0.000121
0.006000
-0.005896
-0.005641
-0.013154
0.004712
0.009300
-0.003509
-0.009231
0.010471
-0.001366
0.001835
0.005561
-0.011606
-0.003756
0.006821
0.006995
0.007358
0.008333
-0.006784
-0.007845
0.001514
0.010246
-0.006897
-0.001724
0.022500
-0.016552
0.003077
-0.013333
-0.003871
0.036364
-0.006316
-0.019200
-0.007059
0.023636
-0.020000
-0.012667
-0.026087
-0.006000
-0.011111
-0.027778
0.001735
-0.005274
0.000809
0.007545
0.016667
-0.023636
0.043030
-0.006000
0.023333
-0.012000
0.009333
0.025333
-0.017273
-0.006429
0.037778
0.017778
0.040625
-0.015000
-0.009333
0.017037
-0.011230
-0.002312
-0.007403
-0.006740
-0.022941
0.048000
0.012500
-0.006207
0.022857
-0.009565
-0.004444
0.017143
-0.020870
-0.018000
0.007097
-0.047500
0.005714
0.040000
0.008387
0.000000
0.008544
0.007589
-0.010871
-0.003535
-0.003204
0.001467
0.000561
0.009436
-0.003349
-0.000078
-0.003524
-0.003237
-0.001024
0.006220
0.001429
-0.005149
0.000536
0.005935
-0.000300
0.001176
-0.013437
0.006423
0.015489
-0.003470
-0.006667
-0.024706
0.002500
-0.004444
-0.010400
-0.005660
0.003125
-0.017857
0.009000
-0.018148
-0.008372
0.010769
0.010000
0.008571
0.022667
0.025556
0.006667
0.010000
0.011765
0.000000
0.004727
-0.020526
-0.000606
0.017895
0.029091
-0.002353
-0.071667
-0.010000
-0.017917
-0.013600
0.024242
-0.000741
0.002222
-0.001569
0.023256
-0.004000
0.001818
0.026667
-0.010909
0.049231
0.020000
-0.022105
-0.042667
0.030588
0.000727
0.005128
0.008485
0.026500
0.005592
-0.001615
0.010238
-0.003762
-0.005782
-0.007287
0.004234
-0.001707
0.005941
0.008359
-0.000357
0.002772
0.007165
-0.000880
-0.000737
-0.005611
-0.006332
0.005806
-0.000756
0.012402
-0.002101
-0.014122
-0.001026
0.004790
0.002258
0.002593
-0.013182
-0.014894
-0.025556
0.018095
0.025333
-0.025000
0.027692
-0.010000
-0.009091
0.025000
-0.011923
0.003019
-0.005517
-0.030588
-0.002909
0.003774
-0.040000
-0.006939
0.025455
-0.005714
0.038000
-0.023077
-0.012881
-0.003243
-0.024138
-0.006829
0.016250
0.023810
0.016000
-0.003529
0.025333
0.043000
-0.038667
-0.013750
0.012131
-0.018421
-0.007647
0.018462
0.008936
0.003333
0.006875
-0.011333
0.020000
0.001429
-0.018000
-0.010769
-0.001846
-0.000865
-0.001171
0.001075
0.005000
0.007192
-0.002123
0.009438
0.003316
-0.000503
-0.000678
0.007104
0.011613
0.003483
-0.000345
-0.002235
-0.007778
-0.024000
0.005000
0.011429
-0.005000
0.026000
-0.008276
0.010000
0.009474
0.005333
-0.007143
-0.004615
-0.031429
-0.006154
-0.015000
-0.017500
0.006383
0.006502
-0.018315
-0.007079
0.017778
-0.007273
0.020606
0.031429
-0.017000
0.044800
-0.044000
0.041538
-0.004706
-0.016000
0.020645
-0.023077
-0.029000
0.034000
0.008800
0.013750
0.007565
0.001881
-0.007033
-0.009244
0.005600
0.016000
-0.002500
-0.016154
-0.018095
0.004000
0.032121
0.012308
0.031515
0.025455
-0.001176
0.015862
-0.048421
-0.035200
-0.034118
0.007500
0.003590
-0.001577
-0.007238
-0.001170
-0.016098
0.020340
-0.009172
-0.001364
0.005178
-0.001872
0.001529
0.008221
0.007736
-0.015400
-0.004952
-0.005294
0.003303
0.004466
0.007921
-0.009109
0.006364
0.010495
-0.004299
-0.000822
0.004528
0.001478
0.000432
0.003662
0.005344
0.006697
-0.001975
0.007414
-0.000471
-0.000633
0.000557
0.005166
0.004118
-0.027826
0.001154
-0.015000
0.007429
0.027857
0.003448
-0.003774
-0.003077
0.016296
0.001714
-0.002857
0.028000
0.021250
-0.004286
-0.002308
0.015862
0.038750
-0.018182
0.005714
0.017333
-0.006364
0.000667
-0.005000
-0.000308
-0.003492
0.015765
0.032603
-0.010909
-0.018154
-0.014824
0.004118
0.011282
0.035000
0.004571
-0.006486
0.007013
0.016774
-0.002647
0.009425
-0.001818
0.001667
0.028966
-0.036757
-0.007532
-0.000615
-0.014328
-0.022118
0.002000
0.001739
0.002118
-0.004318
0.003333
-0.007692
0.014762
0.008219
0.006579
0.006571
-0.016512
-0.014318
-0.015429
0.021000
0.008364
0.001333
0.007273
-0.048333
-0.007097
-0.007568
0.016296
0.021613
0.032727
-0.010345
0.000833
0.003692
0.019277
0.004835
0.000294
0.012424
-0.002824
-0.031268
-0.013415
0.023871
0.005581
-0.011011
0.030256
0.022727
-0.001923
0.013770
0.011282
-0.012500
0.011940
0.010930
-0.025806
0.000000
-0.005000
0.001875
0.024490
-0.015122
0.006182
-0.000984
0.002857
0.014762
0.012075
0.020667
0.015417
-0.004681
-0.011525
-0.014030
0.010588
-0.016500
0.012963
-0.004262
0.008889
0.004545
0.005161
0.004848
0.017872
0.011500
-0.019200
0.004333
-0.012857
-0.004783
0.008571
-0.009250
0.050000
-0.018333
0.030909
-0.030667
-0.018000
-0.050909
0.025455
0.028000
0.046000
-0.007143
-0.014545
0.009091
0.003000
-0.003704
-0.018333
-0.076000
-0.004186
-0.010851
-0.004789
-0.000482
-0.048333
0.050909
0.012727
-0.006250
-0.006000
0.036364
-0.029091
-0.028000
-0.017000
-0.019231
-0.018571
0.021250
0.026000
0.017333
-0.001818
-0.032727
0.005556
0.001220
-0.024444
0.012500
-0.024000
0.020000
0.002667
-0.021429
-0.002500
-0.033913
0.023750
-0.070000
0.065455
0.018000
-0.018462
-0.016000
0.000000
-0.030000
0.000000
-0.050000
-0.001795
0.009756
0.006765
0.001944
0.032000
0.000000
-0.003636
0.014000
-0.020000
0.038182
-0.140000
0.038667
0.017895
0.017500
-0.009333
0.027273
0.010000
0.004000
0.093333
0.003636
-0.007179
-0.002683
-0.001846
-0.008451
-0.032000
0.085000
0.016250
-0.015385
0.000000
0.012000
0.012632
0.028333
0.016000
-0.022000
0.007273
-0.054000
0.006000
-0.018000
0.021818
0.013846
-0.002469
0.000253
0.003667
-0.008312
-0.022667
0.025000
-0.007273
-0.018333
0.025455
-0.006154
-0.002000
0.015000
0.008000
0.008000
-0.010909
0.078182
0.038182
0.038000
-0.005455
0.006154
-0.010000
-0.020000
0.021429
0.018462
-0.002963
0.025455
-0.021818
-0.001818
0.016000
0.016923
-0.010000
-0.009091
0.030000
-0.016000
0.042000
0.012727
0.058000
0.016364
0.015385
-0.030000
0.002500
0.046154
-0.018462
-0.006000
-0.003636
0.058000
-0.018000
0.020000
0.013333
0.024286
-0.025000
0.000000
-0.048333
-0.026667
0.050000
0.022000
-0.007273
-0.002000
0.016000
-0.018000
-0.012000
0.001818
0.006000
0.050769
-0.029375
-0.025333
-0.010769
0.014000
0.007692
0.008000
0.009412
-0.030435
0.005455
0.008000
0.006000
0.038462
-0.010000
0.006000
0.023636
0.010909
-0.022000
-0.018462
-0.030000
-0.036667
-0.040000
0.013846
-0.020000
-0.003077
0.012000
0.021818
-0.024000
0.006000
0.014286
0.000000
-0.016250
-0.035238
0.014000
-0.012727
0.016000
0.025000
0.014000
-0.042000
0.014000
0.008000
-0.043636
-0.031667
-0.013333
0.030000
0.000000
0.006667
0.020000
-0.009000
0.008000
-0.024000
0.000000
-0.040000
-0.007255
-0.003618
-0.001788
-0.008859
0.003130
-0.001278
-0.011597
-0.001884
-0.017071
-0.008563
-0.007595
-0.012529
-0.006240
0.000773
-0.005983
-0.007228
0.002788
0.000000
-0.004895
-0.002857
-0.007316
-0.012653
-0.006480
-0.002833
-0.003497
0.004882
0.006036
-0.003817
-0.002444
-0.004026
-0.001006
-0.000946
0.003869
-0.000707
0.003565
0.012552
-0.007045
-0.002448
0.001248
-0.003821
-0.003170
-0.004234
0.009215
-0.004448
-0.000892
-0.003427
-0.006261
-0.002397
0.001522
-0.004593
0.011304
0.001404
-0.015942
0.001231
0.017353
-0.003768
0.009118
0.007879
0.011014
-0.011884
0.001885
0.003596
-0.000348
0.002241
0.008857
-0.002609
-0.013151
0.012308
-0.009091
-0.008923
-0.008308
0.001846
-0.001709
0.000129
0.000671
-0.009568
-0.017059
-0.006462
-0.004776
0.002769
0.016471
-0.003529
0.001212
-0.015455
0.000455
-0.006182
-0.001132
-0.004082
0.001818
0.014286
-0.005000
0.047273
-0.001818
-0.004615
0.050000
-0.002000
0.014000
0.027143
0.020000
0.023077
-0.002000
-0.046316
-0.014667
-0.027273
0.014348
0.012000
0.001887
0.014000
0.040000
-0.001818
-0.003333
-0.018462
-0.064000
-0.012857
-0.054000
-0.034545
0.046000
0.020000
-0.032000
-0.020000
0.030000
-0.012308
0.038000
-0.027273
-0.034286
-0.016087
0.001961
0.004262
-0.012000
-0.021429
-0.020000
-0.005455
0.046000
0.008235
0.016471
-0.028000
0.036364
-0.003636
-0.005000
0.036667
-0.014000
0.003077
0.022000
-0.004000
-0.002727
0.007826
0.004912
-0.006383
0.032000
-0.002000
-0.048000
0.000000
0.020000
-0.003636
-0.036364
-0.007273
-0.010909
-0.026316
0.009333
0.058667
-0.023636
0.035385
-0.012000
-0.018333
0.008889
0.000851
0.002182
0.002642
0.072000
0.011667
0.032000
0.012308
0.014545
-0.004444
-0.017778
-0.004000
-0.002000
0.038000
-0.028000
-0.016000
-0.001818
0.027273
0.078182
0.010000
-0.003043
0.005778
-0.004906
0.016250
0.004000
0.012941
-0.004286
-0.010000
0.009091
-0.007692
-0.022000
0.020000
-0.066000
-0.028000
0.008000
-0.016364
0.030909
0.050000
0.051667
-0.001538
0.014545
-0.021538
-0.046154
0.064286
0.024000
-0.020000
0.012000
0.010000
-0.024000
-0.064615
0.006000
-0.010000
0.001053
0.032000
-0.032000
-0.016667
0.028000
0.035385
0.021538
0.000000
0.001818
0.002000
0.030000
-0.029091
0.006250
0.026000
-0.014545
-0.021000
0.042000
0.033846
-0.042000
0.032000
-0.018000
-0.023333
0.032000
0.042000
-0.058750
0.031429
-0.003077
-0.002105
-0.022000
0.009231
0.000000
-0.005714
-0.020000
0.028000
-0.014000
-0.052727
-0.018182
0.072727
-0.014000
-0.014545
-0.001818
0.010000
0.000000
-0.027273
0.013333
0.016000
0.005000
0.040000
0.010000
-0.028333
0.004000
-0.005000
0.030000
-0.024615
0.034000
-0.043333
0.011765
-0.008571
0.001333
-0.026250
0.032000
-0.038000
0.014000
0.030000
-0.008000
-0.008333
-0.001667
-0.041667
-0.016000
0.021818
-0.003077
0.045263
-0.062000
0.026667
-0.050000
-0.008000
-0.064000
0.004000
-0.049091
0.032308
0.018182
0.000000
0.000000
0.030000
0.001053
-0.016364
-0.015517
0.026667
0.012000
-0.007879
-0.010000
-0.026316
0.000435
-0.008947
0.027500
-0.006667
-0.024390
0.015625
-0.021818
0.010952
-0.011220
-0.007647
-0.001429
-0.027119
0.006500
0.000588
0.007308
-0.016757
-0.024615
-0.017600
0.001316
0.011724
-0.016486
-0.004198
-0.016579
-0.011954
0.022824
-0.011765
-0.010704
-0.005063
-0.008800
0.015758
-0.002353
0.006207
-0.002133
0.000000
-0.019420
0.024000
0.016863
0.000588
-0.017222
-0.009630
0.002059
-0.009157
0.012468
-0.005946
0.003889
-0.015405
0.006849
0.003478
-0.001633
-0.013659
-0.023448
-0.009455
0.017317
-0.014118
-0.002824
0.009639
-0.016053
-0.004412
0.039701
0.016667
0.014286
0.011765
-0.022105
-0.017143
-0.019155
-0.011081
-0.003733
0.011304
-0.001408
0.009744
0.004658
-0.018919
-0.002353
-0.012121
0.011034
-0.004561
-0.005060
0.004932
-0.007250
0.007470
-0.003922
-0.005714
-0.002778
-0.004314
-0.000750
-0.015556
-0.012353
-0.013158
0.009886
0.008229
0.012000
-0.012914
0.004343
0.001839
0.000230
0.001257
0.010173
0.019770
0.008864
0.007386
0.017736
0.004190
-0.002692
-0.016000
-0.017345
-0.005849
-0.001622
-0.009664
0.001835
-0.010196
-0.001593
-0.002178
-0.001846
-0.000865
-0.001171
0.001075
0.005000
0.007192
-0.002123
0.009438
0.003316
-0.000503
-0.000678
0.007104
0.011613
0.003483
-0.000345
-0.002235
-0.007778
-0.024000
0.005000
0.011429
-0.005000
0.026000
-0.008276
0.010000
0.009474
0.005333
-0.007143
-0.004615
-0.031429
-0.006154
-0.015000
-0.017500
0.006383
0.006502
-0.018315
-0.007079
0.017778
-0.007273
0.020606
0.031429
-0.017000
0.044800
-0.044000
0.041538
-0.004706
-0.016000
0.020645
-0.023077
-0.029000
0.034000
0.008800
0.013750
0.007565
0.001881
-0.007033
-0.009244
0.005600
0.016000
-0.002500
-0.016154
-0.018095
0.004000
0.032121
0.012308
0.031515
0.025455
-0.001176
0.015862
-0.048421
-0.035200
-0.034118
0.007500
0.008544
0.007589
-0.010871
-0.003535
-0.003204
0.001467
0.000561
0.009436
-0.003349
-0.000078
-0.003524
-0.003237
-0.002209
-0.000765
-0.006522
-0.010000
-0.008526
-0.003464
0.001257
0.000988
-0.001024
0.006220
0.001429
-0.005149
-0.013757
0.002088
0.005140
-0.001446
0.017553
0.003952
0.001163
0.000124
0.000536
0.005935
-0.000300
0.001176
-0.008852
-0.000109
0.003830
0.002885
0.006562
-0.005257
-0.002512
-0.005455
-0.013437
0.006423
0.015489
-0.003470
0.016429
0.004615
-0.006429
-0.004286
-0.036800
0.010400
0.043704
0.005833
0.043636
-0.020000
0.000000
-0.027500
0.019286
0.003750
-0.006154
-0.002222
-0.031111
0.021250
-0.007333
0.003478
-0.013846
-0.016667
-0.025000
-0.005600
0.021290
0.007586
0.005882
0.044444
-0.030000
-0.010667
0.001333
0.025263
0.003200
-0.010476
0.003571
-0.017391
-0.043750
0.008889
-0.009655
-0.014444
-0.023333
-0.005714
0.008235
0.020000
-0.037241
0.026667
0.008387
-0.040741
-0.002400
0.019200
-0.024615
0.006897
0.005385
-0.017857
0.032593
0.051538
0.092727
-0.018667
0.005455
-0.016667
0.013571
-0.030303
0.002308
-0.011852
0.003200
-0.022308
-0.008000
-0.033043
-0.018462
0.011200
-0.003077
0.004444
-0.032143
-0.013333
0.024571
0.006154
0.012000
-0.023636
-0.025455
-0.020000
0.007742
-0.009091
-0.008889
-0.014167
0.022667
0.005333
-0.010769
-0.015789
-0.037500
0.034286
-0.015000
-0.032941
0.008148
0.034615
-0.010000
-0.028462
-0.042000
0.030769
0.007000
-0.043750
-0.006667
0.002963
-0.020000
0.001600
-0.001667
0.006667
0.005455
-0.001250
-0.036000
-0.034444
-0.046667
0.006667
-0.002069
0.027333
0.038462
0.020000
-0.056000
-0.008000
-0.046000
0.018000
-0.014000
0.044000
0.038000
-0.044000
-0.064000
0.024000
0.028000
0.000000
-0.020000
-0.004000
0.018000
0.054000
0.000000
0.023158
-0.005000
0.010000
0.018000
0.020000
0.020000
-0.050000
-0.012000
-0.014000
0.006000
0.018000
0.002000
-0.010000
-0.028000
-0.014000
0.068000
-0.012000
-0.094000
0.034000
-0.016667
-0.009167
0.023077
0.009231
-0.014000
-0.010000
-0.056000
0.000000
-0.006000
-0.016364
-0.012000
0.004000
0.004000
-0.014000
-0.006000
-0.005455
0.016000
0.046000
-0.048000
-0.046000
-0.025217
0.004348
-0.027368
-0.004000
-0.008000
0.030000
0.010000
-0.012000
-0.020000
-0.008000
0.064000
-0.002000
0.018000
0.068000
-0.026000
0.002000
0.012000
-0.002000
0.064000
0.034000
0.049333
-0.005333
0.027500
0.003750
0.029714
-0.011429
-0.020000
-0.033548
-0.010000
-0.009333
-0.023636
-0.023333
0.005926
-0.027692
0.018667
0.014783
-0.031667
-0.022609
0.023333
-0.013043
-0.052000
0.026000
-0.006000
0.000000
0.016000
-0.041667
0.012000
-0.018000
-0.022000
-0.014000
0.036000
-0.032000
0.046000
-0.038000
0.034000
0.014000
-0.015833
-0.005000
0.024828
-0.009630
0.028000
0.018182
0.030000
-0.012000
0.020000
-0.022000
0.010000
-0.070000
-0.008000
0.012000
-0.034000
-0.014000
0.050909
-0.007273
-0.020000
-0.016000
-0.022857
0.017857
0.016800
0.007692
-0.003636
-0.002000
-0.002000
-0.040000
-0.022000
-0.036000
0.006000
-0.004000
-0.034000
-0.026000
0.014000
-0.002000
0.008000
0.042000
0.012000
-0.042000
0.013750
0.020000
-0.002000
0.030000
0.012000
-0.016000
0.036000
0.012000
-0.042000
-0.028000
0.020000
0.004000
0.032000
-0.022000
0.022000
-0.002000
-0.066000
0.006000
-0.008000
0.014000
0.008966
-0.012414
0.007273
0.009032
0.056000
0.027273
0.024000
-0.001818
0.001429
0.009412
-0.020000
-0.007500
-0.009714
-0.005714
0.038400
-0.034000
0.023750
0.002400
0.011111
-0.006957
-0.010000
-0.004000
0.012000
0.004000
0.002000
0.038000
-0.044000
-0.038000
0.054000
-0.006000
-0.006000
0.024000
-0.064000
0.000000
0.018000
-0.024000
0.008276
0.017333
-0.005600
0.035385
-0.012000
-0.018000
0.028000
-0.014000
-0.016667
-0.016000
-0.018000
0.012000
-0.006000
-0.010000
0.016000
0.022000
-0.018000
0.040000
0.004000
0.016000
-0.013600
0.018333
0.013333
-0.016774
0.026000
-0.026000
0.026000
-0.016000
0.068000
-0.018000
-0.012000
0.002000
-0.020000
0.010000
-0.020000
0.004000
0.016000
0.028333
-0.010000
0.058000
-0.011304
0.041739
0.002308
0.014074
-0.008000
-0.088000
0.046000
0.070000
-0.044000
-0.022000
0.028000
0.028000
-0.018000
-0.014545
0.056000
-0.018000
-0.028000
-0.070000
-0.022000
-0.006000
0.005592
-0.001615
0.010238
-0.003762
-0.005782
-0.007287
0.004234
-0.001707
0.005941
0.008359
-0.000357
0.002772
-0.005780
-0.009091
0.009140
0.002331
0.008737
-0.012601
-0.000952
0.001687
0.007165
-0.000880
-0.000737
-0.005611
0.007151
0.000952
0.000000
-0.002537
0.012062
-0.013596
-0.002222
0.007052
-0.006332
0.005806
-0.000756
0.012402
-0.003678
0.006087
-0.016458
0.009157
0.002366
-0.007586
0.011609
-0.005749
-0.002101
-0.014122
-0.001026
0.004790
0.014118
0.000000
0.009333
0.035652
-0.008571
0.010769
0.017143
0.028333
0.020667
0.010667
-0.005143
-0.012414
0.024444
-0.004000
0.038571
0.015000
-0.006207
-0.002667
-0.025385
-0.000667
-0.025217
-0.003333
-0.013636
0.028333
0.040000
0.006667
0.007368
0.034286
0.011333
-0.014706
0.018462
0.007407
-0.005385
-0.018333
-0.009167
-0.005600
0.005185
-0.024615
0.003571
-0.008571
0.001333
0.023429
-0.001667
-0.004615
-0.021818
-0.015000
0.004000
-0.032857
0.033333
0.046250
-0.001429
-0.025556
0.017333
-0.023636
0.034286
0.030000
0.013103
0.000769
0.009091
0.000741
-0.022500
0.008571
-0.022667
0.032500
-0.015333
-0.020000
0.011818
0.005000
-0.025333
0.016471
0.005185
-0.020000
0.040000
-0.001333
-0.026250
-0.027500
0.007333
0.013600
-0.020645
-0.036800
-0.010769
-0.004615
0.030000
-0.015714
0.000000
-0.011538
-0.008148
-0.021333
-0.002759
-0.005882
0.002857
-0.001667
0.005455
0.044615
0.024000
0.062857
0.042222
-0.022308
-0.005143
0.012353
0.013333
-0.025556
0.014667
0.007143
0.018000
-0.016364
-0.018889
-0.040000
-0.018400
0.019310
0.008462
-0.020714
-0.021600
0.027826
0.016800
0.032000
-0.014000
0.038000
0.021818
-0.022000
0.000000
-0.060000
-0.006000
0.018000
0.002000
0.010000
0.000000
0.006000
0.002000
0.010000
-0.012000
0.000000
0.006364
-0.001600
-0.013684
0.003200
-0.008000
-0.043333
0.020000
0.008000
-0.030000
0.034000
0.016000
-0.016000
0.040000
0.010000
-0.018000
0.008000
0.012000
0.056000
-0.054000
-0.002000
-0.020667
0.000000
0.002400
0.026400
-0.006000
0.002000
-0.018000
0.060000
0.012000
-0.032000
0.038000
-0.010000
-0.062000
0.008000
-0.006000
0.020000
0.042000
0.018000
0.006000
0.028000
0.040000
0.008421
-0.051000
0.014400
-0.004000
0.018000
0.014000
-0.014000
-0.028000
-0.042000
0.040000
-0.038000
-0.008000
-0.022000
-0.030000
-0.006000
0.006000
0.010000
0.030000
0.016000
-0.012593
-0.007586
-0.016774
0.003871
-0.028000
0.026000
0.000000
-0.040000
0.029714
-0.011538
0.015556
0.007333
-0.012000
0.009474
-0.002667
0.052000
0.035000
-0.043333
-0.010476
0.012308
0.040000
-0.028000
0.040000
-0.056000
-0.006000
-0.038000
0.002000
0.018000
0.046000
-0.026000
-0.024000
-0.022000
0.010000
-0.004000
0.014000
-0.042000
-0.014815
0.002759
0.013077
-0.016667
0.050000
0.036000
0.050000
-0.018000
0.010000
0.016000
-0.030000
0.020000
0.014000
-0.004000
0.040000
0.010000
-0.038000
0.006000
0.020000
-0.048000
-0.006923
-0.016154
-0.047200
0.022143
0.006000
-0.002000
0.012000
0.047273
-0.018000
0.000000
0.018000
0.060000
0.020000
0.006000
-0.090000
-0.048000
-0.006000
0.006000
0.010000
0.020000
0.002400
-0.008000
-0.002857
0.012258
-0.020000
0.034000
-0.032000
0.026000
-0.036000
0.038000
0.010000
0.016000
0.032000
0.005455
0.100000
0.022000
0.032000
-0.010000
-0.036000
0.010000
-0.027143
-0.041176
0.014286
-0.056000
0.010286
-0.011852
-0.007407
-0.044667
0.043333
-0.013103
-0.024828
0.008462
-0.006000
0.018000
-0.014000
0.038182
0.003158
-0.000800
-0.007273
0.005000
0.016000
-0.020000
-0.016000
0.022000
0.046000
0.028333
-0.054000
-0.032000
0.002000
0.014000
-0.062000
-0.016000
0.008000
0.052000
0.038000
-0.020000
0.014615
0.012593
0.010370
0.002857
0.028000
0.080000
0.056000
0.024000
0.036000
-0.012000
0.000000
-0.006154
-0.026000
-0.016000
-0.002000
0.030000
-0.034000
0.012000
-0.012000
0.008000
-0.022667
-0.013000
0.031429
0.020800
0.028000
0.032000
0.060000
0.022000
-0.034000
0.024000
0.024000
0.016000
-0.028000
0.008000
0.052000
-0.016000
0.014000
0.014000
-0.012000
-0.032000
-0.005185
0.027857
-0.014615
-0.020000
0.027273
-0.010000
-0.032000
0.016000
-0.004000
0.024000
-0.026000
-0.012000
0.030000
0.016000
-0.014000
0.052000
0.024000
-0.022000
-0.006000
-0.030000
0.010471
-0.001366
0.001835
0.005561
-0.011606
-0.003756
0.006821
0.006995
0.007358
0.008333
-0.006784
-0.007845
0.001514
0.010246
-0.006897
-0.001724
0.022500
-0.016552
0.003077
-0.013333
-0.003871
0.036364
-0.006316
-0.019200
-0.007059
0.023636
-0.020000
-0.012667
-0.026087
-0.006000
-0.011111
-0.027778
0.001735
-0.005274
0.000809
0.007545
0.016667
-0.023636
0.043030
-0.006000
0.023333
-0.012000
0.009333
0.025333
-0.017273
-0.006429
0.037778
0.017778
0.040625
-0.015000
-0.009333
0.017037
-0.011230
-0.002312
-0.007403
-0.006740
-0.022941
0.048000
0.012500
-0.006207
0.022857
-0.009565
-0.004444
0.017143
-0.020870
-0.018000
0.007097
-0.047500
0.005714
0.040000
0.008387
0.000000
0.007736
-0.015400
-0.004952
-0.005294
0.003303
0.004466
0.007921
-0.009109
0.006364
0.010495
-0.004299
-0.000822
0.004046
-0.003258
0.006480
-0.008343
0.004651
0.009829
0.000000
0.008686
-0.010058
-0.011886
0.006404
-0.001705
0.004528
0.001478
0.000432
0.003662
0.005344
0.006697
-0.001975
0.007414
-0.000471
-0.000633
0.000557
0.005166
-0.007255
-0.003618
-0.001788
-0.008859
0.003130
-0.001278
-0.011597
-0.001884
-0.017071
-0.008563
-0.007595
-0.012529
-0.006240
0.000773
-0.005983
-0.007228
0.002788
0.000000
-0.004895
-0.002857
-0.007316
-0.012653
-0.006480
-0.002833
-0.024615
-0.017600
0.001316
0.011724
-0.016486
-0.004198
-0.016579
-0.011954
0.024490
-0.015122
0.006182
-0.000984
0.022824
-0.011765
-0.010704
-0.005063
0.002857
0.014762
0.012075
0.020667
-0.002133
0.000000
-0.019420
0.024000
0.002059
-0.009157
0.012468
-0.005946
0.003889
-0.015405
0.006849
0.003478
0.015417
-0.004681
-0.011525
-0.014030
0.017317
-0.014118
-0.002824
0.009639
0.010588
-0.016500
0.012963
-0.004262
-0.016053
-0.004412
0.039701
0.016667
-0.019155
-0.011081
-0.003733
0.011304
-0.001408
0.009744
0.004658
-0.018919
0.008889
0.004545
0.005161
0.004848
-0.005060
0.004932
-0.007250
0.007470
0.017872
0.011500
-0.019200
0.004333
-0.000750
-0.015556
-0.012353
-0.013158
-0.010294
0.004179
0.007353
0.010714
-0.012836
-0.000811
0.001875
-0.004000
0.028219
0.007797
0.008750
0.000714
0.005846
0.005818
0.006780
0.002222
-0.005938
0.015000
-0.006230
-0.008214
0.009394
0.008333
0.006032
0.001379
0.008955
0.006857
-0.006154
-0.001159
0.044000
-0.050000
0.027273
0.042000
0.026000
0.006000
0.002000
-0.015000
-0.040000
0.001538
-0.058000
-0.038000
0.003333
0.009091
-0.054000
-0.014545
0.006571
-0.013239
0.014375
-0.000294
-0.034000
-0.018000
-0.036000
-0.068000
-0.052000
0.000000
0.016364
0.024000
0.007778
-0.003810
-0.050769
0.034000
0.014000
-0.004000
0.030909
0.012000
-0.014000
-0.063636
-0.026000
-0.047273
-0.048333
-0.021818
0.027273
-0.030000
0.056364
-0.001538
-0.010000
-0.025455
0.008800
0.052000
-0.050909
0.056923
0.076000
0.020000
0.018000
0.050909
-0.020000
0.036000
0.020000
0.030000
-0.016000
0.006000
0.000000
-0.006000
-0.046000
0.016000
0.010000
0.048000
-0.048000
-0.029091
0.070000
0.034545
0.013333
0.014000
0.029091
-0.006000
0.080000
-0.063636
0.018462
0.078462
-0.012000
-0.022000
0.018182
-0.045714
0.000000
-0.002000
-0.027273
-0.041667
0.012727
-0.014000
-0.018000
-0.082000
-0.028000
0.009091
-0.028000
0.008000
0.040000
0.030909
0.038000
0.020000
0.022254
0.005672
0.011290
-0.019298
-0.002000
0.030000
0.016250
-0.038333
0.011250
-0.032632
0.032500
-0.006000
-0.006000
-0.016000
0.006000
0.000000
-0.034000
-0.008000
0.050000
-0.042000
0.009524
-0.006176
-0.001379
0.010175
0.034000
0.014000
-0.030000
0.008333
0.012000
-0.014000
-0.081818
-0.014000
0.015294
-0.006000
-0.022000
0.036364
-0.006000
-0.017647
-0.021818
-0.036000
-0.013333
0.008000
0.027273
-0.020000
0.008000
0.032727
0.014000
0.046667
-0.050000
0.027273
0.042000
0.044000
-0.014545
-0.038000
0.006000
-0.046000
-0.010000
0.070000
-0.002000
0.044000
-0.004000
0.020000
-0.012727
0.020000
0.038182
0.025455
-0.018182
0.028333
0.036000
-0.038000
0.030769
0.018462
-0.050909
0.023333
-0.001818
0.013333
0.026000
-0.005455
0.026000
0.028000
0.035652
0.000000
0.013750
0.027143
-0.003636
-0.008000
0.052727
-0.047273
-0.024000
-0.034000
0.018182
0.030769
0.014545
0.036000
0.000000
-0.024000
0.030000
0.026000
0.060000
0.002000
-0.048000
-0.022000
-0.018000
0.020000
0.012000
-0.017273
0.006102
-0.011724
0.040000
-0.038571
-0.022500
-0.003636
0.008750
0.016842
0.002667
-0.015714
0.034000
0.024000
-0.004000
-0.038182
0.020000
0.040000
0.030909
0.038000
0.003429
-0.002857
0.013651
-0.003509
0.016250
0.038947
0.060000
0.056000
0.030000
0.000000
-0.018000
0.048000
0.024000
0.020000
-0.042000
-0.012727
0.020000
-0.048000
-0.022000
-0.018000
0.038182
0.003636
0.018000
0.020000
-0.018000
-0.038182
-0.014000
-0.021667
-0.018000
-0.036000
-0.068000
-0.034000
-0.008000
-0.006000
-0.042000
0.036000
-0.007273
-0.068000
-0.001818
-0.012000
0.038000
-0.008333
0.030000
-0.002000
0.023333
0.022000
-0.003333
0.018333
-0.003636
0.020000
-0.006000
0.020000
-0.018000
-0.006000
0.001818
0.006667
0.005455
-0.018000
-0.006000
-0.020000
0.030000
-0.058000
0.032000
0.008000
-0.014000
-0.081818
-0.014000
0.012000
0.008333
0.026000
-0.047273
0.023333
-0.012000
0.027273
-0.010000
-0.008000
-0.038333
0.024000
-0.023529
-0.023529
0.007273
-0.010000
-0.008000
-0.001667
-0.003497
0.004882
0.006036
-0.003817
0.003869
-0.000707
0.003565
0.012552
-0.003170
-0.004234
0.009215
-0.004448
0.004013
0.000929
0.004013
0.000929
0.001522
-0.004593
0.011304
0.001404
-0.000308
-0.003492
0.015765
0.032603
-0.010909
-0.018154
-0.014824
0.004118
-0.015942
0.001231
0.017353
-0.003768
0.007013
0.016774
-0.002647
0.009425
0.009118
0.007879
0.011014
-0.011884
-0.007532
-0.000615
-0.014328
-0.022118
0.005108
0.002890
0.005108
0.002890
0.001885
0.003596
-0.000348
0.002241
0.002000
0.001739
0.002118
-0.004318
0.003333
-0.007692
0.014762
0.008219
0.008857
-0.002609
-0.013151
0.012308
0.006579
0.006571
-0.016512
-0.014318
-0.009091
-0.008923
-0.008308
0.001846
0.016296
0.021613
0.032727
-0.010345
0.000100
-0.004165
0.000100
-0.004165
-0.001709
0.000129
0.000671
-0.009568
0.000833
0.003692
0.019277
0.004835
0.000294
0.012424
-0.002824
-0.031268
-0.017059
-0.006462
-0.004776
0.002769
-0.013415
0.023871
0.005581
-0.011011
0.016471
-0.003529
0.001212
-0.015455
0.011282
-0.012500
0.011940
0.010930
-0.002154
0.005882
-0.004561
-0.002857
0.007576
-0.028235
-0.007119
0.009180
0.013333
0.013333
0.008475
0.006207
0.020000
-0.013962
0.000741
0.015254
-0.012615
0.005000
0.023214
-0.004561
-0.018095
-0.010370
-0.001724
0.018966
-0.018413
-0.026129
0.010175
0.011698
-0.044000
0.048000
-0.003636
-0.020000
-0.010909
-0.046000
-0.060000
-0.052000
0.026000
0.006000
0.022000
-0.006000
-0.042000
-0.006000
0.020000
0.020000
-0.000317
-0.001270
0.036071
0.030385
0.062000
0.004000
-0.008000
0.042000
0.042000
-0.042000
-0.004000
-0.014000
0.007273
-0.036667
-0.067692
-0.009091
0.000000
0.050000
-0.004000
-0.018000
-0.094000
-0.034000
-0.094000
-0.034000
0.044000
-0.020000
-0.004000
0.032000
0.028000
0.036000
-0.035000
-0.042000
-0.028000
-0.016000
0.014545
-0.056000
-0.027500
-0.027692
0.004545
0.006667
0.028000
-0.008000
0.038000
-0.024000
-0.014545
-0.010000
0.002000
0.000000
0.052308
0.044000
-0.032727
0.007143
-0.040000
-0.020000
-0.040000
-0.020000
-0.034000
-0.020000
0.032000
-0.006000
0.016000
-0.020000
-0.013333
-0.014000
0.004000
0.000000
0.043636
-0.038000
0.022000
-0.022000
0.100000
-0.038000
0.033333
0.030000
-0.009091
-0.040000
-0.046667
-0.018182
0.021818
0.027143
0.005455
0.016000
0.002000
0.046000
0.000000
0.010492
0.001034
0.001194
0.024000
0.004000
-0.036667
-0.054000
0.073333
0.020952
0.005333
0.026667
-0.006000
0.062000
-0.034000
0.006000
-0.006000
-0.030000
-0.002000
0.032000
-0.023582
-0.009231
-0.019273
0.000364
0.006000
-0.022000
0.002000
-0.026000
0.008000
0.028000
0.036000
-0.062000
0.056364
-0.002105
-0.015385
0.032500
-0.032000
-0.020000
-0.042000
-0.016000
0.001176
0.027143
-0.019130
-0.037778
0.032000
0.056000
0.044000
0.044000
-0.056364
-0.016000
-0.018000
0.052000
-0.020000
-0.021429
0.043077
0.026667
0.008000
-0.026000
0.008000
-0.026000
0.004000
0.028000
0.042000
-0.064000
0.000000
-0.008000
-0.010909
-0.006000
-0.020000
-0.026000
0.034000
0.012000
0.032000
-0.006000
-0.034000
-0.020000
0.000000
-0.030000
0.000000
-0.030000
0.026000
-0.010000
-0.008000
0.030000
0.054000
-0.008000
0.049091
-0.024000
-0.012000
-0.034000
-0.044000
-0.066000
-0.027143
-0.014118
-0.008696
-0.004000
-0.032727
0.044000
-0.009231
0.017778
-0.044000
-0.056000
0.002000
-0.004000
0.007536
-0.009091
-0.013684
-0.009444
0.044000
-0.010909
0.025455
-0.074000
0.026000
-0.050526
-0.001176
0.015000
-0.036000
-0.004000
-0.016000
0.004000
-0.028000
0.050000
-0.004000
-0.024000
0.006875
0.006032
-0.001429
0.003846
-0.018000
0.002000
0.021667
0.020000
0.022000
-0.018182
0.020000
0.014000
-0.028000
0.008000
-0.056364
-0.022000
-0.020000
-0.024000
0.052000
0.044000
-0.053750
-0.010000
-0.021818
0.038947
0.016000
-0.012000
-0.032000
-0.012000
0.040000
0.016000
0.048000
0.014545
-0.050769
0.024286
0.015385
0.033750
0.042000
-0.064000
0.004000
0.028000
-0.042000
0.040000
-0.042000
0.040000
0.016000
0.014000
-0.046000
-0.030000
-0.004000
-0.062000
-0.030909
0.036000
0.022000
-0.004000
0.000000
-0.030000
-0.032000
0.010000
0.012381
-0.031765
0.000000
0.000000
-0.018333
-0.011429
0.020000
-0.004000
-0.003636
-0.046000
-0.004000
0.032000
0.044000
-0.020000
-0.004000
-0.010000
-0.004000
-0.010000
-0.030000
0.008000
-0.022000
-0.038000
-0.002000
-0.014000
0.008333
0.006000
0.017736
0.004190
-0.002692
-0.016000
-0.017345
-0.005849
-0.001622
-0.009664
0.001835
-0.010196
-0.001593
-0.002178
-0.002209
-0.000765
-0.006522
-0.010000
-0.008526
-0.003464
0.001257
0.000988
-0.013757
0.002088
0.005140
-0.001446
0.017553
0.003952
0.001163
0.000124
-0.008852
-0.000109
0.003830
0.002885
0.006562
-0.005257
-0.002512
-0.005455
-0.004000
-0.032121
-0.008148
0.015200
0.036000
0.013333
0.017931
-0.008462
0.024000
-0.010769
0.047778
0.017500
0.020000
-0.001333
-0.003529
-0.008000
-0.011429
-0.012000
0.018667
0.016471
0.020000
0.038400
-0.001212
0.010769
0.042857
-0.013333
0.005333
0.011250
-0.033333
0.009231
-0.008571
-0.004286
-0.015000
0.039259
-0.008696
0.025161
-0.001250
0.033333
-0.009333
0.021429
-0.008148
0.015200
-0.004000
-0.032121
-0.006923
-0.014815
0.009697
-0.002857
0.018667
-0.024800
0.013750
0.006452
-0.008000
0.020000
-0.001333
-0.003529
-0.009333
-0.013846
-0.011250
-0.034667
0.021429
-0.001250
0.033333
-0.009333
-0.020000
0.003125
0.017857
0.004828
0.029630
-0.013939
-0.024667
-0.001333
0.008000
0.006667
0.054000
-0.007273
-0.024000
0.032000
-0.008235
-0.024000
0.008462
-0.022941
0.010303
0.020588
0.017857
0.004828
-0.020000
0.003125
0.017931
-0.008462
0.036000
0.013333
0.038667
-0.008000
-0.020000
-0.037143
-0.008696
0.025161
-0.015000
0.039259
-0.003333
-0.029375
-0.013600
-0.020000
-0.012000
0.018667
0.016471
-0.011429
-0.054545
-0.020000
-0.004000
0.018182
-0.025517
-0.043200
0.009677
0.000000
-0.024000
-0.024000
0.032000
-0.008235
0.030000
0.009231
-0.028571
0.034667
-0.037143
0.038667
-0.008000
-0.020000
-0.013333
0.005333
0.011250
0.042857
-0.024667
-0.001333
0.029630
-0.013939
-0.057692
0.007143
0.005625
0.013529
-0.013600
-0.020000
-0.003333
-0.029375
-0.005780
-0.009091
0.009140
0.002331
0.008737
-0.012601
-0.000952
0.001687
0.007151
0.000952
0.000000
-0.002537
0.012062
-0.013596
-0.002222
0.007052
-0.003678
0.006087
-0.016458
0.009157
0.002366
-0.007586
0.011609
-0.005749
-0.014667
0.021250
-0.024286
0.004000
-0.003871
-0.008800
0.023871
0.012308
-0.017333
-0.013750
-0.008571
-0.004000
-0.014667
0.029231
-0.045714
-0.026154
-0.003704
0.010323
0.007857
0.020000
0.006400
0.006207
0.048667
-0.020000
0.028000
-0.005000
0.013333
-0.045000
-0.026667
-0.027143
-0.001333
0.018667
0.007857
0.020000
-0.003704
0.010323
-0.015000
-0.010000
0.009286
0.004000
0.008571
-0.011200
-0.019231
0.018065
0.022500
-0.028571
0.001333
0.005333
-0.019231
0.018065
0.008571
-0.011200
-0.000741
-0.005882
-0.032143
0.020000
0.021250
-0.024286
0.004000
-0.014667
-0.030000
-0.004000
-0.016364
-0.005455
-0.027143
-0.026250
-0.035714
-0.054667
-0.009630
0.000000
-0.019355
-0.027692
0.004000
-0.016250
-0.010000
-0.012000
-0.005333
0.007692
0.008000
-0.033846
-0.013750
-0.008571
-0.004000
-0.017333
0.005000
0.004138
0.006923
0.002581
-0.032143
0.020000
-0.000741
-0.005882
-0.001739
-0.034815
-0.016129
-0.004375
0.021379
0.009600
0.014375
-0.007742
0.018667
-0.026667
-0.027143
-0.001333
-0.042857
0.010769
0.037143
-0.018571
0.005333
0.022500
-0.028571
0.001333
0.006923
0.002581
0.005000
0.004138
-0.005000
-0.004118
-0.046400
-0.022069
-0.026250
-0.035714
-0.054667
-0.027143
0.048000
-0.018000
-0.007273
0.050000
0.015652
0.004242
0.018182
-0.025625
-0.046400
-0.022069
-0.005000
-0.004118
-0.016250
-0.010000
-0.012000
0.004000
0.048667
-0.020000
0.006400
0.006207
0.007736
-0.015400
-0.004952
-0.005294
0.003303
0.004466
0.007921
-0.009109
0.006364
0.010495
-0.004299
-0.000822
0.004528
0.001478
0.000432
0.003662
0.005344
0.006697
-0.001975
0.007414
-0.000471
-0.000633
0.000557
0.005166
0.019167
0.019688
0.016712
0.012308
-0.025556
-0.010606
-0.004058
0.016364
0.016712
0.012308
0.019167
0.019688
-0.010141
-0.032923
-0.012754
0.002424
-0.004058
0.016364
-0.025556
-0.010606
-0.012754
0.002424
-0.010141
-0.032923
0.004013
0.000929
0.004013
0.000929
0.005108
0.002890
0.005108
0.002890
0.000100
-0.004165
0.000100
-0.004165
-0.029687
0.001270
-0.029687
0.001270
-0.007619
0.012000
-0.007619
0.012000
0.001270
-0.029687
0.001270
-0.029687
0.022462
0.000317
0.022462
0.000317
0.012000
-0.007619
0.012000
-0.007619
0.000317
0.022462
0.000317
0.022462
