-0.023186
-0.026706
-0.023742
-0.016984
-0.024739
-0.021010
-0.024202
-0.012595
-0.032899
-0.031644
-0.028756
-0.036918
-0.016599
-0.016639
-0.017202
-0.024276
-0.026807
-0.016259
-0.021930
-0.014857
-0.029872
-0.025986
-0.024497
-0.024823
0.001053
0.000606
-0.002069
-0.005641
0.013500
-0.009091
-0.022414
0.007895
0.013043
0.008421
0.000714
-0.005185
-0.010732
-0.027500
-0.006545
0.006190
0.023902
0.016471
0.000000
0.007458
-0.007000
0.034118
0.025385
0.013514
0.009200
0.014545
-0.008824
-0.006207
-0.007843
-0.002353
-0.016111
-0.012222
-0.009388
0.020488
-0.016897
-0.007636
-0.009796
-0.022941
-0.037895
0.007857
-0.010196
-0.013333
-0.000690
-0.005263
-0.009412
-0.007429
-0.003889
0.018824
0.002767
0.004284
0.003765
0.006886
0.000656
0.008869
0.006049
0.005794
0.000659
0.000030
0.001362
-0.000539
0.009936
0.011419
0.000307
0.006676
0.015294
0.022609
0.002308
-0.013214
-0.035429
-0.040714
0.001379
-0.004151
0.004330
0.009056
0.006724
0.007393
0.003846
-0.025926
-0.006286
-0.014286
0.061600
0.007500
0.004286
0.039231
-0.002161
0.004161
0.001717
-0.006369
-0.028276
0.037500
0.004848
0.012143
-0.016000
-0.006364
-0.027333
0.010000
-0.002051
-0.040000
0.026857
0.017297
-0.030909
0.010000
-0.001379
0.002703
-0.019429
-0.004000
-0.011273
-0.011667
0.015152
0.015000
0.021290
0.023243
0.022051
-0.034545
0.013077
0.024918
0.031613
-0.030000
-0.015714
0.003750
0.010000
0.000381
0.015192
-0.010000
-0.021416
0.000943
-0.012973
0.005503
0.006606
0.004706
-0.002478
-0.006931
0.002323
0.011597
0.005660
0.019515
0.004400
-0.006454
0.002436
-0.001208
0.005481
0.013580
0.000936
0.003167
0.002932
-0.000390
-0.004679
0.001497
-0.003212
0.002234
-0.000925
0.000219
0.008705
0.000313
-0.006667
-0.001989
-0.007568
-0.002562
0.001379
-0.007241
-0.011667
-0.005517
-0.026154
0.031667
-0.003226
-0.018182
-0.041053
-0.024000
-0.024706
0.056364
0.001250
-0.020000
0.012174
0.000000
0.011852
0.028889
0.012857
-0.008856
-0.006821
-0.008091
0.007500
-0.021818
-0.003636
-0.001000
-0.006667
-0.008000
-0.015333
0.008000
0.033636
0.006429
-0.025556
-0.004444
0.021875
0.025000
-0.048000
0.008148
-0.003850
0.004824
0.003867
-0.010608
-0.005882
0.006000
0.004375
-0.007586
-0.020000
-0.010435
-0.033333
-0.034286
0.006957
-0.046000
0.014839
-0.035000
0.008571
0.060000
0.007097
-0.009333
0.011942
-0.007036
-0.006556
-0.000808
0.006602
0.006332
0.006449
0.000513
-0.009767
-0.001628
0.001145
0.008465
-0.001181
0.002756
-0.003673
0.011584
-0.006054
0.002927
-0.000400
-0.005882
0.003594
-0.004146
0.006213
0.010411
-0.001667
0.062353
0.020833
-0.040000
0.025200
-0.011321
-0.013125
-0.009286
0.009667
-0.010000
0.005116
0.016410
0.035000
0.016190
0.020000
-0.004444
0.028889
0.043750
0.031765
-0.007059
0.005455
-0.017895
0.046061
0.017368
-0.029091
0.030588
-0.016667
-0.015714
-0.015000
0.012800
-0.018182
-0.028889
0.000741
0.001961
0.006977
-0.036444
-0.025455
-0.010000
-0.030909
-0.015385
0.011250
-0.042105
-0.013333
0.028235
0.008364
0.010769
0.016364
-0.005000
0.007014
0.001231
0.005952
0.007525
-0.014123
0.007752
0.002703
-0.003333
-0.006931
-0.002109
-0.003214
-0.005446
0.000551
0.000720
0.004842
0.012308
-0.016216
0.004597
-0.002017
0.006463
-0.011051
0.004245
0.019590
0.005798
-0.020323
0.008889
-0.012273
0.008936
0.023333
0.004762
0.060000
0.016250
-0.010769
0.027143
0.011818
0.003750
-0.002692
0.014717
0.016552
0.010000
-0.015273
-0.012830
-0.006818
-0.002041
-0.001818
-0.008571
-0.012000
-0.001538
0.001017
0.014595
0.005517
0.005366
0.012500
0.045714
-0.004000
-0.017647
0.045333
0.000000
-0.028000
0.010000
0.020984
-0.038421
0.003529
-0.010256
-0.003404
-0.024583
-0.021250
0.006667
0.040000
0.037143
-0.020000
-0.036923
0.008513
-0.004423
-0.004685
0.010108
0.004687
0.001182
-0.009385
-0.001798
0.004767
-0.001005
0.007119
-0.006011
-0.002151
0.012736
0.002644
-0.005587
0.020000
0.008000
0.008750
-0.001429
0.020833
-0.014000
0.005517
-0.004000
-0.011579
-0.018667
0.022857
0.007692
-0.002857
0.010769
-0.037500
0.004375
-0.001064
0.004926
0.002584
0.020337
0.000556
0.012727
-0.020000
-0.011429
0.003000
0.008800
-0.044000
0.004615
0.002353
0.024000
0.034839
0.020000
0.005000
-0.020000
-0.004800
0.025000
-0.018549
-0.013762
0.001099
-0.002667
-0.016800
-0.026000
0.011875
0.010000
-0.003810
-0.002000
0.006061
0.016923
0.004848
-0.040000
0.015294
0.004138
0.015789
-0.014400
0.018824
-0.006250
-0.001744
-0.002739
-0.002000
-0.001287
0.002049
-0.004681
-0.001019
0.004364
0.010457
0.001617
0.000637
-0.002209
-0.010000
0.010000
-0.000190
0.016667
-0.019450
0.010485
0.018812
-0.003168
-0.002364
-0.004554
0.005981
-0.009315
0.002767
0.004284
0.003765
0.006886
0.000656
0.008869
0.006049
0.005794
0.000659
0.000030
0.001362
-0.000539
0.015294
0.022609
0.002308
-0.013214
-0.035429
-0.040714
0.001379
-0.004151
0.003846
-0.025926
-0.006286
-0.014286
0.061600
0.007500
0.004286
0.039231
-0.028276
0.037500
0.004848
0.012143
-0.016000
-0.006364
-0.027333
0.010000
0.000923
0.009206
-0.009176
-0.017808
0.010606
0.006462
-0.000235
0.004412
-0.002051
-0.040000
0.026857
0.017297
0.009610
-0.007097
0.019118
0.005057
-0.030909
0.010000
-0.001379
0.002703
-0.015065
0.002154
-0.007761
0.008706
0.007143
0.011594
0.003294
-0.019545
0.015278
0.017846
0.003810
-0.007123
-0.002895
-0.008571
0.007209
-0.002727
-0.019429
-0.004000
-0.011273
-0.011667
0.015152
0.015000
0.021290
0.023243
-0.011111
-0.011613
-0.023030
-0.002529
-0.002500
0.016000
-0.011084
-0.018681
0.004706
-0.020909
0.001647
-0.018873
0.003902
0.003226
0.020233
0.009888
0.022051
-0.034545
0.013077
0.024918
0.010513
0.007812
0.006567
-0.004884
0.031613
-0.030000
-0.015714
0.003750
-0.013469
0.019512
-0.024364
0.006557
-0.005714
-0.006190
0.013585
-0.015333
-0.015833
0.008936
-0.008475
0.008657
-0.007843
0.010500
0.015556
0.015410
-0.010000
0.000455
-0.010000
-0.003030
-0.009362
0.010000
-0.012000
0.024333
-0.006667
0.007174
-0.005974
0.004250
0.032000
0.026667
0.018182
-0.040000
0.002000
0.054545
0.034545
0.036000
-0.012000
-0.035714
0.016364
0.021818
0.029000
0.015556
-0.015000
-0.036000
0.010930
-0.008511
0.009296
0.003133
-0.003333
0.047273
-0.012727
0.016250
0.010000
-0.021818
-0.001818
-0.036000
-0.021000
0.028462
0.000000
-0.035000
-0.006000
0.006667
-0.014545
0.036364
-0.011333
-0.012195
0.019365
-0.003333
0.026000
0.000000
-0.061333
-0.017143
-0.021250
-0.034783
0.010000
-0.028000
0.030909
-0.014000
0.000000
-0.008000
0.032000
-0.052000
0.020000
0.032000
0.001795
0.012439
0.012059
-0.010000
-0.020000
0.025455
0.009091
-0.048000
0.045455
-0.020000
-0.006000
-0.016000
-0.010526
0.000000
0.046667
0.010909
-0.012000
0.026667
0.030000
0.029091
0.010256
-0.007805
0.017231
0.001690
0.010000
0.028333
-0.012500
-0.020000
0.023529
0.016800
-0.008421
0.016667
0.020000
-0.012000
-0.036364
0.020000
-0.042000
-0.002000
0.056364
-0.003077
-0.014074
0.004051
0.012000
0.004675
0.004000
-0.030833
0.032727
-0.003333
-0.012727
0.003077
0.024000
-0.045000
0.052000
-0.016000
0.010909
-0.030909
-0.012727
-0.002000
0.047273
0.013846
0.006000
0.003077
0.040000
0.013846
-0.011852
-0.036364
0.005455
-0.020000
0.008000
-0.007692
-0.011429
0.072727
-0.004000
0.024000
0.032000
0.010909
-0.016000
0.016364
-0.001538
-0.028571
-0.015833
0.030769
0.026154
0.006000
0.018182
0.024000
-0.024000
0.004000
-0.041667
-0.017143
-0.041667
0.020000
-0.038333
0.033333
-0.033333
-0.040000
-0.049091
-0.028000
0.012000
-0.014000
0.018000
-0.021818
-0.032000
-0.003077
0.008750
0.010667
0.015385
0.003000
-0.013846
-0.018000
0.035294
-0.045217
0.012727
0.040000
0.046000
0.006154
0.030000
-0.026000
0.027273
-0.016364
-0.010000
-0.004615
0.014000
0.026667
-0.034000
-0.016923
-0.028000
-0.061538
-0.014000
0.025455
-0.020000
0.024000
0.027857
-0.017500
0.006250
-0.035238
0.072000
-0.003636
0.008000
0.006667
0.022000
0.000000
-0.026000
-0.004000
-0.005455
-0.040000
0.008333
-0.002000
0.007857
-0.026667
-0.017647
-0.019000
-0.018000
-0.028000
-0.046000
-0.001538
-0.023186
-0.026706
-0.023742
-0.016984
-0.024739
-0.021010
-0.024202
-0.012595
-0.032899
-0.031644
-0.028756
-0.036918
-0.016599
-0.016639
-0.017202
-0.024276
-0.026807
-0.016259
-0.021930
-0.014857
-0.029872
-0.025986
-0.024497
-0.024823
-0.005951
0.002866
0.000584
0.008733
0.009936
0.011419
0.000307
0.006676
0.003151
0.005080
0.006010
-0.001798
0.004330
0.009056
0.006724
0.007393
-0.010365
-0.008784
0.003481
-0.002776
-0.002161
0.004161
0.001717
-0.006369
-0.000396
0.005136
-0.001398
0.004916
-0.008986
-0.011692
-0.003824
-0.014493
0.001765
-0.009394
0.016522
-0.004928
0.000575
0.008186
0.000569
-0.001552
0.002857
0.009855
0.021644
0.008308
0.010000
-0.004308
0.002462
0.004000
-0.002089
-0.001262
-0.004824
-0.004629
0.006765
0.014769
-0.005075
-0.005846
0.004118
-0.001765
0.036970
-0.034242
-0.015000
-0.006545
0.040377
0.007347
0.018182
0.031429
-0.016667
-0.049091
-0.014545
-0.052308
0.036000
-0.028000
-0.052000
-0.050000
0.002000
0.016923
-0.008000
0.001053
0.020000
0.030909
-0.017826
0.010000
0.020377
0.001200
-0.034545
-0.014545
-0.006667
-0.049231
0.006000
0.015714
0.022000
-0.001818
-0.028000
-0.034444
0.050667
0.006000
-0.016000
0.018462
0.002000
0.030909
0.004082
0.000000
0.013725
-0.000984
-0.024000
0.031429
-0.030000
-0.061818
-0.038000
-0.016471
0.047059
0.016000
-0.076364
0.054545
0.001667
-0.015000
-0.006000
-0.015385
0.004000
-0.020000
0.003182
0.005652
0.006316
-0.002128
0.100000
0.042000
0.048000
0.050000
-0.001818
0.025455
0.023636
-0.030909
0.032727
0.028421
-0.030667
-0.001333
0.041818
-0.018462
-0.018000
0.008333
-0.001333
-0.015319
-0.022545
0.012830
-0.038000
0.016667
0.066000
0.009231
0.009091
0.030000
-0.045556
-0.036000
-0.002000
0.010000
-0.028000
-0.014000
-0.001818
-0.010909
0.023636
-0.008333
0.006957
0.008889
-0.007170
0.013333
-0.016000
0.018824
0.035714
0.027500
0.000000
-0.010769
-0.030000
-0.007273
0.000000
0.012000
-0.028000
0.001818
0.016364
-0.080000
0.001667
0.009231
-0.047273
0.024615
-0.004615
-0.031429
0.018000
0.065455
-0.032000
0.018000
-0.028000
0.006154
-0.018000
-0.063333
-0.029474
-0.008000
0.012000
0.003333
-0.048000
-0.026154
0.009231
-0.015000
-0.038182
-0.012000
-0.032000
-0.003636
0.065000
-0.062000
0.016364
0.001000
0.006000
0.012308
-0.040000
-0.010000
-0.018000
0.036667
0.024000
-0.048000
-0.012500
0.011429
-0.032308
0.026316
0.022000
-0.007692
-0.046667
0.012857
-0.016000
0.028000
0.022000
-0.014545
0.000000
-0.045455
-0.004000
-0.020000
-0.061818
0.038333
-0.051667
0.029091
0.014667
-0.034000
-0.001667
0.023158
0.012000
-0.005000
-0.014000
0.015000
0.012000
0.024615
-0.020000
-0.025000
0.020000
-0.017143
0.005333
-0.010000
-0.058000
0.020000
0.012000
0.000000
-0.010000
-0.011667
-0.006667
-0.050000
-0.037333
0.005455
0.003077
-0.034737
0.008000
-0.011667
0.014000
-0.034000
0.028000
-0.070000
0.018182
0.021538
-0.025455
0.013333
0.010769
0.026667
0.001053
0.000606
-0.002069
-0.005641
0.013500
-0.009091
-0.022414
0.007895
0.013043
0.008421
0.000714
-0.005185
-0.010732
-0.027500
-0.006545
0.006190
0.023902
0.016471
0.000000
0.007458
-0.007000
0.034118
0.025385
0.013514
0.019231
-0.014933
-0.011842
-0.010115
0.014865
-0.014568
-0.003158
0.006437
0.001882
0.003235
-0.004789
-0.001013
0.009200
0.014545
-0.008824
-0.006207
0.016267
-0.007647
-0.007536
-0.008750
-0.007843
-0.002353
-0.016111
-0.012222
0.012353
-0.005542
0.018442
-0.005676
-0.025278
0.013784
0.000548
-0.014203
-0.009388
0.020488
-0.016897
-0.007636
0.013902
0.011471
0.000941
-0.013012
-0.010263
0.004412
0.020597
-0.008718
-0.009796
-0.022941
-0.037895
0.007857
-0.005070
-0.010000
-0.002133
-0.009855
0.008732
0.000000
-0.007397
0.024595
-0.010196
-0.013333
-0.000690
-0.005263
0.013012
0.021644
-0.025000
0.000964
-0.009412
-0.007429
-0.003889
0.018824
0.006250
-0.006984
-0.005000
0.014211
0.002386
-0.021371
-0.001257
0.001257
-0.003886
0.004483
-0.001609
0.002629
0.003006
0.000920
-0.009091
0.007159
0.010000
0.000381
0.015192
-0.010000
-0.021416
0.000943
-0.012973
0.005503
0.006606
0.004706
-0.002478
-0.006931
0.008513
-0.004423
-0.004685
0.010108
0.004687
0.001182
-0.009385
-0.001798
0.004767
-0.001005
0.007119
-0.006011
-0.002151
0.012736
0.002644
-0.005587
0.020000
0.008000
0.008750
-0.001429
0.020833
-0.014000
0.005517
-0.004000
-0.011579
-0.018667
0.022857
0.007692
-0.002857
0.010769
-0.037500
0.004375
-0.001064
0.004926
0.002584
0.020337
0.000556
0.012727
-0.020000
-0.011429
0.003000
0.008800
-0.044000
0.004615
0.002353
0.024000
0.034839
0.020000
0.005000
-0.020000
-0.004800
0.025000
-0.018549
-0.013762
0.001099
-0.002667
-0.016800
-0.026000
0.011875
0.010000
-0.003810
-0.002000
0.006061
0.016923
0.004848
-0.040000
0.015294
0.004138
0.015789
-0.014400
0.018824
-0.006250
0.011942
-0.007036
-0.006556
-0.000808
0.006602
0.006332
0.006449
0.000513
-0.009767
-0.001628
0.001145
0.008465
0.002093
-0.002842
0.002609
-0.017470
0.000000
0.010168
0.015886
0.000370
-0.001181
0.002756
-0.003673
0.011584
-0.002197
-0.000330
0.007151
-0.000241
-0.008404
0.007904
0.006512
-0.015404
-0.006054
0.002927
-0.000400
-0.005882
-0.000437
0.003696
-0.012447
0.000673
0.005938
-0.008800
-0.006605
0.010909
0.003594
-0.004146
0.006213
0.010411
-0.023571
0.025385
0.014286
-0.022143
-0.030400
-0.017600
-0.003704
-0.005000
0.023636
0.010000
-0.025000
0.023750
0.002857
-0.013750
0.003846
0.034815
0.004444
0.015000
-0.015333
0.009565
-0.002308
-0.005000
-0.001667
0.002400
-0.000645
0.000690
0.014706
-0.003704
0.020000
0.002667
-0.034667
-0.007368
-0.004000
0.020000
-0.020714
0.016522
0.041250
-0.027778
-0.012414
-0.005556
0.005556
-0.008571
0.035294
0.042353
0.017931
0.010370
0.000000
0.033333
-0.013600
-0.020800
-0.008462
-0.007586
-0.008462
0.000000
-0.021481
0.006923
-0.005455
-0.050667
0.001818
0.030000
0.007857
0.023636
0.021538
-0.038519
-0.001600
0.036923
-0.007200
-0.014783
-0.000769
-0.002400
0.013077
-0.008148
0.031429
0.004848
-0.004000
-0.002308
0.006000
-0.018182
0.030909
-0.025000
0.008387
0.035455
0.013333
0.032500
0.014667
0.021333
0.009231
-0.012632
0.012500
0.002857
-0.016250
0.010588
0.033333
0.029231
0.016000
-0.016154
-0.028000
-0.026154
0.018000
-0.002500
-0.021481
0.014074
0.021935
0.038400
0.028333
-0.013333
0.001818
0.002500
-0.022667
-0.001111
0.017333
0.022667
0.019310
-0.033333
0.006923
0.021429
0.016000
-0.026000
0.004000
0.022000
0.014000
-0.008000
-0.034000
-0.046000
-0.032000
-0.024000
0.008000
0.018000
-0.006667
0.038000
0.002000
-0.002000
0.018667
-0.017895
0.010833
0.010000
-0.030000
0.006000
-0.010000
-0.002000
0.052000
-0.054000
0.040000
0.030000
0.026000
0.026000
-0.016000
0.020000
0.006000
0.014000
-0.028000
-0.044000
-0.029167
0.004167
0.000769
0.037692
-0.088000
0.002000
0.036000
-0.036000
0.038000
-0.029091
0.056000
-0.016000
0.036000
0.012000
0.006000
-0.003636
-0.064000
0.022000
-0.030000
0.050000
-0.002609
0.030435
0.001053
0.005600
-0.058000
-0.032000
-0.022000
-0.044000
0.020000
-0.068000
0.080000
-0.026000
-0.032000
0.014000
0.030000
-0.036000
-0.008000
-0.004000
0.000000
-0.004000
-0.012000
0.044000
-0.016250
-0.003750
-0.014857
-0.030714
-0.017143
0.007742
0.012000
-0.022667
-0.094545
-0.008333
0.052593
0.006923
0.000667
0.004348
-0.020833
0.000870
0.027778
0.000000
0.054000
0.016000
0.082000
0.016000
-0.044000
-0.025000
-0.016000
-0.046000
0.056000
0.020000
0.054000
-0.010000
0.052000
0.012000
-0.066000
-0.052000
0.005833
-0.002857
0.027586
0.003704
-0.024000
-0.009091
-0.026000
0.040000
0.028000
-0.022000
-0.042000
-0.038000
-0.018000
-0.018000
0.076000
0.036000
-0.009091
-0.025455
0.024000
0.014000
0.002143
0.010714
-0.004000
-0.007692
-0.003636
-0.040000
0.010000
-0.020000
-0.062000
0.024000
-0.018000
0.020000
-0.004000
0.010000
0.008000
0.008000
-0.008000
-0.004000
-0.028000
-0.006000
-0.003750
-0.020000
-0.041000
0.020909
0.024000
-0.044000
0.006000
-0.022000
0.014000
0.002000
-0.002000
0.008000
0.008000
-0.020000
-0.016000
-0.036000
-0.012000
0.018000
-0.002000
-0.042000
0.016552
0.020690
0.011515
0.008387
0.006000
-0.034545
0.000000
0.010909
-0.021429
-0.010588
-0.001333
-0.003750
-0.024571
-0.023571
-0.011200
-0.016667
0.053750
0.002400
-0.015556
-0.019130
0.020000
0.048000
-0.012000
0.032000
0.024000
-0.028000
0.008000
-0.030000
0.010000
0.024000
0.004000
-0.036000
-0.004000
-0.024000
-0.004000
0.016000
0.031034
-0.004000
0.011200
0.005385
0.008000
0.026000
-0.022000
0.002000
-0.028333
-0.010000
0.022000
-0.006000
-0.046000
-0.036000
-0.018000
0.022000
0.000000
-0.010000
-0.022000
0.024000
0.023200
0.031667
0.000000
0.009677
-0.046000
0.006000
-0.020000
-0.024000
0.028000
0.004000
0.014000
-0.044000
-0.012000
0.018000
0.040000
0.028000
-0.012000
0.055000
0.014000
-0.020000
0.028696
0.005217
0.026923
-0.002963
0.006000
-0.014000
-0.022000
-0.020000
-0.060000
-0.062000
0.004000
0.002000
-0.028000
-0.032727
-0.032000
-0.048000
-0.026000
0.018000
-0.032000
0.002000
0.007014
0.001231
0.005952
0.007525
-0.014123
0.007752
0.002703
-0.003333
-0.006931
-0.002109
-0.003214
-0.005446
-0.004971
0.002139
-0.002258
0.004172
-0.014947
0.012486
-0.004762
-0.011687
0.000551
0.000720
0.004842
0.012308
-0.005922
-0.015450
-0.000207
0.005268
0.005670
0.009888
-0.001204
0.010289
-0.016216
0.004597
-0.002017
0.006463
-0.005977
-0.003152
-0.005313
-0.008193
0.003333
0.006667
-0.000690
0.011018
-0.011051
0.004245
0.019590
0.005798
-0.015294
-0.013750
-0.018000
-0.003478
0.019286
0.023077
-0.010476
-0.001667
0.012667
0.004000
0.015429
0.020000
0.010000
0.025333
0.005714
-0.018750
0.003448
0.002000
0.007692
0.012000
-0.033913
-0.020833
-0.009091
-0.045000
0.040000
0.008333
-0.036842
0.022857
0.041333
0.023529
0.026923
0.016296
0.008462
-0.003333
-0.032500
-0.008000
0.028148
0.021538
-0.010714
-0.011429
-0.028667
-0.002857
0.014444
0.004615
-0.023636
-0.010000
0.022000
-0.035714
0.028000
-0.040000
-0.021429
-0.012222
0.007333
0.029091
-0.027619
0.043636
-0.003448
-0.011538
0.000000
-0.001481
0.027500
0.028571
0.018667
-0.005000
-0.028000
-0.000952
0.016364
-0.015000
0.017333
0.009412
0.001481
0.007778
0.022667
-0.009333
0.013750
0.017500
-0.009333
-0.002400
-0.018065
0.002400
-0.026923
0.010769
0.029167
-0.012857
0.013333
0.012308
-0.016296
0.029333
0.000690
0.004706
0.021429
-0.010833
0.016364
-0.015385
-0.052000
0.021429
-0.028333
-0.046154
-0.014286
-0.005882
0.026667
0.011111
-0.010667
0.005714
0.026000
0.052727
0.012222
-0.033846
-0.010400
0.013793
-0.003077
-0.013571
0.012000
0.018261
-0.036800
0.008000
0.026000
0.010000
0.040000
-0.044000
-0.068000
0.012000
0.000000
-0.024000
-0.016000
0.008000
-0.054000
0.046000
-0.036000
0.056000
0.042000
0.023636
-0.002727
0.009600
0.018947
0.009600
-0.012000
0.000000
-0.002000
0.006000
0.012000
0.078000
0.002000
-0.006000
-0.020000
-0.042000
0.006000
0.004000
-0.038000
-0.012000
-0.018000
-0.018000
0.029333
0.011429
0.017600
0.027200
0.006000
0.076000
-0.010000
0.006000
-0.004000
-0.002000
0.016000
-0.066000
0.042000
-0.004000
0.006000
0.010000
0.012000
0.000000
-0.026000
-0.040000
-0.006250
0.021053
-0.001000
0.017600
-0.022000
0.006000
0.050000
-0.014000
0.016000
0.004000
-0.028000
0.000000
0.018000
0.080000
0.016000
-0.006000
-0.004000
-0.066000
0.024000
-0.016000
0.007407
0.009655
-0.009032
0.016129
-0.028000
0.032000
-0.044000
0.026000
0.026857
-0.006154
0.003704
-0.026000
0.004000
0.002105
-0.032000
0.009333
0.025000
0.000833
-0.000952
0.023077
0.022000
-0.008000
-0.034000
0.010000
-0.014000
0.062000
0.026000
-0.052000
-0.004000
0.024000
-0.004000
-0.024000
0.020000
0.006000
0.054000
-0.066000
0.016296
-0.011724
-0.006923
-0.022500
0.002000
-0.050000
0.022000
-0.010000
-0.002000
0.000000
0.000000
-0.006000
-0.028000
0.016000
0.002000
-0.016000
-0.002000
0.024000
0.038000
-0.032000
0.062308
0.020000
0.000800
0.009286
-0.020000
0.024000
0.022000
-0.027273
0.018000
0.016000
0.006000
-0.040000
-0.028000
0.018000
0.048000
0.040000
-0.036000
-0.026000
-0.006000
0.016000
0.004000
-0.031200
-0.028571
-0.029032
-0.012000
0.030000
-0.018000
-0.018000
-0.002000
0.008000
-0.008000
-0.050000
0.004000
-0.021818
-0.040000
0.040000
0.038000
0.000000
0.058000
0.012000
0.018571
-0.041176
-0.024286
0.053333
0.005714
-0.023704
-0.014815
-0.004667
0.009167
0.013793
0.033793
0.007692
-0.008000
-0.010000
-0.018000
0.023636
0.016842
0.006400
0.040000
0.014167
-0.006000
-0.006000
0.002000
-0.042000
0.012000
0.018333
0.014000
-0.028000
0.078000
0.010000
0.018000
0.006000
-0.010000
-0.056000
0.008000
-0.008000
-0.011538
-0.015556
0.010370
0.006429
-0.042000
0.036000
0.026000
-0.010000
-0.002000
0.028000
0.026000
-0.036923
0.032000
0.004000
0.040000
-0.026000
0.048000
0.034000
-0.024000
-0.014000
0.008000
-0.008000
0.007619
0.049600
-0.032000
0.016000
-0.006000
-0.010000
0.000000
-0.052000
0.028000
-0.012000
-0.010000
-0.038000
0.046000
-0.008000
-0.040000
-0.004000
-0.042000
0.004000
-0.011852
0.000000
0.013846
0.016667
0.003636
-0.038000
0.022000
0.050000
-0.074000
0.000000
-0.006000
0.064000
0.022000
-0.008000
-0.018000
-0.038000
0.000000
0.026000
-0.072000
0.032000
0.002932
-0.000390
-0.004679
0.001497
-0.003212
0.002234
-0.000925
0.000219
0.008705
0.000313
-0.006667
-0.001989
-0.007568
-0.002562
0.001379
-0.007241
-0.011667
-0.005517
-0.026154
0.031667
-0.003226
-0.018182
-0.041053
-0.024000
-0.024706
0.056364
0.001250
-0.020000
0.012174
0.000000
0.011852
0.028889
0.012857
-0.008856
-0.006821
-0.008091
0.007500
-0.021818
-0.003636
-0.001000
-0.006667
-0.008000
-0.015333
0.008000
0.033636
0.006429
-0.025556
-0.004444
0.021875
0.025000
-0.048000
0.008148
-0.003850
0.004824
0.003867
-0.010608
-0.005882
0.006000
0.004375
-0.007586
-0.020000
-0.010435
-0.033333
-0.034286
0.006957
-0.046000
0.014839
-0.035000
0.008571
0.060000
0.007097
-0.009333
-0.010000
0.010000
-0.000190
0.016667
-0.019450
0.010485
0.018812
-0.003168
-0.002364
-0.004554
0.005981
-0.009315
0.001503
0.002584
-0.005922
0.006171
0.010349
0.006514
0.000782
-0.005486
0.002428
-0.014514
0.006067
0.006818
0.002767
0.004284
0.003765
0.006886
0.000656
0.008869
0.006049
0.005794
0.000659
0.000030
0.001362
-0.000539
-0.023186
-0.026706
-0.023742
-0.016984
-0.024739
-0.021010
-0.024202
-0.012595
-0.032899
-0.031644
-0.028756
-0.036918
-0.016599
-0.016639
-0.017202
-0.024276
-0.026807
-0.016259
-0.021930
-0.014857
-0.029872
-0.025986
-0.024497
-0.024823
0.019231
-0.014933
-0.011842
-0.010115
0.014865
-0.014568
-0.003158
0.006437
-0.013469
0.019512
-0.024364
0.006557
0.001882
0.003235
-0.004789
-0.001013
-0.005714
-0.006190
0.013585
-0.015333
0.016267
-0.007647
-0.007536
-0.008750
0.012353
-0.005542
0.018442
-0.005676
-0.025278
0.013784
0.000548
-0.014203
-0.015833
0.008936
-0.008475
0.008657
0.013902
0.011471
0.000941
-0.013012
-0.007843
0.010500
0.015556
0.015410
-0.010263
0.004412
0.020597
-0.008718
-0.005070
-0.010000
-0.002133
-0.009855
0.008732
0.000000
-0.007397
0.024595
-0.010000
0.000455
-0.010000
-0.003030
0.013012
0.021644
-0.025000
0.000964
-0.009362
0.010000
-0.012000
0.024333
0.006250
-0.006984
-0.005000
0.014211
-0.022353
0.004478
-0.005294
-0.001786
0.011343
0.011081
-0.011250
0.001667
-0.023288
-0.002712
-0.000625
-0.002143
-0.009538
-0.006182
-0.003729
0.010000
0.005625
-0.004643
-0.012787
0.007857
-0.015758
0.002667
0.000635
0.017586
-0.005970
0.016286
-0.004308
-0.002609
0.010000
-0.014000
-0.007273
0.030000
0.028000
0.006000
0.004000
0.006667
-0.034000
0.015385
0.014000
-0.016000
-0.014444
-0.009091
0.028000
-0.001818
-0.012000
0.006197
-0.024375
0.020882
-0.040000
0.024000
-0.020000
0.018000
-0.026000
-0.004615
-0.014545
0.048000
0.026667
0.024762
0.064615
0.024000
0.010000
-0.006667
0.000000
-0.034000
-0.022000
-0.067273
-0.020000
0.029091
0.036667
0.000000
-0.021818
-0.008000
-0.049091
0.007692
-0.072857
0.016364
0.008800
-0.008000
0.043636
-0.027692
-0.038000
0.046000
0.026000
0.043636
0.024000
-0.042000
-0.012000
-0.001667
-0.034000
-0.018000
0.056000
0.014000
0.012000
0.010000
0.014000
0.008000
-0.010000
0.016364
0.006000
-0.001818
-0.010000
0.058000
-0.023636
-0.036000
0.010909
0.000000
0.036923
0.009231
-0.011200
-0.002000
-0.010909
0.052857
0.016000
0.032000
0.007273
-0.026667
0.010909
-0.030000
-0.024000
0.030000
0.020000
-0.029091
0.038000
0.002000
0.002000
0.063636
-0.020000
0.016000
0.006479
-0.009254
0.020968
-0.021404
0.010000
0.027143
0.036250
0.008333
0.032500
0.007368
0.022500
0.004000
0.014000
-0.034000
-0.018000
0.056000
0.014000
-0.006000
0.028000
0.006000
0.001587
-0.007941
-0.018276
0.008421
-0.002000
-0.030000
-0.010000
0.025000
-0.032000
0.028000
0.014545
-0.010000
-0.020000
0.030000
0.006000
-0.027273
0.006000
-0.002353
0.012727
-0.034000
-0.020000
-0.012000
-0.018182
-0.020000
0.042000
0.000000
-0.014000
0.033333
-0.014000
-0.007273
0.030000
0.010000
0.014545
0.020000
0.010000
0.040000
-0.010000
-0.033333
0.026000
0.008000
-0.024000
0.025455
0.063636
0.032000
0.020000
0.016364
0.023636
-0.008333
0.018400
0.046000
-0.012308
0.035385
-0.050909
-0.018333
-0.030909
0.026667
0.004000
0.009091
0.010000
0.030000
-0.003478
0.020000
0.000000
0.018571
-0.029091
-0.026000
-0.049091
-0.061818
0.072000
0.012000
0.050909
0.000000
0.012727
0.020000
0.014000
0.018000
-0.032000
0.036000
0.024000
-0.014000
-0.054000
0.012000
-0.028000
-0.020000
0.007429
0.001212
-0.002712
0.034138
0.008000
-0.042857
-0.003750
0.043636
0.006250
0.028421
0.000000
0.035714
-0.012000
-0.038000
0.030000
-0.029091
0.016000
0.002000
0.063636
-0.020000
-0.019143
0.003175
0.001587
0.011228
0.017500
-0.006316
0.018000
0.014000
0.030000
0.000000
-0.004000
0.040000
0.016000
0.020000
-0.058000
-0.041818
-0.020000
-0.054000
0.012000
-0.028000
0.000000
0.009091
0.002000
0.046000
-0.020000
-0.029091
-0.052000
0.030000
0.024000
-0.020000
0.018000
-0.040000
0.000000
-0.044000
0.018000
0.048000
0.025455
-0.004000
0.027273
-0.002000
-0.006000
-0.018333
-0.006000
0.018000
0.040000
0.088000
0.033333
0.060000
0.060000
-0.028000
-0.006000
0.018182
0.036000
0.014000
0.010909
-0.003333
-0.043636
0.016000
-0.060000
0.058000
0.008000
0.010000
-0.008000
-0.014000
0.028000
0.014545
-0.010000
-0.032000
0.010000
0.004000
0.034545
-0.038333
-0.048000
0.001818
-0.058000
-0.004000
0.000833
-0.020000
-0.011765
-0.028235
0.040000
0.024000
-0.002000
-0.006667
-0.005951
0.002866
0.000584
0.008733
0.003151
0.005080
0.006010
-0.001798
-0.010365
-0.008784
0.003481
-0.002776
0.004179
0.003549
0.004179
0.003549
-0.000396
0.005136
-0.001398
0.004916
0.000923
0.009206
-0.009176
-0.017808
0.010606
0.006462
-0.000235
0.004412
-0.008986
-0.011692
-0.003824
-0.014493
0.009610
-0.007097
0.019118
0.005057
0.001765
-0.009394
0.016522
-0.004928
-0.015065
0.002154
-0.007761
0.008706
0.001592
0.002857
0.001592
0.002857
0.000575
0.008186
0.000569
-0.001552
0.007143
0.011594
0.003294
-0.019545
0.015278
0.017846
0.003810
-0.007123
0.002857
0.009855
0.021644
0.008308
-0.002895
-0.008571
0.007209
-0.002727
0.010000
-0.004308
0.002462
0.004000
-0.011111
-0.011613
-0.023030
-0.002529
-0.003561
-0.004298
-0.003561
-0.004298
-0.002089
-0.001262
-0.004824
-0.004629
-0.002500
0.016000
-0.011084
-0.018681
0.004706
-0.020909
0.001647
-0.018873
0.006765
0.014769
-0.005075
-0.005846
0.003902
0.003226
0.020233
0.009888
0.004118
-0.001765
0.036970
-0.034242
0.010513
0.007812
0.006567
-0.004884
0.025231
-0.010000
0.004561
-0.016508
0.008788
0.002059
0.012542
-0.006885
-0.003810
-0.012222
0.011525
-0.001379
0.010794
-0.003019
0.007037
0.000000
0.002462
-0.013077
-0.005357
-0.002105
0.011429
-0.004815
-0.007931
-0.004483
0.002222
0.000968
-0.003860
0.003774
-0.036000
0.042000
-0.032727
-0.002000
-0.012727
0.010000
0.054000
-0.034000
0.006000
0.028000
0.018000
-0.050000
0.004000
0.020000
0.030769
-0.020000
-0.019048
-0.004444
-0.042500
0.003077
-0.010000
0.016000
-0.034000
-0.028000
-0.018000
-0.006000
-0.020000
-0.010000
0.005455
0.011111
-0.058462
0.023636
-0.050000
0.000000
0.012000
0.038000
0.012000
-0.030000
0.012000
-0.030000
-0.034000
-0.050000
-0.082000
-0.028000
0.044000
-0.046000
0.013333
0.036000
0.006000
0.012000
-0.016364
-0.002000
-0.021250
0.052308
0.016364
-0.016000
0.064000
-0.020000
-0.022000
-0.014000
-0.030909
0.024000
-0.026000
-0.066000
-0.004615
-0.024000
0.040000
-0.021429
-0.022000
0.034000
-0.022000
0.034000
-0.040000
0.012000
0.012000
0.008000
0.046000
-0.018000
-0.035000
0.016000
0.010000
-0.008000
-0.029091
0.012000
-0.008000
0.016000
0.002000
0.016000
0.006667
-0.015000
0.038182
0.012941
-0.021667
-0.056364
-0.032727
-0.045714
-0.001818
-0.056000
0.024000
0.004000
-0.003824
0.012131
0.005172
0.014925
0.016000
0.012000
0.023333
0.008000
0.008333
0.016190
-0.049333
0.003333
-0.010000
0.024000
-0.008000
0.044000
0.034000
0.024000
-0.002000
0.016000
0.007164
0.005231
0.033455
0.011636
-0.016000
0.076000
0.050000
0.008000
0.094000
0.002000
-0.010000
-0.002000
-0.014545
0.012632
-0.012308
-0.002500
0.084000
0.001667
0.000000
-0.008000
-0.028235
-0.041429
-0.010435
0.013333
-0.030000
0.026000
-0.024000
-0.020000
-0.020000
-0.008000
0.008000
0.046000
-0.018000
-0.062857
0.009231
-0.014667
-0.006000
0.006000
-0.006000
0.006000
0.062000
-0.020000
0.008000
-0.022000
-0.004000
0.008000
0.029091
-0.068000
0.048000
0.020000
-0.022000
0.000000
0.012000
0.008000
-0.040000
0.012000
0.043636
0.006000
0.043636
0.006000
0.046000
-0.026000
-0.004000
0.026000
0.028000
0.000000
-0.032727
-0.016000
0.016000
0.016000
0.014000
-0.052000
0.002857
0.032941
0.015652
0.005333
-0.016364
-0.018000
-0.056923
-0.010000
-0.016000
-0.016000
0.024000
0.036000
-0.000290
0.008182
0.007719
-0.012500
-0.018000
0.021818
-0.081818
0.016000
0.026000
0.017895
-0.007059
-0.031667
-0.008000
-0.028000
-0.028000
-0.010000
-0.004000
0.032000
-0.026000
-0.008000
-0.003438
-0.004127
-0.011071
0.005000
-0.042000
0.005000
0.005000
-0.017333
0.010000
0.003636
-0.010000
0.016000
-0.022000
-0.008000
-0.007273
0.026000
-0.020000
0.046000
-0.076000
0.016000
-0.021250
0.027500
0.024545
0.016842
0.000000
-0.038000
0.000000
-0.052000
0.003636
-0.024000
-0.014000
0.049091
-0.012308
0.011429
-0.023077
0.045000
0.008000
-0.022000
0.062000
-0.020000
-0.004000
0.022000
-0.004000
0.022000
0.032000
-0.006000
-0.016000
0.002000
-0.010000
0.010000
-0.021818
0.020000
-0.028000
0.022000
-0.030000
0.036000
0.014667
-0.024286
0.003810
0.030588
0.018333
-0.006000
0.008333
0.014286
0.008000
0.050000
-0.012727
-0.058000
-0.082000
-0.028000
-0.034000
-0.050000
-0.004000
0.014000
-0.004000
0.014000
-0.042000
-0.024000
-0.002000
-0.056000
0.006000
-0.026000
-0.018333
-0.052000
0.010000
0.000381
0.015192
-0.010000
-0.021416
0.000943
-0.012973
0.005503
0.006606
0.004706
-0.002478
-0.006931
0.002093
-0.002842
0.002609
-0.017470
0.000000
0.010168
0.015886
0.000370
-0.002197
-0.000330
0.007151
-0.000241
-0.008404
0.007904
0.006512
-0.015404
-0.000437
0.003696
-0.012447
0.000673
0.005938
-0.008800
-0.006605
0.010909
0.000000
-0.002424
-0.009630
0.014400
-0.009600
-0.025333
0.011724
-0.003846
0.058000
0.046154
0.023333
0.008750
0.016000
-0.042667
-0.011765
-0.025333
0.028571
-0.020000
0.001333
0.004706
0.014839
-0.007200
-0.003030
-0.035385
0.034286
0.024000
-0.020000
0.000000
0.033333
0.027692
0.021429
-0.030000
-0.022143
-0.007407
-0.000870
0.011613
-0.048750
0.020000
0.009333
-0.054286
-0.009630
0.014400
0.000000
-0.002424
-0.020000
-0.002222
0.016970
0.005714
-0.014000
0.019200
-0.020000
-0.005806
-0.025333
0.016000
-0.042667
-0.011765
-0.029333
-0.001538
0.023750
-0.034667
-0.054286
-0.048750
0.020000
0.009333
0.012308
-0.001875
-0.011429
0.024138
0.015556
-0.010909
0.030000
-0.013333
0.018000
0.017333
0.014000
0.030909
0.016000
0.008000
-0.002353
-0.032000
0.008462
0.001765
0.003636
0.004118
-0.011429
0.024138
0.012308
-0.001875
0.011724
-0.003846
-0.009600
-0.025333
-0.010667
-0.012000
-0.017333
0.001429
-0.000870
0.011613
-0.022143
-0.007407
0.006667
-0.005000
0.001600
-0.026667
-0.020000
0.001333
0.004706
0.028571
0.040000
-0.023636
0.006000
0.036364
-0.026897
-0.008800
-0.013548
0.004615
-0.032000
0.016000
0.008000
-0.002353
0.057143
0.036923
0.027143
0.026667
0.001429
-0.010667
-0.012000
-0.017333
0.024000
-0.020000
0.000000
0.034286
0.030000
-0.013333
0.015556
-0.010909
-0.022308
0.007143
0.017500
0.014118
0.001600
-0.026667
0.006667
-0.005000
-0.004971
0.002139
-0.002258
0.004172
-0.014947
0.012486
-0.004762
-0.011687
-0.005922
-0.015450
-0.000207
0.005268
0.005670
0.009888
-0.001204
0.010289
-0.005977
-0.003152
-0.005313
-0.008193
0.003333
0.006667
-0.000690
0.011018
0.033333
0.037500
0.014286
0.014667
0.004516
-0.025600
-0.020645
0.001538
-0.013333
-0.007500
-0.017143
0.017333
-0.010667
-0.029231
0.001429
-0.024615
-0.007407
-0.009032
-0.012143
0.004800
0.027200
0.000000
-0.015333
-0.004800
-0.064000
-0.026667
0.005556
-0.058333
0.022667
0.017143
0.002667
0.005333
-0.012143
0.004800
-0.007407
-0.009032
-0.032500
-0.002143
0.015714
0.012667
-0.003571
0.036800
-0.012308
-0.014839
0.016250
0.004286
0.002667
0.001333
-0.012308
-0.014839
-0.003571
0.036800
-0.005185
0.002941
-0.018571
0.014400
0.037500
0.014286
0.014667
0.033333
0.010000
0.016000
-0.010909
-0.030909
-0.005714
0.005000
0.005714
-0.040000
-0.018519
0.009600
-0.009677
0.004615
0.005333
0.018750
-0.041429
0.014667
-0.029333
0.026154
0.004000
0.000000
-0.007500
-0.017143
0.017333
-0.013333
-0.026250
-0.017931
-0.033846
0.001290
-0.018571
0.014400
-0.005185
0.002941
-0.010435
0.007407
-0.000645
0.000625
-0.006897
-0.025600
-0.023750
-0.011613
0.005333
0.022667
0.017143
0.002667
0.024286
0.032308
-0.022857
-0.027143
0.001333
0.016250
0.004286
0.002667
-0.033846
0.001290
-0.026250
-0.017931
0.009286
0.000588
0.004000
0.008276
0.005000
0.005714
-0.040000
-0.005714
-0.040000
0.036000
-0.020000
0.026667
0.019130
0.043030
-0.006667
0.000625
0.004000
0.008276
0.009286
0.000588
0.018750
-0.041429
0.014667
0.005333
-0.015333
-0.004800
0.027200
0.000000
-0.010000
0.010000
-0.000190
0.016667
-0.019450
0.010485
0.018812
-0.003168
-0.002364
-0.004554
0.005981
-0.009315
0.002767
0.004284
0.003765
0.006886
0.000656
0.008869
0.006049
0.005794
0.000659
0.000030
0.001362
-0.000539
0.011944
-0.001875
0.008493
-0.009846
0.003611
0.001515
-0.013623
0.007576
0.008493
-0.009846
0.011944
-0.001875
0.017183
0.012615
-0.020000
0.006970
-0.013623
0.007576
0.003611
0.001515
-0.020000
0.006970
0.017183
0.012615
0.004179
0.003549
0.004179
0.003549
0.001592
0.002857
0.001592
0.002857
-0.003561
-0.004298
-0.003561
-0.004298
0.007812
0.004127
0.007812
0.004127
0.000000
-0.008923
0.000000
-0.008923
0.004127
0.007812
0.004127
0.007812
0.019385
0.008889
0.019385
0.008889
-0.008923
0.000000
-0.008923
0.000000
0.008889
0.019385
0.008889
0.019385
