-0.029388
-0.032735
-0.020662
-0.027011
-0.022683
-0.015483
-0.021916
-0.029554
-0.042337
-0.046311
-0.041393
-0.037353
-0.027239
-0.023261
-0.017562
-0.023559
-0.028947
-0.019490
-0.022993
-0.021849
-0.027380
-0.033810
-0.043101
-0.036762
-0.009474
0.018788
-0.004828
0.005641
-0.024000
-0.016970
-0.010000
-0.008421
0.010870
-0.022105
0.009286
-0.012593
-0.007317
0.009375
-0.019636
-0.001429
-0.031220
0.001176
-0.012500
0.027119
-0.005500
-0.037059
0.007692
-0.016216
-0.008400
0.023636
0.030588
-0.015862
-0.018039
0.010000
-0.006667
-0.004074
0.025306
-0.001463
-0.001724
0.004727
0.007347
0.014118
0.021579
-0.003571
-0.008627
0.021818
0.007931
0.002456
-0.014118
-0.001714
-0.003889
-0.016078
0.001541
0.011101
0.008951
0.007042
0.007781
0.003167
0.007932
0.004953
0.001664
-0.003373
-0.004241
-0.010301
-0.000547
0.010561
0.003743
0.002865
0.004706
0.030435
0.002308
0.006429
-0.013714
-0.016429
-0.016552
0.008302
0.004708
0.018706
0.009497
0.013750
-0.017692
0.020741
0.004571
0.021143
-0.011200
0.028750
0.020000
0.008462
-0.007238
-0.002727
0.000572
-0.006118
-0.002069
-0.002500
0.006061
-0.006429
0.014000
0.028182
-0.005333
0.023333
-0.016410
0.023333
0.007429
0.003784
-0.022424
-0.045000
-0.013103
-0.014595
0.024571
0.011000
0.004000
0.014000
-0.005455
0.050000
0.048387
0.002703
0.027692
0.004545
0.005385
-0.001311
0.010968
-0.014000
0.025000
-0.033125
0.003208
-0.015619
-0.009231
-0.004800
-0.008673
-0.001887
0.003604
-0.016913
-0.014862
-0.002941
-0.008850
-0.009307
0.010101
-0.003361
0.017736
0.016242
0.011100
0.011633
0.011795
0.014765
0.000192
-0.002222
0.005497
-0.000181
0.005236
-0.003415
0.010000
0.005989
0.005492
0.008122
-0.007168
-0.017049
0.005596
-0.006146
0.012164
0.011160
0.001189
-0.011034
0.000460
-0.009885
-0.009167
-0.013103
-0.027692
0.015000
0.027097
-0.007273
0.011579
0.001600
-0.037647
0.052727
0.006875
0.030667
-0.006957
-0.018000
0.005926
0.003333
0.008469
-0.001294
-0.008439
-0.007545
0.025000
0.007273
0.029091
-0.021000
0.003333
-0.072000
-0.011333
-0.012000
0.001818
0.027143
-0.015556
0.046667
-0.013750
-0.013333
-0.046667
-0.013333
0.008449
-0.018090
-0.006740
-0.001657
-0.000588
-0.060000
-0.008750
0.030345
0.040952
0.019130
0.004444
-0.031429
0.023478
0.020000
-0.013548
-0.013750
-0.010000
0.068000
0.014839
-0.013333
-0.001456
-0.000553
-0.007303
-0.002626
-0.009806
-0.000077
-0.013178
0.002154
-0.013674
0.012403
-0.007489
0.000664
0.003071
-0.004724
-0.008367
0.002772
0.000613
0.000163
0.006500
-0.005714
0.007109
-0.006667
-0.011404
0.001644
0.050000
0.004706
-0.009167
-0.013333
0.020400
-0.022264
-0.007500
0.006429
0.011667
-0.010741
-0.006977
0.003077
-0.007500
-0.004762
0.001333
0.045556
-0.016667
-0.036250
-0.038824
-0.007059
-0.010909
0.004211
-0.016364
-0.012632
-0.007273
0.032941
-0.001667
0.017143
-0.007500
-0.012400
0.004848
-0.002963
0.004815
-0.004314
-0.003256
0.003111
0.001818
0.015000
-0.012727
-0.015385
0.023750
0.014737
-0.045333
-0.011765
0.021091
0.003077
0.012727
-0.019000
0.000853
-0.002154
0.011349
-0.001683
0.003223
0.005194
-0.004144
0.001626
0.001782
-0.009609
-0.002500
-0.007129
0.001575
-0.001920
-0.008000
-0.002262
0.011506
-0.001613
-0.004538
0.001397
0.003580
0.008490
-0.010462
-0.003697
-0.005484
-0.015926
0.013182
-0.008936
-0.014444
-0.013333
0.020000
-0.006250
-0.003077
0.022857
0.028182
0.001250
-0.026538
-0.011698
0.017241
-0.018235
0.001091
-0.009057
0.011364
0.008163
0.030909
-0.001429
0.004000
-0.013846
0.005085
0.003243
0.026207
-0.001951
-0.012500
-0.024762
0.013333
-0.017647
-0.020000
0.004000
0.012000
-0.016250
0.004262
-0.012105
-0.013529
0.026667
-0.001702
-0.026250
-0.019375
-0.002000
-0.012727
0.005714
-0.008000
-0.035385
-0.002872
0.000673
0.004414
-0.009785
-0.004271
0.001675
0.004022
-0.010562
-0.007461
0.002211
-0.009831
-0.009727
-0.000108
0.006070
0.002874
-0.010391
0.032222
0.078000
-0.010625
0.000000
0.009167
-0.014000
0.002069
0.011000
-0.012632
-0.035333
-0.010000
0.015385
-0.018857
0.004615
0.006250
0.015000
0.005000
0.001379
-0.002584
0.010449
0.017778
-0.027273
0.001212
-0.018857
-0.014000
0.007200
-0.004000
-0.047692
-0.049412
0.004000
0.007742
0.053846
-0.002000
-0.032000
-0.024000
0.006250
-0.001554
-0.005842
-0.002198
-0.006400
-0.034400
0.018000
0.000000
-0.013846
-0.045714
0.002000
0.001212
0.006154
0.021212
-0.018182
0.002353
-0.017931
0.020000
0.019200
-0.037647
0.020000
-0.002462
-0.011701
-0.005238
-0.007251
-0.008000
-0.002894
-0.001019
0.002818
0.007513
-0.006809
0.000892
-0.004785
0.009623
0.015200
0.000571
0.009020
-0.002752
0.006990
0.000198
0.017426
0.000909
-0.003366
0.013084
-0.001370
0.001541
0.011101
0.008951
0.007042
0.007781
0.003167
0.007932
0.004953
0.001664
-0.003373
-0.004241
-0.010301
0.004706
0.030435
0.002308
0.006429
-0.013714
-0.016429
-0.016552
0.008302
-0.017692
0.020741
0.004571
0.021143
-0.011200
0.028750
0.020000
0.008462
-0.002069
-0.002500
0.006061
-0.006429
0.014000
0.028182
-0.005333
0.023333
-0.000615
-0.008254
0.007529
-0.006027
-0.001515
-0.008308
0.004235
-0.013235
-0.016410
0.023333
0.007429
0.003784
0.009610
-0.003548
0.008235
-0.008506
-0.022424
-0.045000
-0.013103
-0.014595
0.006753
0.014462
0.019701
-0.010353
0.004000
0.006377
0.002824
0.001591
0.000278
0.007077
-0.010952
-0.004384
0.000263
0.016857
-0.012791
0.016818
0.024571
0.011000
0.004000
0.014000
-0.005455
0.050000
0.048387
0.002703
0.014815
0.001935
-0.000303
-0.003218
-0.000556
0.010154
0.009880
-0.012967
-0.009706
0.015152
0.014588
-0.005634
0.004146
-0.005161
0.005814
0.005843
0.027692
0.004545
0.005385
-0.001311
-0.003077
-0.003750
-0.004776
-0.009767
0.010968
-0.014000
0.025000
-0.033125
-0.004082
0.005366
-0.003273
0.001967
0.011429
0.009048
0.024151
-0.003000
-0.009167
0.011064
0.011525
0.002388
0.019216
0.023000
0.004444
0.003607
-0.004444
-0.005000
-0.008065
0.004545
0.014043
0.020500
0.013200
-0.012333
-0.003095
0.001739
-0.011948
-0.010250
0.002000
0.000000
-0.040000
-0.028000
-0.006000
0.003636
-0.014545
-0.006000
-0.058000
0.028571
-0.090909
-0.083636
0.007000
-0.025185
-0.033333
-0.008000
0.002558
-0.001064
0.011268
0.011325
-0.008333
0.038182
-0.014545
0.022500
-0.006000
0.012727
0.040000
-0.042000
-0.011000
0.009231
-0.017143
-0.011250
-0.030000
-0.024000
-0.032727
-0.023636
-0.007778
-0.005610
-0.022222
-0.011111
-0.038000
0.002667
0.014667
0.005714
-0.040000
0.034783
0.023750
0.044000
-0.029091
-0.028000
-0.007692
-0.032000
0.034000
-0.026000
-0.025455
-0.040000
0.005385
0.002439
0.002647
-0.002500
0.014000
-0.021818
-0.030909
-0.020000
-0.021818
-0.032727
-0.056000
-0.026667
0.022105
-0.036667
0.032000
-0.029091
-0.032000
0.006667
0.055000
0.014545
0.008462
-0.001220
0.009538
0.014930
-0.002000
-0.021667
0.010000
0.013846
0.010588
-0.022400
-0.003158
0.016667
0.014000
0.020000
0.003636
-0.006000
-0.004000
0.018000
0.021818
-0.016923
0.009383
-0.005570
0.009333
0.004675
0.021333
-0.006667
-0.016364
0.011667
-0.012727
0.006154
-0.008000
0.003333
-0.024000
-0.050000
0.009091
-0.081818
-0.045455
0.016000
-0.030909
-0.047692
-0.018000
0.053846
-0.001429
-0.026154
-0.008148
-0.054545
0.045455
0.034545
0.004000
-0.009231
0.011429
0.001818
0.044000
0.020000
0.000000
-0.016364
0.064000
-0.023636
-0.018462
0.035714
0.033333
-0.030769
0.023077
0.004000
0.034545
-0.026000
0.026000
0.002000
0.021667
0.062857
0.008333
0.030000
0.005000
0.031667
-0.005000
0.018000
0.041818
-0.030000
0.004000
0.050000
-0.008000
0.036364
-0.056000
0.056923
0.003125
0.050667
-0.053846
0.010000
-0.036923
-0.014000
-0.012941
-0.003478
-0.016364
0.074000
-0.018000
0.018462
-0.024000
0.006000
0.038182
-0.001818
-0.022000
-0.001538
-0.040000
-0.025000
0.034000
0.013846
0.032000
-0.001538
0.056000
-0.025455
0.038000
0.038000
-0.007857
-0.022500
-0.007500
-0.026667
-0.018000
-0.043636
-0.020000
-0.013333
0.018000
0.026000
-0.034000
0.052000
-0.007273
-0.031667
0.011667
0.042000
0.010000
-0.010000
0.015294
-0.007000
0.026000
0.042000
-0.022000
-0.015385
-0.029388
-0.032735
-0.020662
-0.027011
-0.022683
-0.015483
-0.021916
-0.029554
-0.042337
-0.046311
-0.041393
-0.037353
-0.027239
-0.023261
-0.017562
-0.023559
-0.028947
-0.019490
-0.022993
-0.021849
-0.027380
-0.033810
-0.043101
-0.036762
0.006902
0.008063
0.007594
0.001008
-0.000547
0.010561
0.003743
0.002865
0.010234
0.005370
0.002547
0.012745
0.004708
0.018706
0.009497
0.013750
-0.004469
-0.004866
-0.010717
-0.009937
-0.007238
-0.002727
0.000572
-0.006118
0.001826
-0.001340
0.007236
0.007079
0.014493
-0.004615
-0.006176
0.004638
0.004706
0.006061
0.006957
0.015652
0.003578
0.001027
0.006635
0.007172
0.008571
-0.010725
-0.003562
-0.006154
-0.017576
-0.013846
-0.010462
-0.001846
-0.003418
-0.003333
0.001470
-0.002349
-0.016471
-0.003385
0.007761
0.003692
0.001176
0.014706
-0.007879
0.008485
0.009545
-0.012364
0.014717
0.005306
0.081818
-0.004286
-0.061667
0.027273
-0.005455
0.033846
0.032000
0.006000
0.034000
-0.027143
-0.012000
-0.043077
0.014000
-0.011579
0.021333
-0.021818
0.000870
-0.009600
0.001887
-0.008800
0.020000
-0.001818
-0.026667
0.010769
0.016000
0.005714
0.008000
-0.010909
0.036000
-0.006667
-0.041333
0.046000
-0.016000
-0.021538
-0.012000
0.029091
-0.011837
0.000870
0.004314
-0.002623
0.068000
-0.002857
0.000000
0.025455
-0.020000
0.003529
0.011765
-0.006000
0.058182
-0.014545
0.021667
-0.001667
0.002000
-0.006154
0.036000
-0.068000
-0.006364
0.010435
-0.003509
0.004681
-0.012000
0.036000
-0.038000
0.020000
0.025455
0.012727
0.029091
-0.043636
0.018182
-0.009474
0.017333
-0.045333
0.043636
-0.035385
-0.006000
-0.005000
0.013778
0.007234
0.022182
-0.026415
-0.020000
0.015000
0.044000
0.018462
0.000000
-0.016667
-0.047778
0.002000
0.008000
-0.014000
-0.012000
-0.040000
0.054545
0.010909
-0.043636
-0.016667
-0.002174
-0.017333
0.011321
-0.008750
-0.060000
0.028235
-0.001429
0.006250
-0.012727
0.006154
0.002000
0.001818
-0.024000
-0.030000
0.016000
0.012727
0.056364
-0.006000
0.038333
0.046154
-0.007273
-0.004615
0.007692
0.037143
0.014000
-0.020000
0.020000
0.010000
0.012000
-0.007692
-0.014000
0.030000
-0.012632
-0.010000
0.056000
0.022222
-0.022000
0.021538
-0.056923
-0.035000
-0.021818
-0.022000
0.016000
-0.007273
-0.010000
0.064000
-0.005455
-0.018000
-0.004000
0.013846
-0.032000
0.006000
0.004000
0.035000
0.052000
0.000000
0.023750
-0.022857
0.033846
-0.004211
0.004000
0.010769
0.025000
0.037143
0.000000
-0.016000
-0.002000
-0.030909
-0.014545
-0.032727
0.010000
0.030909
0.007273
-0.016667
0.015000
0.027273
-0.036000
0.006000
0.010000
0.027368
0.010000
0.003333
-0.016000
-0.038333
-0.016000
0.023077
-0.022000
0.030000
0.010588
-0.048571
-0.001333
0.003750
-0.002000
0.048000
0.040000
-0.025000
0.018000
0.010000
0.050000
-0.008333
-0.041333
-0.049091
0.027692
0.011579
0.004000
0.011667
-0.038000
0.064000
0.010000
0.040000
0.043636
-0.012308
-0.040000
-0.015000
0.018462
0.010000
-0.009474
0.018788
-0.004828
0.005641
-0.024000
-0.016970
-0.010000
-0.008421
0.010870
-0.022105
0.009286
-0.012593
-0.007317
0.009375
-0.019636
-0.001429
-0.031220
0.001176
-0.012500
0.027119
-0.005500
-0.037059
0.007692
-0.016216
-0.002051
-0.004533
-0.004211
-0.012414
0.018378
-0.015556
0.012368
-0.014483
-0.006353
-0.003529
0.003944
-0.012152
-0.008400
0.023636
0.030588
-0.015862
0.010400
0.009412
-0.009565
-0.006000
-0.018039
0.010000
-0.006667
-0.004074
-0.010294
0.003373
-0.010130
-0.010270
-0.001667
0.012703
0.005479
-0.002029
0.025306
-0.001463
-0.001724
0.004727
-0.011707
-0.032647
-0.006353
-0.014699
-0.007105
0.008235
-0.022985
-0.004872
0.007347
0.014118
0.021579
-0.003571
0.016620
0.006486
-0.014933
0.001449
0.007887
-0.019744
0.011507
0.009459
-0.008627
0.021818
0.007931
0.002456
0.008193
0.004384
-0.010750
-0.014699
-0.014118
-0.001714
-0.003889
-0.016078
-0.006000
0.002857
0.012059
0.011579
0.005341
-0.015657
0.002514
-0.002629
0.012000
0.015517
0.007586
0.011314
-0.003931
-0.006207
0.007045
-0.007841
0.003208
-0.015619
-0.009231
-0.004800
-0.008673
-0.001887
0.003604
-0.016913
-0.014862
-0.002941
-0.008850
-0.009307
-0.002872
0.000673
0.004414
-0.009785
-0.004271
0.001675
0.004022
-0.010562
-0.007461
0.002211
-0.009831
-0.009727
-0.000108
0.006070
0.002874
-0.010391
0.032222
0.078000
-0.010625
0.000000
0.009167
-0.014000
0.002069
0.011000
-0.012632
-0.035333
-0.010000
0.015385
-0.018857
0.004615
0.006250
0.015000
0.005000
0.001379
-0.002584
0.010449
0.017778
-0.027273
0.001212
-0.018857
-0.014000
0.007200
-0.004000
-0.047692
-0.049412
0.004000
0.007742
0.053846
-0.002000
-0.032000
-0.024000
0.006250
-0.001554
-0.005842
-0.002198
-0.006400
-0.034400
0.018000
0.000000
-0.013846
-0.045714
0.002000
0.001212
0.006154
0.021212
-0.018182
0.002353
-0.017931
0.020000
0.019200
-0.037647
0.020000
-0.001456
-0.000553
-0.007303
-0.002626
-0.009806
-0.000077
-0.013178
0.002154
-0.013674
0.012403
-0.007489
0.000664
0.000698
0.008197
0.008696
-0.008193
0.002000
0.011508
0.011771
0.000741
0.003071
-0.004724
-0.008367
0.002772
-0.005202
0.002198
-0.001453
-0.011446
0.004681
0.000599
0.000814
0.020000
0.000613
0.000163
0.006500
-0.005714
0.006120
0.003587
-0.004574
0.010865
0.007708
0.009257
0.004558
0.020227
0.007109
-0.006667
-0.011404
0.001644
0.010000
0.009231
0.002143
-0.002857
-0.002400
-0.004000
0.007407
-0.014167
0.003636
-0.046250
0.031000
0.010000
0.021429
-0.002500
-0.003077
-0.006667
-0.020000
-0.050000
-0.031333
-0.008696
0.011538
-0.007500
0.020833
-0.014400
0.009032
-0.006207
-0.032941
0.025926
-0.001250
-0.048000
0.049333
-0.005263
-0.016000
0.020952
-0.030714
-0.002609
-0.020000
0.021111
-0.010345
-0.020000
-0.025556
0.032857
-0.015294
0.009412
-0.012414
0.006667
-0.002581
-0.013333
0.011200
0.034400
0.014615
0.001379
0.022308
-0.047857
-0.014815
0.005385
0.027273
0.024000
-0.003636
-0.015000
-0.012143
0.018788
0.011538
0.030370
0.021600
-0.016154
-0.018400
-0.000870
0.003846
-0.014400
0.019231
-0.012593
-0.000714
-0.004242
-0.011429
-0.050769
0.028000
0.050909
0.012727
-0.016667
-0.017419
-0.006364
0.007407
-0.007500
0.008000
0.024000
0.010769
0.010526
0.013750
-0.001429
-0.002500
0.012941
0.020741
0.069231
0.017333
0.016923
0.010000
-0.004615
-0.003000
-0.012500
-0.040000
0.002963
-0.060645
-0.022400
0.020556
0.027407
0.007879
-0.033125
-0.009333
-0.023333
0.042667
0.029333
0.002759
-0.024000
-0.008462
-0.003571
-0.024000
-0.014000
-0.036000
-0.054000
-0.036000
-0.048000
-0.008000
-0.020000
-0.010000
0.002000
0.026000
0.050000
-0.015000
-0.018000
0.024000
0.018000
-0.045333
-0.031579
0.019167
0.014167
-0.022000
-0.028000
-0.026000
-0.026000
-0.024000
-0.016000
0.042000
0.022000
0.002000
0.034000
0.022000
-0.046000
0.006000
-0.042000
0.040000
-0.026000
-0.025000
0.004167
-0.009231
-0.000769
0.022000
-0.010000
0.012000
0.036000
-0.008000
0.010909
0.000000
0.018000
-0.032000
-0.042000
-0.004000
-0.010909
0.018000
0.016000
-0.006000
0.010000
0.014783
0.009565
0.013684
0.016800
0.030000
0.028000
0.116000
0.006000
0.044000
-0.022000
-0.046000
0.024000
0.014000
0.000000
0.010000
0.010000
0.014000
-0.006000
-0.056000
0.012000
0.021333
0.006667
0.005000
0.011250
-0.006286
-0.012857
-0.014286
-0.010968
0.000000
0.008000
0.009091
-0.038333
0.005185
0.016154
0.007333
0.022609
-0.038333
0.001739
0.006667
-0.017391
0.018000
0.056000
-0.012000
-0.002000
0.022000
-0.003333
-0.030000
0.004000
0.000000
0.012000
0.014000
0.016000
-0.060000
-0.040000
0.050000
-0.076000
0.017500
-0.020000
0.008966
-0.012593
0.048000
-0.016364
-0.014000
-0.038000
-0.024000
0.024000
0.020000
0.060000
-0.028000
-0.002000
-0.018000
-0.014000
0.032727
-0.001818
-0.034000
0.014000
-0.030714
0.000000
0.015200
-0.010769
-0.012727
-0.042000
-0.034000
-0.056000
0.082000
-0.044000
-0.028000
-0.054000
0.012000
0.040000
-0.002000
0.018000
0.006000
-0.036000
0.002000
0.024000
-0.017500
0.001000
0.010000
0.008182
0.020000
-0.042000
0.042000
0.040000
0.010000
0.000000
0.010000
0.014000
-0.014000
0.004000
0.020000
-0.004000
0.014000
0.026000
0.052000
0.008000
0.006207
0.009655
0.002424
-0.009677
0.014000
0.003636
0.000000
0.014545
-0.015714
0.036471
0.049333
0.032500
0.012571
0.020000
0.009600
-0.033333
-0.010000
-0.000800
-0.002222
-0.000870
-0.058000
0.018000
-0.030000
-0.026000
-0.010000
0.004000
0.012000
0.004000
-0.004000
-0.034000
0.028000
-0.024000
0.000000
0.008000
-0.004000
0.008000
-0.004828
0.011333
-0.028800
-0.013846
0.020000
0.036000
-0.006000
0.000000
-0.038333
-0.004000
-0.022000
-0.056000
-0.038000
0.014000
-0.016000
0.002000
0.008000
0.020000
-0.008000
0.024000
0.026400
0.015000
-0.018889
0.008387
-0.004000
-0.002000
-0.028000
0.016000
0.036000
-0.026000
0.004000
-0.022000
-0.008000
-0.024000
0.058000
0.046000
-0.028000
0.003333
0.004000
0.026000
0.006957
0.050435
-0.006923
0.000741
0.022000
-0.022000
0.002000
0.002000
-0.010000
-0.028000
0.060000
-0.010000
0.004000
0.009091
-0.070000
0.010000
-0.026000
0.000000
-0.064000
-0.020000
0.000853
-0.002154
0.011349
-0.001683
0.003223
0.005194
-0.004144
0.001626
0.001782
-0.009609
-0.002500
-0.007129
-0.008324
0.005989
0.000000
-0.013742
0.005474
-0.000809
-0.005476
-0.003373
0.001575
-0.001920
-0.008000
-0.002262
0.003352
0.020847
0.001347
-0.001854
0.013299
0.007191
0.003796
0.000578
0.011506
-0.001613
-0.004538
0.001397
0.006782
0.010109
0.001458
0.002048
0.012473
0.001034
0.011724
0.000838
0.003580
0.008490
-0.010462
-0.003697
0.005882
-0.036250
0.007333
0.008696
-0.012143
0.016923
-0.028571
0.026667
0.009333
-0.012667
-0.014857
0.000000
0.011111
-0.014667
-0.028571
0.000000
0.008966
-0.008000
0.001538
-0.012000
0.026957
0.005000
0.010000
0.034167
0.030000
0.010000
0.009474
0.018571
0.001333
0.011765
0.016154
0.000000
-0.022308
0.017500
-0.002500
0.020000
-0.008148
0.010769
-0.005714
0.032143
0.002667
0.009143
0.006111
0.000000
-0.018182
-0.016667
0.046000
-0.018571
0.021333
-0.011250
0.000000
0.024444
0.009333
0.022727
-0.005714
-0.002727
0.020000
0.024615
-0.016364
0.013333
-0.043750
0.015714
0.081333
0.011250
0.002000
-0.039048
0.013636
0.004167
0.018667
-0.014118
0.014074
-0.003333
-0.006667
0.040000
-0.026250
-0.008750
0.002000
0.000800
0.008387
0.024000
0.006154
0.019231
0.007500
-0.017857
0.020741
-0.016154
-0.020000
-0.030000
0.022069
0.011176
0.040000
-0.016667
-0.014545
-0.003077
0.026000
0.015714
0.007778
0.013846
0.000000
-0.028824
0.004000
0.005556
0.030667
-0.042857
-0.002000
0.012727
-0.045556
-0.026154
0.008000
0.016552
0.028462
-0.009286
-0.024000
0.041739
-0.003200
-0.036800
-0.038000
0.036000
-0.012727
0.006000
-0.038000
0.006000
-0.012000
-0.008000
0.032000
0.010000
-0.006000
-0.006000
0.014000
-0.038000
-0.062000
-0.047273
0.000909
-0.002400
-0.005263
-0.000800
-0.046000
0.036667
0.024000
0.010000
0.018000
-0.026000
-0.006000
-0.030000
0.038000
-0.006000
0.014000
-0.026000
-0.056000
-0.010000
-0.022000
0.022000
-0.008667
-0.039286
-0.031200
0.013600
-0.018000
0.020000
0.062000
-0.014000
-0.026000
-0.016000
0.020000
0.016000
-0.002000
0.006000
0.048000
0.030000
0.038000
0.010000
0.030000
0.086000
-0.023750
-0.001053
0.026000
0.017600
-0.050000
-0.020000
-0.024000
0.046000
0.018000
0.008000
-0.066000
-0.006000
0.004000
0.032000
0.034000
-0.034000
0.044000
-0.018000
0.074000
-0.032000
0.035556
-0.020690
-0.031613
-0.005806
-0.002000
0.012000
0.016000
-0.074000
-0.004000
0.031538
-0.006667
0.008000
0.026667
0.024211
0.008000
0.008000
-0.008750
-0.008333
-0.014286
0.012308
0.008000
-0.008000
-0.090000
0.016000
0.060000
-0.026000
-0.008000
0.014000
-0.028000
-0.028000
-0.002000
0.016000
-0.010000
0.016000
0.016000
-0.038000
-0.018519
0.007586
-0.004615
-0.007500
0.044000
0.022000
-0.014000
0.066000
-0.040000
0.008000
0.024000
-0.040000
0.032000
0.000000
-0.032000
-0.046000
0.006000
0.020000
-0.016000
0.016000
-0.002308
0.033077
-0.020800
-0.005000
0.060000
0.006000
0.002000
-0.012727
0.010000
0.026000
-0.018000
-0.044000
-0.032000
-0.072000
-0.050000
0.068000
0.036000
0.038000
-0.022000
0.068000
0.016800
-0.011200
0.013333
0.009677
-0.028000
-0.020000
-0.004000
0.060000
-0.020000
0.056000
0.030000
0.074000
0.044000
-0.030909
-0.006000
-0.044000
-0.014000
-0.038000
-0.042000
-0.012000
-0.017143
0.014118
-0.014286
-0.014667
-0.016571
-0.000741
-0.002963
0.018000
0.045000
-0.006207
-0.017931
-0.010000
-0.016000
0.010000
0.028000
-0.001818
-0.031579
0.000000
0.008182
-0.031667
-0.004000
0.062000
0.002000
-0.002000
0.002000
0.025000
0.018000
0.012000
0.000000
0.002000
0.022000
0.030000
-0.028000
0.024000
-0.006000
-0.014000
0.011538
0.008148
-0.014815
-0.036429
-0.020000
0.024000
0.008000
0.024000
0.028000
0.054000
0.002000
0.003077
0.002000
-0.036000
-0.020000
0.032000
0.020000
0.000000
0.048000
0.002000
0.040000
-0.005000
-0.001905
-0.001600
-0.004000
0.054000
0.012000
0.002000
-0.052000
0.022000
0.030000
0.022000
-0.018000
-0.036000
0.044000
0.014000
-0.086000
-0.006000
0.006000
-0.032000
0.013333
-0.015000
-0.008462
-0.008333
-0.001818
-0.006000
-0.062000
-0.038000
-0.120000
-0.002000
-0.040000
0.026000
-0.030000
-0.006000
0.006000
-0.014000
0.022000
-0.032000
0.008000
-0.002000
0.005236
-0.003415
0.010000
0.005989
0.005492
0.008122
-0.007168
-0.017049
0.005596
-0.006146
0.012164
0.011160
0.001189
-0.011034
0.000460
-0.009885
-0.009167
-0.013103
-0.027692
0.015000
0.027097
-0.007273
0.011579
0.001600
-0.037647
0.052727
0.006875
0.030667
-0.006957
-0.018000
0.005926
0.003333
0.008469
-0.001294
-0.008439
-0.007545
0.025000
0.007273
0.029091
-0.021000
0.003333
-0.072000
-0.011333
-0.012000
0.001818
0.027143
-0.015556
0.046667
-0.013750
-0.013333
-0.046667
-0.013333
0.008449
-0.018090
-0.006740
-0.001657
-0.000588
-0.060000
-0.008750
0.030345
0.040952
0.019130
0.004444
-0.031429
0.023478
0.020000
-0.013548
-0.013750
-0.010000
0.068000
0.014839
-0.013333
0.009623
0.015200
0.000571
0.009020
-0.002752
0.006990
0.000198
0.017426
0.000909
-0.003366
0.013084
-0.001370
-0.002890
0.009888
0.005140
0.010743
-0.008023
-0.000686
-0.008939
-0.002514
-0.000809
0.006857
-0.005506
-0.000568
0.001541
0.011101
0.008951
0.007042
0.007781
0.003167
0.007932
0.004953
0.001664
-0.003373
-0.004241
-0.010301
-0.029388
-0.032735
-0.020662
-0.027011
-0.022683
-0.015483
-0.021916
-0.029554
-0.042337
-0.046311
-0.041393
-0.037353
-0.027239
-0.023261
-0.017562
-0.023559
-0.028947
-0.019490
-0.022993
-0.021849
-0.027380
-0.033810
-0.043101
-0.036762
-0.002051
-0.004533
-0.004211
-0.012414
0.018378
-0.015556
0.012368
-0.014483
-0.004082
0.005366
-0.003273
0.001967
-0.006353
-0.003529
0.003944
-0.012152
0.011429
0.009048
0.024151
-0.003000
0.010400
0.009412
-0.009565
-0.006000
-0.010294
0.003373
-0.010130
-0.010270
-0.001667
0.012703
0.005479
-0.002029
-0.009167
0.011064
0.011525
0.002388
-0.011707
-0.032647
-0.006353
-0.014699
0.019216
0.023000
0.004444
0.003607
-0.007105
0.008235
-0.022985
-0.004872
0.016620
0.006486
-0.014933
0.001449
0.007887
-0.019744
0.011507
0.009459
-0.004444
-0.005000
-0.008065
0.004545
0.008193
0.004384
-0.010750
-0.014699
0.014043
0.020500
0.013200
-0.012333
-0.006000
0.002857
0.012059
0.011579
-0.013235
0.021493
-0.006471
0.001071
-0.035522
0.019189
-0.014063
-0.009333
-0.002740
0.000678
-0.015938
0.009286
-0.002462
0.015636
-0.015932
0.000000
0.010937
-0.008571
-0.016066
-0.020000
0.005455
-0.012000
-0.013016
0.005517
0.020896
0.001143
-0.010769
-0.008116
-0.018000
0.000000
0.029091
0.034000
-0.046000
-0.032000
-0.026000
-0.013333
0.004000
0.006154
0.040000
-0.046000
0.011111
-0.009091
0.026000
-0.041818
-0.003143
0.003662
-0.009375
-0.014412
0.012000
0.020000
-0.002000
-0.002000
-0.012000
0.015385
-0.012727
0.008000
0.025556
-0.032381
-0.029231
0.046000
0.028000
-0.021333
-0.009091
0.008000
-0.008000
0.005455
-0.024000
-0.029091
-0.033333
0.025455
-0.036364
0.044000
-0.009091
-0.080000
-0.017143
0.000000
0.017600
0.044000
0.056364
-0.007692
-0.012000
0.004000
-0.022000
-0.021818
0.052000
0.018000
-0.010000
0.028333
-0.022000
0.030000
-0.020000
-0.022000
-0.002000
0.064000
0.024000
0.056000
0.014000
0.023636
0.004000
0.043636
0.005000
0.002000
0.034545
0.098000
0.001818
-0.001818
0.018462
-0.041538
-0.034400
0.028000
0.027273
-0.001429
-0.036000
0.032000
0.021818
0.028333
-0.029091
0.010000
0.028000
0.024000
-0.004000
0.009091
0.020000
0.002000
0.008000
0.003636
-0.038000
-0.026000
0.010704
-0.030448
0.019677
-0.016842
0.018000
0.054286
0.026250
0.000000
-0.010000
0.014737
0.032500
0.030000
-0.022000
-0.022000
0.030000
-0.020000
-0.012000
0.064000
0.020000
-0.028000
-0.001905
0.022647
-0.004138
-0.020000
-0.088000
-0.008000
-0.024000
-0.013333
-0.008000
-0.010000
-0.012727
0.006000
0.005882
-0.028000
0.024000
-0.001818
0.018000
-0.009412
0.016364
-0.034000
-0.001667
0.012000
-0.027273
-0.050000
0.014000
-0.012727
-0.004000
0.005000
0.000000
0.029091
0.034000
-0.018000
0.009091
-0.026000
-0.018000
0.000000
-0.050000
0.011667
0.002000
-0.088000
-0.066000
0.000000
-0.018182
0.004000
0.014545
-0.014545
-0.001818
-0.026667
0.022400
0.064000
0.024615
-0.012308
0.007273
0.001667
-0.014545
-0.043333
-0.054000
-0.001818
0.004000
0.042000
0.013043
-0.064000
0.000000
-0.025714
-0.069091
-0.074000
-0.060000
0.034545
-0.014000
-0.038000
0.001818
0.006154
-0.014545
0.054000
-0.080000
0.058000
0.010000
-0.064000
-0.004000
-0.028000
0.044000
0.052000
0.010000
0.000000
0.002000
0.003636
-0.015593
0.011724
-0.020000
0.028571
-0.055000
-0.036364
-0.005000
0.023158
-0.069333
-0.011429
-0.058000
-0.032000
-0.024000
0.041818
-0.026000
0.008000
0.003636
-0.038000
-0.027143
0.000000
0.020952
-0.017193
-0.027500
0.013684
0.020000
-0.004000
-0.024000
0.001538
-0.004000
0.026000
0.054000
0.009091
0.074000
0.001818
0.000000
0.044000
0.052000
0.010000
-0.065455
0.025455
-0.010000
0.012000
-0.028000
-0.054545
-0.018000
0.013333
0.020000
-0.002000
-0.002000
0.012000
0.062000
0.008000
0.056000
0.002000
0.023636
-0.004000
-0.030909
-0.004000
0.008000
-0.020000
0.006000
-0.002000
-0.001667
0.012000
0.040000
0.043333
-0.032727
-0.072000
-0.020000
-0.003636
-0.026000
-0.042000
-0.052727
0.028333
0.056364
-0.004000
0.020000
0.002000
0.026000
0.046000
-0.020000
-0.010000
-0.010000
-0.012727
0.006000
-0.008000
0.020000
-0.034000
-0.041818
0.018333
-0.020000
-0.038182
-0.006000
0.004000
0.018333
0.002000
-0.017647
0.005882
-0.012727
0.016000
0.006000
0.016667
0.006902
0.008063
0.007594
0.001008
0.010234
0.005370
0.002547
0.012745
-0.004469
-0.004866
-0.010717
-0.009937
0.000929
0.000896
0.000929
0.000896
0.001826
-0.001340
0.007236
0.007079
-0.000615
-0.008254
0.007529
-0.006027
-0.001515
-0.008308
0.004235
-0.013235
0.014493
-0.004615
-0.006176
0.004638
0.009610
-0.003548
0.008235
-0.008506
0.004706
0.006061
0.006957
0.015652
0.006753
0.014462
0.019701
-0.010353
0.006700
0.009524
0.006700
0.009524
0.003578
0.001027
0.006635
0.007172
0.004000
0.006377
0.002824
0.001591
0.000278
0.007077
-0.010952
-0.004384
0.008571
-0.010725
-0.003562
-0.006154
0.000263
0.016857
-0.012791
0.016818
-0.017576
-0.013846
-0.010462
-0.001846
0.014815
0.001935
-0.000303
-0.003218
-0.001997
0.004793
-0.001997
0.004793
-0.003418
-0.003333
0.001470
-0.002349
-0.000556
0.010154
0.009880
-0.012967
-0.009706
0.015152
0.014588
-0.005634
-0.016471
-0.003385
0.007761
0.003692
0.004146
-0.005161
0.005814
0.005843
0.001176
0.014706
-0.007879
0.008485
-0.003077
-0.003750
-0.004776
-0.009767
0.013538
-0.009706
-0.001404
0.004127
-0.000606
-0.017647
-0.004746
-0.008197
-0.015873
-0.015185
0.001695
-0.002414
0.023492
-0.039245
0.015556
0.011864
0.003692
0.006538
-0.011429
-0.000351
0.009206
0.015926
-0.019310
0.030000
0.006032
-0.002581
-0.002807
-0.003396
0.026000
-0.020000
-0.007273
-0.034000
-0.021818
-0.016000
-0.040000
0.024000
0.018000
0.030000
-0.054000
0.010000
-0.072000
-0.004000
-0.006154
0.013846
-0.000317
-0.010476
-0.001786
-0.023846
0.012000
-0.034000
0.002000
-0.018000
-0.016000
0.052000
0.014000
0.000000
0.016364
0.015556
0.021538
0.009091
0.014000
-0.042000
-0.052000
-0.048000
-0.006000
0.024000
-0.006000
0.024000
-0.034000
0.022000
-0.032000
0.024000
-0.042000
-0.002000
-0.001667
-0.042000
-0.012000
0.002000
0.036364
0.034000
-0.001250
-0.026154
-0.026364
-0.014667
0.036000
0.014000
0.062000
0.038000
-0.052727
0.034000
-0.044000
-0.042000
0.001538
0.072000
0.005455
-0.022857
-0.034000
-0.008000
-0.034000
-0.008000
0.004000
0.006000
-0.022000
-0.016000
0.020000
-0.032000
0.036667
-0.032000
-0.022000
0.016000
-0.023636
-0.080000
-0.016000
0.010000
-0.014000
-0.068000
0.000000
0.000000
0.000909
0.011765
0.010000
0.021818
-0.001818
0.004286
-0.021818
-0.054000
0.062000
-0.044000
-0.008529
-0.009180
-0.004828
-0.007761
0.006000
0.022000
0.025000
-0.008000
0.026667
0.007619
-0.024000
0.050000
-0.008000
-0.002000
-0.014000
0.050000
0.000000
-0.064000
0.008000
-0.044000
0.004478
-0.009231
0.024000
-0.004727
0.046000
0.034000
0.028000
-0.014000
0.000000
0.024000
-0.014000
-0.036000
-0.020000
0.000000
-0.013846
-0.022500
-0.020000
-0.028333
0.012000
-0.020000
0.027059
-0.024286
0.026087
0.066667
0.022000
-0.014000
0.010000
0.004000
-0.040000
0.006000
-0.008000
0.026000
-0.020000
-0.017143
-0.043077
-0.006667
-0.026000
0.050000
-0.026000
0.050000
0.010000
0.008000
-0.002000
-0.032000
0.030000
-0.028000
-0.041818
0.052000
-0.040000
-0.042000
-0.048000
-0.018000
-0.022000
-0.016000
0.004000
0.006000
0.029091
0.000000
0.029091
0.000000
-0.054000
-0.040000
0.008000
-0.016000
-0.004000
0.036000
-0.021818
0.016000
0.092000
0.006000
-0.030000
0.008000
-0.050000
-0.001176
0.017391
-0.026667
0.018182
-0.012000
0.030769
0.006667
0.046000
0.012000
0.052000
-0.056000
-0.011304
0.005758
0.003509
-0.008056
-0.076000
0.040000
0.054545
-0.016000
-0.044000
-0.010526
-0.003529
0.026667
0.048000
-0.024000
-0.004000
0.042000
0.022000
-0.040000
-0.010000
-0.044000
-0.009062
-0.002222
-0.009643
-0.001154
0.040000
-0.038000
0.026667
-0.017333
-0.014000
0.058182
-0.044000
0.000000
-0.032000
0.040000
0.038182
0.032000
0.004000
0.066000
-0.036000
-0.006000
-0.002500
0.015000
-0.021818
-0.052632
0.064000
0.024000
-0.010000
-0.014000
-0.052727
-0.020000
0.024000
-0.016364
-0.003077
-0.052857
0.000000
0.000000
-0.002000
-0.032000
0.010000
0.008000
0.036000
0.040000
0.036000
0.040000
0.084000
-0.048000
-0.018000
0.028000
0.010000
0.008000
0.020000
-0.016000
0.044000
0.028000
0.076000
-0.030000
0.048000
0.010000
-0.003810
-0.038824
-0.011667
0.040000
-0.021667
0.034286
0.014000
-0.002000
0.003636
-0.028000
-0.032000
0.024000
-0.034000
0.022000
0.004000
-0.004000
0.004000
-0.004000
-0.028000
0.012000
0.014000
-0.014000
0.012000
0.006000
-0.025000
-0.088000
0.003208
-0.015619
-0.009231
-0.004800
-0.008673
-0.001887
0.003604
-0.016913
-0.014862
-0.002941
-0.008850
-0.009307
0.000698
0.008197
0.008696
-0.008193
0.002000
0.011508
0.011771
0.000741
-0.005202
0.002198
-0.001453
-0.011446
0.004681
0.000599
0.000814
0.020000
0.006120
0.003587
-0.004574
0.010865
0.007708
0.009257
0.004558
0.020227
-0.005600
0.003030
0.011111
0.040800
0.005600
0.019333
0.005517
0.001538
-0.010000
-0.012308
-0.038889
-0.073750
-0.008000
-0.020000
-0.060000
0.014667
0.022857
-0.008000
-0.054667
-0.025882
-0.014839
-0.008000
0.026061
-0.008462
0.002857
0.012000
0.026667
-0.021250
0.004000
-0.029231
0.014286
-0.025714
-0.010714
0.015556
0.000000
-0.005161
0.030000
-0.033333
0.002667
0.010000
0.011111
0.040800
-0.005600
0.003030
0.007692
-0.014074
0.016364
-0.004000
0.000000
-0.004800
-0.007500
0.000000
0.014667
-0.008000
-0.020000
-0.060000
0.040000
-0.006154
-0.001250
-0.021333
0.010000
0.030000
-0.033333
0.002667
0.013077
-0.027500
-0.020000
0.011724
-0.006667
0.007273
-0.012667
-0.004000
-0.030000
-0.026667
-0.050000
0.020000
-0.061333
-0.006667
0.003529
-0.009333
-0.030000
0.027647
-0.008485
0.025294
-0.020000
0.011724
0.013077
-0.027500
0.005517
0.001538
0.005600
0.019333
0.002667
-0.013333
0.016000
0.041429
0.000000
-0.005161
-0.010714
0.015556
-0.003333
0.025625
0.000000
0.020833
-0.008000
-0.054667
-0.025882
0.022857
-0.005455
0.003636
-0.062000
-0.030909
-0.024138
0.013600
0.009032
-0.014615
-0.009333
-0.061333
-0.006667
0.003529
-0.062857
-0.021538
0.040000
0.017333
0.041429
0.002667
-0.013333
0.016000
0.012000
0.026667
-0.021250
0.002857
-0.012667
-0.004000
-0.006667
0.007273
0.009231
-0.013571
0.012500
0.000000
0.000000
0.020833
-0.003333
0.025625
-0.008324
0.005989
0.000000
-0.013742
0.005474
-0.000809
-0.005476
-0.003373
0.003352
0.020847
0.001347
-0.001854
0.013299
0.007191
0.003796
0.000578
0.006782
0.010109
0.001458
0.002048
0.012473
0.001034
0.011724
0.000838
-0.060000
0.010000
-0.050000
0.014667
-0.009677
0.000800
0.022581
0.004615
-0.038667
-0.011250
0.020000
0.013333
0.004000
-0.030769
0.010000
-0.012308
-0.005926
-0.025806
-0.015000
-0.030400
0.004000
0.006207
0.006000
0.004000
-0.068000
0.038333
0.010000
0.003333
-0.017333
0.012857
0.001333
0.001333
-0.015000
-0.030400
-0.005926
-0.025806
0.011667
-0.002857
-0.011429
-0.035333
-0.002143
0.009600
0.010000
0.025161
-0.001250
-0.067143
-0.032000
-0.002667
0.010000
0.025161
-0.002143
0.009600
0.022222
-0.031765
-0.029286
0.036800
0.010000
-0.050000
0.014667
-0.060000
-0.040000
0.008000
-0.020000
-0.023636
0.021429
-0.026250
-0.012857
0.024000
0.004444
-0.016800
0.023226
0.005385
-0.033333
-0.015000
-0.037143
-0.036000
0.026667
-0.026154
0.001333
0.026154
-0.011250
0.020000
0.013333
-0.038667
-0.010000
-0.005517
0.010769
-0.012903
-0.029286
0.036800
0.022222
-0.031765
-0.052174
0.023704
0.002581
-0.019375
-0.009655
0.012800
-0.008125
0.016129
0.001333
-0.017333
0.012857
0.001333
0.038571
0.013846
-0.021429
0.010000
-0.002667
-0.001250
-0.067143
-0.032000
0.010769
-0.012903
-0.010000
-0.005517
0.000714
-0.003529
-0.004800
-0.022759
-0.026250
-0.012857
0.024000
0.021429
0.012000
0.020000
0.069091
-0.011667
-0.010435
0.006667
0.000606
-0.006875
-0.004800
-0.022759
0.000714
-0.003529
-0.015000
-0.037143
-0.036000
-0.033333
0.006000
0.004000
0.004000
0.006207
0.009623
0.015200
0.000571
0.009020
-0.002752
0.006990
0.000198
0.017426
0.000909
-0.003366
0.013084
-0.001370
0.001541
0.011101
0.008951
0.007042
0.007781
0.003167
0.007932
0.004953
0.001664
-0.003373
-0.004241
-0.010301
0.000556
-0.008438
0.008219
-0.009538
0.029167
0.020606
0.022029
0.003333
0.008219
-0.009538
0.000556
-0.008438
-0.010423
-0.013846
-0.023478
0.024242
0.022029
0.003333
0.029167
0.020606
-0.023478
0.024242
-0.010423
-0.013846
0.000929
0.000896
0.000929
0.000896
0.006700
0.009524
0.006700
0.009524
-0.001997
0.004793
-0.001997
0.004793
-0.005313
-0.012381
-0.005313
-0.012381
0.025714
-0.019077
0.025714
-0.019077
-0.012381
-0.005313
-0.012381
-0.005313
-0.010769
0.020635
-0.010769
0.020635
-0.019077
0.025714
-0.019077
0.025714
0.020635
-0.010769
0.020635
-0.010769
