-0.002361
0.000147
0.001026
-0.007174
-0.009449
-0.003863
-0.002353
-0.003967
-0.529438
-0.528326
-0.528159
-0.527303
-0.168580
-0.168941
-0.176981
-0.176910
-0.166159
-0.161667
-0.169119
-0.164739
-0.579137
-0.567959
-0.569525
-0.577605
-0.175789
-0.195758
-0.158621
-0.188205
-0.004500
0.000000
-0.015517
0.016316
-0.158696
-0.166842
-0.172143
-0.155556
-0.030244
-0.000625
-0.032364
0.004286
0.194634
0.148824
0.148571
0.173559
0.155000
0.182353
0.168462
0.182162
-0.184400
-0.171515
-0.154706
-0.165172
-0.008627
-0.021765
0.001111
0.004815
-0.148980
-0.160976
-0.178621
-0.182909
-0.017551
0.018235
0.010526
0.011786
0.000392
-0.025455
-0.012414
0.012632
0.018824
0.000000
-0.017222
0.021569
0.088208
0.080814
0.081420
0.076557
0.079562
0.074419
0.077469
0.077508
0.310895
0.307048
0.306161
0.312742
0.071801
0.069505
0.078631
0.074771
0.173529
0.176522
0.175769
0.181786
-0.060571
-0.061429
-0.079655
-0.091698
0.076495
0.075070
0.077504
0.074357
0.181538
0.185926
0.146286
0.195429
-0.089600
-0.057500
-0.097143
-0.075385
0.307479
0.305664
0.304687
0.310841
-0.048276
-0.071250
-0.090303
-0.065714
-0.070667
-0.044545
-0.090000
-0.077222
0.163077
0.081667
0.145143
0.162703
-0.069091
-0.043333
-0.071724
-0.008649
0.125714
0.120000
0.138182
0.161333
-0.053939
-0.115000
-0.050323
-0.076757
-0.053333
-0.026364
-0.065000
-0.069508
-0.067742
-0.106000
-0.072857
-0.055625
-0.052830
-0.055429
-0.042692
-0.061600
0.244425
0.236981
0.223063
0.230604
-0.299633
-0.300588
-0.287080
-0.288317
0.043232
0.051008
0.054151
0.060242
0.300900
0.288924
0.288718
0.300268
-0.241346
-0.237366
-0.231696
-0.247149
0.211937
0.220683
0.220367
0.206952
0.019482
0.028629
0.022312
0.011913
0.043005
0.050417
0.048538
0.058895
0.045081
0.042069
0.026437
0.046782
-0.035833
-0.030345
-0.013846
-0.088333
-0.043226
-0.036364
-0.050526
-0.028800
0.004706
0.038182
0.033750
0.051333
-0.008696
0.068000
-0.010370
-0.006667
-0.029184
-0.056816
-0.051329
-0.041000
-0.027500
0.003636
-0.039394
-0.077000
-0.031111
-0.072000
-0.026667
-0.069333
0.020909
0.034286
0.062222
0.052222
0.001875
-0.041667
0.032000
0.016296
-0.197540
-0.195176
-0.195691
-0.195359
0.014118
-0.018000
0.000000
0.002069
0.030476
0.095652
0.046667
0.070000
0.013913
-0.048000
0.034194
0.017500
-0.007143
-0.014000
0.005161
0.017333
-0.060388
-0.045692
-0.051369
-0.057071
-0.020583
-0.021622
-0.029626
-0.021949
-0.202791
-0.214961
-0.209780
-0.224481
0.198583
0.202913
0.194898
0.197228
0.044521
0.046504
0.049900
0.039916
-0.032813
-0.032764
-0.049787
-0.040457
-0.008333
-0.004706
-0.015000
-0.036667
-0.059600
-0.004528
-0.040625
-0.063571
0.051333
0.040741
0.038605
0.045641
-0.003750
0.006667
0.036000
-0.001111
0.025556
0.006250
0.014118
0.045882
-0.017091
0.014211
-0.007273
-0.017368
0.058182
0.117647
0.031667
0.070000
-0.032083
-0.015600
-0.029091
0.002963
0.046667
0.025098
0.059070
0.053778
-0.041818
-0.006667
0.000000
-0.015385
0.087500
0.046316
0.005333
0.007059
0.010182
-0.018462
-0.035758
0.008500
0.011090
0.034615
0.017698
0.022277
0.050427
0.052713
0.053964
0.050650
0.211881
0.225234
0.213839
0.217921
-0.039449
-0.050880
-0.036737
-0.041900
-0.183398
-0.174355
-0.187983
-0.179563
0.037121
0.034531
0.032308
0.033025
0.004839
0.002222
-0.024091
-0.026383
0.022222
-0.038095
0.008000
0.002500
-0.058462
-0.002857
-0.035455
-0.072500
0.021923
0.010943
-0.012414
0.000588
0.021091
0.036981
0.037273
0.045714
0.045455
0.010000
0.058000
0.038462
-0.055593
-0.041081
-0.053103
-0.050732
0.000000
0.021905
-0.024000
-0.038824
-0.024000
-0.011000
-0.066667
-0.051250
-0.002951
0.018421
-0.005882
0.037436
-0.053191
-0.042083
-0.025625
-0.062000
0.061818
0.057143
0.072000
-0.010769
-0.015179
-0.037596
-0.032793
-0.031183
-0.216042
-0.209064
-0.217989
-0.213483
-0.044456
-0.060000
-0.052090
-0.063825
0.036452
0.045075
0.040575
0.051620
0.094444
0.022000
0.058125
0.071429
0.041667
0.096000
0.056552
0.051000
-0.051579
-0.014667
-0.047143
-0.053846
0.010286
-0.020000
-0.026250
0.000625
-0.044043
-0.040690
-0.044382
-0.030000
0.045000
0.030909
0.046667
0.039429
0.025000
0.060800
0.014000
0.006154
-0.021176
-0.072000
-0.031613
-0.012308
-0.017000
-0.014000
0.004000
-0.017500
0.184870
0.165644
0.177253
0.183111
0.003200
-0.020000
-0.011250
0.026154
0.000000
-0.070000
-0.020606
-0.055385
0.026061
0.030909
0.000000
-0.007586
-0.052632
-0.033600
-0.065882
-0.028750
-0.291077
-0.288465
-0.287333
-0.303743
-0.054439
-0.055319
-0.059108
-0.050182
0.250558
0.240085
0.253248
0.243558
-0.265094
-0.241200
-0.260000
-0.257059
0.058349
0.043883
0.061980
0.053069
0.298909
0.284950
0.300748
0.307534
0.088208
0.080814
0.081420
0.076557
0.079562
0.074419
0.077469
0.077508
0.310895
0.307048
0.306161
0.312742
0.173529
0.176522
0.175769
0.181786
-0.060571
-0.061429
-0.079655
-0.091698
0.181538
0.185926
0.146286
0.195429
-0.089600
-0.057500
-0.097143
-0.075385
-0.048276
-0.071250
-0.090303
-0.065714
-0.070667
-0.044545
-0.090000
-0.077222
0.024923
0.030159
0.035765
0.017260
-0.004545
-0.009538
-0.004235
0.000882
0.163077
0.081667
0.145143
0.162703
0.009091
-0.011290
-0.024706
-0.013333
-0.069091
-0.043333
-0.071724
-0.008649
-0.001299
-0.002462
-0.006567
0.013412
0.014286
0.018261
0.016000
0.033182
-0.000278
-0.046769
-0.026429
-0.027397
-0.018684
-0.002857
-0.030930
-0.026818
0.125714
0.120000
0.138182
0.161333
-0.053939
-0.115000
-0.050323
-0.076757
0.008889
0.015161
0.021212
0.005517
-0.125000
-0.131077
-0.120964
-0.121978
-0.130882
-0.121212
-0.120235
-0.132394
-0.015122
-0.016129
0.009302
-0.002921
-0.053333
-0.026364
-0.065000
-0.069508
-0.030769
0.000313
-0.013731
-0.008837
-0.067742
-0.106000
-0.072857
-0.055625
0.128980
0.136585
0.166545
0.148525
0.017551
0.004762
0.007170
0.003000
0.124583
0.128511
0.130169
0.125970
-0.004314
0.053000
0.003704
0.029836
0.082222
0.075000
0.065806
0.042727
0.070638
0.058500
0.058000
0.052333
0.128810
0.104130
0.125195
0.106750
0.040000
0.070000
-0.020000
0.056000
-0.016000
0.000000
0.060000
-0.022000
-0.038000
0.035714
0.030909
-0.047273
-0.022000
0.000000
0.013333
0.000000
0.019070
0.014255
0.019718
0.008675
0.018333
-0.018182
0.041818
0.010000
0.012000
0.009091
-0.018182
0.044000
0.008000
-0.022308
-0.027143
0.010000
0.024000
-0.018667
-0.012727
0.025455
0.130889
0.130976
0.134286
0.131667
-0.030000
0.004000
0.004000
0.040000
-0.032500
0.001739
0.003750
0.054000
0.007273
-0.002000
-0.006154
0.002667
-0.036000
-0.054000
-0.076364
0.024000
0.028974
0.009512
0.022059
0.031667
-0.018000
-0.010909
0.016364
-0.004000
0.025455
0.027273
0.066000
0.004000
0.000000
-0.002500
-0.018667
-0.005455
0.036000
0.004000
0.028333
-0.023636
0.041538
0.063659
0.044923
0.064225
0.056000
0.023333
0.016250
0.012308
0.021176
0.005600
0.025263
-0.028333
-0.064000
0.002000
-0.080000
-0.076000
-0.024000
0.022000
0.021818
0.010769
0.047160
0.056962
0.036333
0.041039
-0.025333
0.060833
0.052727
0.035000
0.041818
0.013846
-0.024000
0.026667
-0.030000
0.018000
-0.025455
-0.010909
0.014545
-0.018000
0.047273
0.035385
-0.008000
0.032308
0.024286
0.023077
-0.065185
-0.014545
-0.027273
-0.020000
0.002000
0.009231
0.030000
-0.043636
0.022000
-0.026000
-0.066000
-0.007273
0.012000
-0.038182
0.030769
0.030000
0.007500
-0.032308
-0.032308
-0.013000
0.001818
0.010000
0.004000
-0.028000
-0.005000
0.041429
0.021667
0.036000
0.030000
0.048333
-0.036667
-0.002000
0.029091
0.024000
0.042000
-0.052000
-0.074000
0.049091
-0.026000
0.000000
-0.007500
0.017333
0.023077
-0.025000
0.011538
-0.032000
0.001176
0.013043
0.058182
-0.012000
0.026000
0.060000
0.000000
0.030000
-0.018182
-0.043636
-0.012000
0.009231
0.030000
0.083333
-0.002000
-0.029231
-0.032000
0.030769
0.030000
0.032727
0.012000
0.014000
-0.005000
0.001250
0.020000
0.042857
0.032000
0.009091
-0.014000
0.030000
0.020000
0.018000
0.000000
0.022000
-0.030909
-0.008333
0.005000
0.064000
-0.011429
0.035000
0.012941
0.043000
-0.014000
0.044000
0.012000
-0.004615
-0.002361
0.000147
0.001026
-0.007174
-0.009449
-0.003863
-0.002353
-0.003967
-0.529438
-0.528326
-0.528159
-0.527303
-0.168580
-0.168941
-0.176981
-0.176910
-0.166159
-0.161667
-0.169119
-0.164739
-0.579137
-0.567959
-0.569525
-0.577605
0.014172
0.015024
0.012684
0.016611
0.071801
0.069505
0.078631
0.074771
0.011763
0.021383
0.022411
0.014575
0.076495
0.075070
0.077504
0.074357
-0.334770
-0.330237
-0.334642
-0.337224
0.307479
0.305664
0.304687
0.310841
0.003166
-0.000797
0.001211
-0.002247
-0.130145
-0.126769
-0.117353
-0.140000
-0.022647
-0.027273
-0.015072
-0.031304
0.003770
-0.000353
-0.002938
-0.000621
-0.120857
-0.125507
-0.121096
-0.131692
-0.015152
-0.042769
-0.046462
-0.008308
-0.333924
-0.325890
-0.328690
-0.327081
0.011765
0.020000
0.008060
0.022769
0.016765
-0.004118
0.010303
0.014545
-0.129545
-0.136364
-0.129057
-0.137143
-0.027273
-0.044286
-0.001667
0.000000
0.003636
0.053846
0.080000
-0.004000
-0.010000
0.024286
-0.006000
0.004615
0.022000
0.014737
0.042667
-0.018182
0.001739
0.008400
0.033962
0.005600
-0.027273
-0.029091
0.010000
-0.041538
0.010000
-0.032857
-0.016000
0.003636
0.010000
0.011111
0.018667
0.016000
-0.020000
-0.029231
0.012000
0.030909
-0.130612
-0.148696
-0.123137
-0.089508
-0.016000
-0.037143
-0.064000
-0.040000
-0.004000
-0.041176
0.018824
-0.034000
-0.009091
0.030909
-0.005000
-0.041667
-0.014000
0.035385
0.074000
0.012000
0.005455
-0.006087
-0.006667
0.024681
0.056000
-0.022000
-0.004000
0.002000
-0.054545
0.021818
-0.081818
0.029091
-0.032727
-0.018947
0.022667
0.010667
-0.038182
0.021538
0.008000
-0.011667
-0.016000
-0.044255
-0.043273
-0.021509
-0.020000
-0.008333
-0.032000
0.013846
-0.060000
-0.028889
0.024444
-0.034000
0.010000
0.010000
0.040000
-0.012000
0.018182
0.083636
0.010909
-0.053333
-0.053913
-0.032889
-0.040755
-0.012917
-0.002000
-0.032941
0.004286
-0.025000
-0.038182
-0.004615
-0.008000
0.036364
0.032000
0.050000
0.046000
-0.016364
0.023636
-0.004000
0.028333
-0.030769
0.034545
-0.007692
-0.066154
-0.034286
0.016000
-0.021818
-0.030000
0.018000
0.010000
0.043077
0.052000
-0.023333
0.038947
0.022000
-0.014000
-0.016667
-0.046000
-0.006154
-0.015385
-0.080000
-0.029091
-0.040000
-0.028000
-0.012727
0.005000
-0.046000
0.020000
-0.007000
0.044000
-0.018462
0.028000
0.014000
-0.012000
-0.013333
-0.016000
-0.062000
0.010000
0.000000
0.026154
0.012632
-0.064000
-0.029231
-0.048333
0.047143
-0.004000
0.042000
-0.070000
-0.058182
0.025455
0.005455
-0.038000
-0.005455
-0.014545
-0.038333
0.005000
0.000000
-0.020000
0.018000
-0.031667
0.010526
0.020000
0.021667
-0.010000
-0.001667
0.026000
-0.087692
0.050000
0.053333
-0.034118
-0.004286
0.029333
0.038750
-0.028000
0.006000
-0.046000
-0.023333
0.000000
0.030000
0.020000
0.000000
0.006667
0.054545
0.026154
0.012632
-0.010000
0.015000
0.032000
-0.028000
0.028000
0.038000
-0.087273
-0.043077
0.000000
0.010000
0.060000
0.003333
-0.175789
-0.195758
-0.158621
-0.188205
-0.004500
0.000000
-0.015517
0.016316
-0.158696
-0.166842
-0.172143
-0.155556
-0.030244
-0.000625
-0.032364
0.004286
0.194634
0.148824
0.148571
0.173559
0.155000
0.182353
0.168462
0.182162
-0.028462
-0.017600
-0.027632
-0.042989
0.037027
0.034568
0.030000
0.025977
0.005647
-0.004412
-0.009859
0.031646
-0.184400
-0.171515
-0.154706
-0.165172
0.047200
0.044118
0.048696
0.038500
-0.008627
-0.021765
0.001111
0.004815
-0.042353
-0.023855
-0.032987
-0.022432
0.015000
0.030270
0.026301
0.007536
-0.148980
-0.160976
-0.178621
-0.182909
0.009268
0.011765
0.021647
0.008675
0.056316
0.072353
0.060000
0.051795
-0.017551
0.018235
0.010526
0.011786
0.055211
0.070541
0.061067
0.034203
0.065634
0.069231
0.063836
0.061892
0.000392
-0.025455
-0.012414
0.012632
0.006265
-0.032055
0.004250
-0.013012
0.018824
0.000000
-0.017222
0.021569
-0.015250
-0.026667
-0.006765
-0.024474
-0.033864
-0.044000
-0.044114
-0.024800
-0.019657
-0.001609
-0.006322
-0.010971
-0.034798
-0.044023
-0.043182
-0.050341
-0.052830
-0.055429
-0.042692
-0.061600
0.244425
0.236981
0.223063
0.230604
-0.299633
-0.300588
-0.287080
-0.288317
-0.015179
-0.037596
-0.032793
-0.031183
-0.216042
-0.209064
-0.217989
-0.213483
-0.044456
-0.060000
-0.052090
-0.063825
0.036452
0.045075
0.040575
0.051620
0.094444
0.022000
0.058125
0.071429
0.041667
0.096000
0.056552
0.051000
-0.051579
-0.014667
-0.047143
-0.053846
0.010286
-0.020000
-0.026250
0.000625
-0.044043
-0.040690
-0.044382
-0.030000
0.045000
0.030909
0.046667
0.039429
0.025000
0.060800
0.014000
0.006154
-0.021176
-0.072000
-0.031613
-0.012308
-0.017000
-0.014000
0.004000
-0.017500
0.184870
0.165644
0.177253
0.183111
0.003200
-0.020000
-0.011250
0.026154
0.000000
-0.070000
-0.020606
-0.055385
0.026061
0.030909
0.000000
-0.007586
-0.052632
-0.033600
-0.065882
-0.028750
-0.060388
-0.045692
-0.051369
-0.057071
-0.020583
-0.021622
-0.029626
-0.021949
-0.202791
-0.214961
-0.209780
-0.224481
0.003372
-0.002842
-0.002174
-0.006024
-0.199579
-0.205363
-0.196229
-0.196049
0.198583
0.202913
0.194898
0.197228
0.007977
0.010769
0.011397
0.016024
0.004574
0.011018
0.011860
0.000870
0.044521
0.046504
0.049900
0.039916
0.223607
0.227500
0.229255
0.227019
0.019896
0.023086
0.021767
0.018523
-0.032813
-0.032764
-0.049787
-0.040457
0.017143
0.041538
0.020714
0.052143
0.053600
0.066400
0.044444
0.030000
0.020000
-0.026250
-0.012000
0.002500
-0.023571
0.013125
0.019231
-0.017037
0.001111
-0.007500
-0.006667
0.004348
0.024615
0.019167
-0.011667
-0.000800
0.017419
0.020690
-0.004118
-0.017778
-0.002500
0.025333
0.020000
-0.005263
0.100800
0.034286
0.080000
0.090435
0.010000
0.064444
0.075172
0.056667
-0.010000
0.015714
-0.003529
0.007059
0.024138
-0.020000
-0.023871
-0.016296
-0.016000
-0.012000
-0.006923
0.028966
-0.023077
-0.022143
0.031111
0.006154
-0.003636
0.024000
0.025455
0.005000
0.005714
-0.012727
0.018462
-0.015556
0.036000
0.019231
0.004000
0.036522
-0.026923
-0.010400
-0.039231
-0.008889
-0.008571
0.036970
0.021714
0.019231
0.066000
0.010909
0.036364
0.023333
0.093548
0.037273
0.048889
0.072500
0.005333
-0.005333
-0.006154
-0.017895
0.006250
0.010000
-0.013750
0.035294
0.004444
-0.010000
-0.000667
0.008462
0.002000
0.046154
0.028000
0.013750
0.013333
0.021481
0.047097
-0.008800
-0.015556
0.013333
-0.011515
-0.025625
0.057333
0.000000
-0.010667
0.029333
-0.022069
-0.030000
-0.009231
0.014286
0.056000
0.010000
0.004000
0.016000
-0.022000
0.004000
-0.032000
-0.022000
0.000000
-0.024000
0.036000
0.006000
-0.021667
0.000000
-0.050000
0.030000
0.002667
0.000000
0.007500
0.004167
0.014000
-0.018000
0.056000
0.008000
-0.016000
0.006000
0.000000
-0.016000
0.004000
0.026000
0.006000
0.038000
0.052000
0.028000
-0.018000
-0.002000
-0.017500
-0.059167
-0.056154
-0.039231
-0.020000
-0.008000
-0.014000
-0.014000
0.020000
-0.014545
0.014000
-0.050000
0.028000
0.036000
0.026000
0.007273
-0.050000
-0.050000
-0.020000
-0.074000
0.015652
-0.003478
0.028421
0.061600
-0.006000
-0.032000
0.030000
-0.032000
-0.006000
-0.010000
-0.020000
0.006000
-0.036000
-0.046000
-0.034000
-0.058000
-0.068000
-0.022000
0.068000
0.004000
0.016000
0.041333
0.011250
-0.026250
0.014286
0.012857
-0.039286
0.006452
-0.008000
-0.016000
-0.023636
-0.025000
0.037037
-0.002308
-0.027333
-0.026087
-0.060000
-0.026957
0.003333
-0.058261
-0.028000
0.004000
-0.010000
-0.108000
-0.024000
-0.008333
-0.002000
0.074000
-0.012000
0.010000
0.002000
0.046000
-0.016000
-0.052000
0.024000
-0.028000
-0.050000
-0.019286
0.001379
-0.015556
-0.034000
-0.001818
-0.018000
-0.048000
0.008000
-0.038000
-0.004000
-0.034000
0.002000
-0.022000
0.098000
-0.006000
0.023636
0.009091
0.078000
-0.010000
-0.060000
-0.026429
-0.040000
-0.029231
-0.021818
-0.004000
0.012000
0.040000
-0.080000
0.012000
-0.002000
0.044000
0.082000
-0.034000
-0.030000
0.012000
0.060000
-0.022000
0.004000
-0.004000
0.023750
0.000000
-0.015000
0.019091
0.002000
0.002000
0.020000
0.042000
0.000000
0.050000
0.086000
0.028000
-0.002000
0.026000
0.048000
0.020000
0.092000
0.006000
0.046000
0.010000
-0.031034
-0.062759
-0.020606
-0.038065
0.058000
-0.007273
0.028000
-0.014545
-0.054286
-0.038824
-0.004000
-0.045000
-0.015429
0.027143
0.007200
0.000667
-0.046250
0.000800
-0.001481
0.004348
-0.042000
0.000000
-0.014000
-0.008000
-0.028000
0.026000
-0.018000
0.026000
0.008000
0.016000
-0.030000
0.014000
-0.046000
0.006000
0.002000
-0.056000
-0.018621
-0.014000
0.000000
0.003077
0.026000
0.024000
-0.018000
0.040000
-0.036667
-0.016000
-0.034000
0.014000
-0.012000
-0.060000
0.004000
0.004000
-0.090000
-0.094000
-0.038000
-0.030000
-0.022400
-0.005000
0.030000
-0.011613
0.000000
0.002000
-0.016000
0.030000
0.022000
-0.022000
-0.004000
-0.004000
0.074000
-0.014000
-0.022000
-0.012000
0.048000
-0.005000
-0.014000
0.002000
0.039130
0.005217
0.022308
0.025185
-0.034000
0.068000
0.018000
-0.002000
-0.018000
-0.046000
-0.022000
0.052000
0.004000
-0.050909
0.006000
-0.018000
-0.018000
0.016000
-0.002000
-0.026000
0.011090
0.034615
0.017698
0.022277
0.050427
0.052713
0.053964
0.050650
0.211881
0.225234
0.213839
0.217921
0.001387
-0.007807
-0.010215
0.000736
-0.006105
0.000231
-0.009524
-0.018916
-0.039449
-0.050880
-0.036737
-0.041900
-0.007486
-0.000212
-0.004560
0.010732
0.190000
0.178652
0.197500
0.190405
-0.183398
-0.174355
-0.187983
-0.179563
-0.227816
-0.227174
-0.225208
-0.223614
-0.007742
-0.019310
-0.012874
-0.033054
0.037121
0.034531
0.032308
0.033025
-0.030588
-0.142500
-0.080000
-0.100870
-0.061429
-0.086154
-0.092381
-0.065833
0.010000
-0.008000
0.006857
0.002069
-0.013333
0.006667
-0.014286
-0.006250
-0.006897
-0.008000
0.013077
0.012667
-0.005217
0.010833
-0.032727
-0.010000
0.008333
-0.016667
0.028421
0.001429
-0.018667
0.000000
0.004615
-0.020741
-0.044615
-0.075000
-0.050000
-0.035200
-0.068889
-0.029231
-0.062857
-0.032857
0.014667
0.005714
0.031111
0.005385
-0.067273
0.025000
0.036000
-0.011429
0.002667
-0.023750
0.024286
-0.055556
-0.023333
0.038182
0.013333
0.008182
-0.050345
-0.041538
-0.009091
-0.031852
-0.002500
0.027143
-0.020000
0.047500
-0.015333
-0.035238
-0.012727
-0.051667
-0.046667
-0.029412
0.003704
-0.086667
0.013333
-0.009333
0.011250
0.010000
-0.021333
-0.016000
-0.004516
0.020800
-0.020000
-0.020769
-0.055833
-0.021429
0.008889
0.001538
0.047407
0.014667
-0.013793
-0.002941
-0.000714
-0.017500
-0.065455
-0.020000
-0.024000
-0.012857
-0.001667
0.018462
0.021714
0.003529
-0.032000
0.036667
0.052000
-0.005714
0.074000
-0.001818
0.032222
0.001538
-0.036000
-0.015862
-0.006154
-0.040714
0.030400
0.060000
0.064800
0.046400
0.032000
-0.040000
-0.021818
-0.036000
-0.004000
-0.008000
0.020000
-0.012000
-0.048000
0.028000
0.000000
-0.010000
-0.030000
-0.066000
-0.028000
-0.036364
0.060000
0.028800
0.022105
0.025600
0.030000
-0.038333
-0.010000
0.070000
0.044000
0.026000
0.054000
0.038000
0.054000
0.000000
-0.004000
-0.042000
-0.042000
-0.038000
-0.050000
0.014000
0.035333
0.020000
0.057600
-0.002400
-0.014000
-0.012000
0.030000
0.016000
0.016000
-0.020000
-0.018000
-0.050000
0.072000
-0.098000
0.024000
0.012000
-0.042000
-0.008000
-0.054000
-0.026000
-0.013750
-0.042105
0.039000
-0.021600
-0.044000
-0.008000
-0.008000
-0.072000
0.034000
-0.066000
0.032000
-0.012000
0.038000
-0.006000
-0.054000
-0.046000
-0.090000
-0.034000
-0.038000
-0.002000
-0.016296
0.001379
-0.007742
-0.018710
-0.010000
0.010000
-0.012000
-0.018000
0.018286
0.000769
0.015556
0.001333
-0.018667
-0.011579
-0.033333
-0.061333
0.010000
-0.026667
0.028571
0.011538
-0.020000
0.000000
-0.026000
-0.014000
0.032000
0.030000
0.048000
-0.026000
0.020000
0.044000
0.008000
-0.024000
-0.028000
-0.048000
-0.008000
0.000000
0.025926
-0.014483
-0.046154
-0.001667
0.076000
0.084000
0.014000
-0.034000
-0.014000
-0.024000
-0.024000
-0.070000
0.004000
0.052000
-0.056000
-0.050000
0.010000
-0.002000
0.020000
0.046000
0.006923
0.020769
0.031200
0.062143
0.034000
0.020000
0.002000
0.023636
0.026000
-0.034000
0.002000
0.042000
0.032000
0.052000
0.028000
-0.022000
-0.056000
0.040000
-0.008000
0.006000
-0.063200
-0.020000
-0.014286
-0.010968
-0.052000
-0.036000
0.060000
-0.014000
-0.004000
0.022000
0.002000
0.060000
-0.002000
-0.010909
0.028000
-0.004000
0.010000
0.012000
-0.018000
0.026000
0.068571
0.035294
0.062857
0.066667
-0.008000
-0.018519
0.028148
-0.045333
0.030833
0.031034
0.047586
0.020000
-0.052000
-0.010000
-0.058000
-0.032727
-0.026316
-0.016000
0.021818
0.001667
0.056000
-0.012000
0.022000
-0.004000
-0.004000
-0.031667
-0.002000
-0.066000
0.004000
0.016000
0.052000
0.028000
0.004000
-0.002000
0.014000
0.018000
0.008462
0.002963
0.000741
0.025000
-0.028000
0.014000
0.006000
-0.006000
0.008000
-0.016000
-0.024000
-0.009231
0.026000
0.002000
0.032000
-0.014000
0.006000
0.012000
-0.030000
0.048000
-0.002667
0.041000
0.011429
-0.016800
0.006000
-0.022000
-0.032000
-0.046000
-0.030000
0.040000
0.058000
0.056000
0.020000
0.026000
-0.046000
0.010000
-0.002000
-0.004000
0.042000
0.016000
-0.028889
-0.012857
0.041538
-0.000833
0.005455
0.024000
-0.018000
0.038000
0.014000
-0.090000
-0.006000
-0.012000
0.008000
0.028000
0.018000
0.010000
0.042000
-0.004000
0.038000
-0.002000
0.211937
0.220683
0.220367
0.206952
0.019482
0.028629
0.022312
0.011913
0.043005
0.050417
0.048538
0.058895
0.045081
0.042069
0.026437
0.046782
-0.035833
-0.030345
-0.013846
-0.088333
-0.043226
-0.036364
-0.050526
-0.028800
0.004706
0.038182
0.033750
0.051333
-0.008696
0.068000
-0.010370
-0.006667
-0.029184
-0.056816
-0.051329
-0.041000
-0.027500
0.003636
-0.039394
-0.077000
-0.031111
-0.072000
-0.026667
-0.069333
0.020909
0.034286
0.062222
0.052222
0.001875
-0.041667
0.032000
0.016296
-0.197540
-0.195176
-0.195691
-0.195359
0.014118
-0.018000
0.000000
0.002069
0.030476
0.095652
0.046667
0.070000
0.013913
-0.048000
0.034194
0.017500
-0.007143
-0.014000
0.005161
0.017333
-0.265094
-0.241200
-0.260000
-0.257059
0.058349
0.043883
0.061980
0.053069
0.298909
0.284950
0.300748
0.307534
0.016879
0.012360
0.016313
0.000571
0.036744
0.016914
0.028268
0.017600
0.030520
0.038629
0.046517
0.044091
0.088208
0.080814
0.081420
0.076557
0.079562
0.074419
0.077469
0.077508
0.310895
0.307048
0.306161
0.312742
-0.002361
0.000147
0.001026
-0.007174
-0.009449
-0.003863
-0.002353
-0.003967
-0.529438
-0.528326
-0.528159
-0.527303
-0.168580
-0.168941
-0.176981
-0.176910
-0.166159
-0.161667
-0.169119
-0.164739
-0.579137
-0.567959
-0.569525
-0.577605
-0.028462
-0.017600
-0.027632
-0.042989
0.037027
0.034568
0.030000
0.025977
0.128980
0.136585
0.166545
0.148525
0.005647
-0.004412
-0.009859
0.031646
0.017551
0.004762
0.007170
0.003000
0.047200
0.044118
0.048696
0.038500
-0.042353
-0.023855
-0.032987
-0.022432
0.015000
0.030270
0.026301
0.007536
0.124583
0.128511
0.130169
0.125970
0.009268
0.011765
0.021647
0.008675
-0.004314
0.053000
0.003704
0.029836
0.056316
0.072353
0.060000
0.051795
0.055211
0.070541
0.061067
0.034203
0.065634
0.069231
0.063836
0.061892
0.082222
0.075000
0.065806
0.042727
0.006265
-0.032055
0.004250
-0.013012
0.070638
0.058500
0.058000
0.052333
-0.015250
-0.026667
-0.006765
-0.024474
0.005000
0.037313
0.009706
0.043571
0.017313
0.023514
0.014375
0.001667
0.021918
0.014915
0.038750
0.032143
-0.006154
0.017091
0.003729
-0.002222
-0.038437
-0.016429
-0.004590
-0.033214
-0.001212
-0.032333
-0.009206
-0.048966
-0.031343
0.000000
-0.003077
-0.029855
0.004000
-0.052000
0.029091
-0.010000
-0.022000
-0.026000
-0.058000
-0.020000
-0.018000
-0.003077
0.004000
-0.010000
-0.007778
0.004545
-0.002000
0.012727
0.012286
-0.012958
-0.011875
-0.001471
0.010000
0.056000
-0.092000
-0.006000
0.040000
0.000000
0.063636
0.006000
0.034444
0.007619
0.026154
-0.014000
-0.026000
-0.013333
-0.003636
-0.020000
0.004000
-0.001818
-0.094000
-0.007273
0.053333
0.076364
0.018182
-0.008000
-0.020000
0.007692
0.011429
0.003636
0.028000
0.004000
0.018182
0.006154
-0.068000
0.046000
-0.016000
-0.012727
0.036000
-0.026000
0.028000
0.016667
0.016000
-0.026000
0.004000
-0.014000
-0.018000
-0.010000
0.028000
-0.044000
-0.018000
0.034545
-0.066000
-0.049091
-0.016667
-0.028000
-0.007273
-0.018000
0.016364
-0.020000
-0.023077
-0.027692
-0.026400
0.050000
0.007273
-0.008571
0.064000
-0.010000
-0.025455
-0.028333
-0.014545
-0.004000
0.028000
-0.048000
0.026000
-0.029091
0.000000
0.026000
-0.046000
-0.020000
-0.038000
0.012000
-0.009296
-0.011343
-0.005161
-0.025614
-0.054000
-0.032857
-0.003750
0.013333
0.001250
0.012632
0.005000
-0.020000
-0.014000
0.016000
-0.026000
0.004000
-0.014000
0.058000
-0.026000
-0.008000
0.008889
0.001471
0.010690
-0.006667
0.022000
-0.038000
0.000000
0.016667
-0.014000
-0.044000
0.027273
0.056000
-0.058824
-0.027000
0.000000
-0.023636
0.018000
-0.029412
0.034545
-0.024000
-0.023333
-0.016000
-0.030909
-0.062000
0.012000
0.001818
-0.026000
0.010000
-0.052000
0.029091
-0.010000
0.004000
-0.030909
-0.008000
-0.026000
0.032000
-0.040000
-0.005000
0.028000
-0.084000
0.050000
-0.025455
0.036364
0.020000
-0.003636
0.005455
0.050909
0.000000
0.050400
0.064000
0.010769
0.010769
-0.018182
0.025000
0.025455
-0.005000
-0.008000
-0.070909
0.014000
-0.054000
-0.024348
-0.004000
0.010000
0.015714
0.023636
-0.016000
0.023636
-0.027273
-0.048000
-0.032000
-0.016364
0.018462
-0.020000
-0.002000
0.066000
-0.028000
0.022000
-0.006000
0.032000
0.056000
-0.006000
-0.022000
-0.080000
-0.078000
-0.044286
-0.066667
-0.033898
-0.067586
0.020000
0.007143
0.007500
0.032727
-0.036250
-0.026316
-0.025333
-0.012857
0.022000
0.018000
0.072000
0.030909
0.012000
-0.046000
-0.020000
-0.038000
-0.041714
-0.038095
-0.041905
-0.059298
0.013750
-0.085263
-0.062000
-0.084000
-0.006000
0.012308
0.010000
0.004000
0.050000
-0.010909
0.022000
0.065455
-0.078000
-0.006000
-0.022000
-0.080000
0.023636
0.027273
0.036000
-0.026000
0.018000
0.012727
0.016000
-0.011667
0.056000
-0.092000
-0.006000
0.010000
0.022000
0.008000
0.058000
-0.050000
0.027273
0.010000
0.058182
0.064000
-0.010000
-0.048333
0.006000
-0.068000
0.035000
0.056000
0.016667
0.025000
0.007273
-0.084000
0.036000
-0.034545
0.000000
-0.054000
0.012727
-0.021667
-0.029091
-0.040000
-0.016000
-0.038000
-0.034000
0.002000
0.048000
-0.040000
-0.044000
0.027273
0.056000
-0.014000
0.003333
0.010000
-0.010909
0.045000
0.004000
-0.016364
-0.028000
-0.008000
-0.035833
0.004000
-0.030588
-0.002353
-0.023636
-0.028000
-0.088000
0.026667
0.014172
0.015024
0.012684
0.016611
0.011763
0.021383
0.022411
0.014575
-0.334770
-0.330237
-0.334642
-0.337224
-0.002786
0.007894
-0.002786
0.007894
0.003166
-0.000797
0.001211
-0.002247
0.024923
0.030159
0.035765
0.017260
-0.004545
-0.009538
-0.004235
0.000882
-0.130145
-0.126769
-0.117353
-0.140000
0.009091
-0.011290
-0.024706
-0.013333
-0.022647
-0.027273
-0.015072
-0.031304
-0.001299
-0.002462
-0.006567
0.013412
-0.000498
0.003350
-0.000498
0.003350
0.003770
-0.000353
-0.002938
-0.000621
0.014286
0.018261
0.016000
0.033182
-0.000278
-0.046769
-0.026429
-0.027397
-0.120857
-0.125507
-0.121096
-0.131692
-0.018684
-0.002857
-0.030930
-0.026818
-0.015152
-0.042769
-0.046462
-0.008308
0.008889
0.015161
0.021212
0.005517
0.341331
0.332992
0.341331
0.332992
-0.333924
-0.325890
-0.328690
-0.327081
-0.125000
-0.131077
-0.120964
-0.121978
-0.130882
-0.121212
-0.120235
-0.132394
0.011765
0.020000
0.008060
0.022769
-0.015122
-0.016129
0.009302
-0.002921
0.016765
-0.004118
0.010303
0.014545
-0.030769
0.000313
-0.013731
-0.008837
-0.041231
-0.004118
-0.045263
-0.010476
-0.013636
-0.003235
0.010508
-0.008525
-0.002857
-0.011852
-0.035593
-0.018276
-0.012381
-0.011321
-0.017037
-0.004746
-0.009538
0.010385
0.020357
0.004211
0.011111
0.006296
0.024138
0.010000
0.037460
0.021935
0.019298
0.001887
-0.016000
0.002000
-0.016364
-0.032000
0.003636
0.022000
-0.008000
0.020000
-0.056000
-0.054000
-0.042000
-0.010000
0.000000
0.013000
-0.041538
-0.018462
0.004444
0.025397
0.009286
0.000000
0.030000
0.020000
-0.010000
-0.020000
-0.072000
-0.016000
0.012000
0.002000
0.014545
0.037778
-0.043077
-0.029091
0.038000
-0.018000
0.072000
0.030000
0.062000
-0.014000
0.062000
-0.014000
-0.012000
0.034000
0.004000
-0.014000
-0.014000
-0.032000
-0.006667
-0.028000
-0.060000
0.014000
-0.016364
0.012000
-0.006250
0.007692
0.019091
0.061333
0.016000
-0.036000
0.020000
0.050000
-0.038182
-0.010000
-0.038000
0.010000
-0.016923
0.052000
-0.021818
-0.040000
0.004000
0.044000
0.004000
0.044000
-0.012000
-0.004000
0.000000
-0.008000
0.008000
0.056000
-0.066667
0.020000
0.004000
0.032000
0.005455
-0.024000
0.016000
0.042000
0.018000
0.062000
0.065333
0.065000
0.036364
0.041176
0.000000
-0.036364
0.030909
-0.062857
0.014545
0.062000
0.070000
0.110000
0.007647
0.017705
0.012414
0.024776
-0.012000
0.032000
0.031667
-0.038000
-0.038333
0.000000
-0.020000
0.041667
-0.060000
-0.056000
-0.022000
0.060000
0.036000
-0.012000
0.006000
0.058000
0.027463
0.015077
0.014182
0.037091
-0.104000
0.022000
0.012000
-0.046000
-0.024000
-0.070000
0.018000
-0.006000
0.040000
0.033684
0.049231
-0.011250
0.024000
0.048333
0.012000
0.036000
0.036471
0.055714
-0.003478
0.004444
-0.018000
0.006000
-0.032000
0.016000
0.016364
0.002000
0.020000
-0.028000
-0.030000
0.008571
-0.012308
-0.058667
0.062000
0.072000
0.062000
0.072000
-0.024000
-0.026000
0.024000
0.008000
-0.056000
-0.012000
-0.030909
-0.022000
0.048000
0.020000
0.070000
0.002000
0.000000
-0.008000
-0.012000
-0.004000
-0.040000
0.042000
-0.040000
0.042000
-0.010000
0.008000
0.012000
0.030000
0.018000
0.044000
0.012727
0.054000
-0.038000
-0.030000
-0.030000
-0.078000
0.085714
0.047059
0.042609
0.058667
0.010909
-0.008000
-0.023077
-0.011111
0.036000
0.056000
0.064000
0.050000
0.012174
0.017879
0.025263
0.024722
-0.022000
-0.003636
0.070909
0.022000
0.020000
0.014737
0.009412
-0.001667
0.012000
-0.006000
-0.046000
-0.006000
0.006000
-0.046000
-0.014000
-0.002000
0.026562
0.017460
0.032143
0.013846
0.038000
0.053000
-0.035000
0.013333
0.026000
-0.034545
-0.008000
-0.030000
-0.002000
-0.008000
-0.016364
0.020000
-0.018000
-0.028000
-0.038000
-0.010000
-0.008750
-0.010000
0.001818
0.022105
-0.012000
-0.002000
-0.038000
-0.024000
-0.034545
0.042000
-0.056000
-0.076364
-0.010769
-0.027143
0.004615
-0.007500
0.024000
0.008000
-0.024000
-0.026000
0.006000
0.024000
0.006000
0.024000
0.012000
-0.010000
-0.014000
0.044000
0.048000
-0.062000
0.009091
0.014000
0.040000
0.044000
0.002000
0.032000
-0.024000
0.005714
-0.001905
0.023529
-0.016667
-0.034000
0.013333
-0.007143
0.028000
-0.008000
0.040000
-0.016000
0.004000
-0.014000
-0.012000
0.034000
0.018000
-0.002000
0.018000
-0.002000
-0.048000
0.016000
0.004000
0.062000
-0.040000
0.044000
-0.035000
-0.068000
-0.052830
-0.055429
-0.042692
-0.061600
0.244425
0.236981
0.223063
0.230604
-0.299633
-0.300588
-0.287080
-0.288317
0.003372
-0.002842
-0.002174
-0.006024
-0.199579
-0.205363
-0.196229
-0.196049
0.007977
0.010769
0.011397
0.016024
0.004574
0.011018
0.011860
0.000870
0.223607
0.227500
0.229255
0.227019
0.019896
0.023086
0.021767
0.018523
-0.013600
-0.030303
-0.007407
-0.010400
0.000800
0.004000
-0.008966
-0.012308
0.014000
-0.012308
0.062222
0.020000
-0.008000
0.009333
-0.032941
-0.006667
-0.007143
-0.021333
-0.016000
-0.014118
-0.027097
-0.018400
-0.022424
-0.026154
0.047143
-0.033333
-0.016000
0.000000
-0.073333
-0.010769
-0.037143
-0.040000
-0.030714
-0.018519
-0.026087
-0.027742
0.000000
0.005333
0.017333
-0.030000
-0.007407
-0.010400
-0.013600
-0.030303
-0.023846
-0.028889
0.003030
-0.024000
-0.032667
-0.023200
-0.011875
-0.006452
-0.006667
-0.008000
0.009333
-0.032941
-0.057333
-0.004615
-0.006250
-0.012000
-0.030000
0.000000
0.005333
0.017333
0.044615
0.025625
0.011429
-0.011034
0.016296
0.022424
-0.014667
-0.011333
-0.052000
-0.054667
0.002000
0.016364
0.009333
-0.034667
-0.003529
-0.022667
0.073077
-0.004118
0.053939
0.008235
0.011429
-0.011034
0.044615
0.025625
-0.008966
-0.012308
0.000800
0.004000
-0.005333
0.002667
0.008000
-0.012857
-0.026087
-0.027742
-0.030714
-0.018519
0.005000
-0.016875
0.005600
0.010833
-0.021333
-0.016000
-0.014118
-0.007143
-0.049091
-0.029091
-0.046000
0.001818
-0.051724
-0.032000
-0.024516
-0.034615
-0.022667
0.009333
-0.034667
-0.003529
-0.018571
-0.029231
-0.027143
0.009333
-0.012857
-0.005333
0.002667
0.008000
-0.033333
-0.016000
0.000000
0.047143
-0.014667
-0.011333
0.016296
0.022424
-0.014615
0.044286
-0.026875
-0.001176
0.005600
0.010833
0.005000
-0.016875
0.001387
-0.007807
-0.010215
0.000736
-0.006105
0.000231
-0.009524
-0.018916
-0.007486
-0.000212
-0.004560
0.010732
0.190000
0.178652
0.197500
0.190405
-0.227816
-0.227174
-0.225208
-0.223614
-0.007742
-0.019310
-0.012874
-0.033054
-0.009333
0.062500
-0.014286
0.037333
-0.007097
0.019200
0.007097
0.018462
-0.008000
-0.005000
0.011429
0.030667
-0.008000
0.023077
0.027143
0.000000
-0.001481
0.011613
-0.000714
-0.015200
-0.024000
0.011034
0.005333
0.042400
0.014000
0.006667
0.035556
0.023333
0.045333
-0.007143
0.050667
-0.008000
-0.000714
-0.015200
-0.001481
0.011613
-0.033333
-0.028571
-0.011429
-0.038667
0.031429
0.027200
0.006154
0.021290
0.022500
0.017143
0.052000
0.029333
0.006154
0.021290
0.031429
0.027200
0.028148
0.024118
0.002143
-0.013600
0.062500
-0.014286
0.037333
-0.009333
-0.006000
-0.016000
-0.036364
-0.001818
-0.031429
0.001250
-0.001429
0.008000
0.062963
0.043200
0.057419
0.023846
0.000000
0.015000
0.022857
0.024000
0.074667
0.069231
0.082667
0.047692
-0.005000
0.011429
0.030667
-0.008000
0.018750
0.005517
0.047692
0.035484
0.002143
-0.013600
0.028148
0.024118
0.025217
0.032593
0.052903
0.010000
0.024828
0.008800
0.033125
0.032903
-0.008000
0.045333
-0.007143
0.050667
0.037143
0.040000
0.011429
-0.018571
0.029333
0.022500
0.017143
0.052000
0.047692
0.035484
0.018750
0.005517
-0.003571
-0.012941
-0.057600
0.002759
0.001250
-0.001429
0.008000
-0.031429
0.050000
0.038000
0.030909
0.045000
0.025217
-0.016970
0.027879
-0.013750
-0.057600
0.002759
-0.003571
-0.012941
0.015000
0.022857
0.024000
0.000000
0.005333
0.042400
-0.024000
0.011034
-0.265094
-0.241200
-0.260000
-0.257059
0.058349
0.043883
0.061980
0.053069
0.298909
0.284950
0.300748
0.307534
0.088208
0.080814
0.081420
0.076557
0.079562
0.074419
0.077469
0.077508
0.310895
0.307048
0.306161
0.312742
0.009444
0.026875
-0.009041
-0.024000
0.000278
0.022727
0.032174
0.038485
-0.009041
-0.024000
0.009444
0.026875
0.017183
0.026462
0.011014
0.035758
0.032174
0.038485
0.000278
0.022727
0.011014
0.035758
0.017183
0.026462
-0.002786
0.007894
-0.002786
0.007894
-0.000498
0.003350
-0.000498
0.003350
0.341331
0.332992
0.341331
0.332992
0.006875
-0.027619
0.006875
-0.027619
-0.024127
-0.008615
-0.024127
-0.008615
-0.027619
0.006875
-0.027619
0.006875
-0.005846
-0.004762
-0.005846
-0.004762
-0.008615
-0.024127
-0.008615
-0.024127
-0.004762
-0.005846
-0.004762
-0.005846
