-0.010299
-0.005676
-0.006523
-0.000734
-0.000686
-0.001724
-0.002185
-0.000132
0.000266
-0.003378
-0.003018
-0.003350
-0.004306
-0.007630
0.000942
0.002041
-0.011896
0.000204
-0.001259
-0.004269
-0.005272
-0.000170
-0.004749
-0.001417
-0.011053
-0.007879
-0.006207
0.018974
0.009500
-0.004242
0.008966
-0.016316
-0.009130
0.010526
0.014286
-0.000370
-0.008780
0.020625
0.014545
0.013333
-0.017073
-0.025882
0.013571
0.008136
0.001000
-0.003529
0.017692
0.004865
-0.001600
-0.032727
-0.027059
0.020345
0.004706
-0.003529
-0.005000
-0.002593
-0.010204
-0.005854
-0.013448
-0.010545
0.029796
0.001765
0.019474
-0.008214
-0.034118
0.026061
0.023793
0.005965
0.014118
-0.015429
0.004444
-0.004706
0.002233
0.001659
0.007685
-0.002003
0.007812
-0.004193
-0.004136
-0.000156
0.002575
0.003434
0.002879
-0.003106
-0.002347
0.002640
0.001285
0.006231
-0.028824
-0.031304
-0.010385
-0.003214
-0.009714
-0.023571
0.011724
-0.023774
0.000550
-0.006014
-0.001768
-0.001571
0.043077
0.031111
0.008000
0.002286
-0.024800
0.032500
-0.025714
0.014615
-0.003396
-0.001888
0.008157
0.001646
-0.015862
-0.011250
-0.020000
0.007857
0.022667
0.003636
0.026000
0.012778
0.022564
-0.001667
-0.001143
-0.010811
0.010303
0.000000
0.005517
-0.007027
0.001143
0.001000
-0.011273
0.015667
0.017576
-0.015000
-0.010968
0.011351
-0.003590
0.019091
-0.008462
-0.009508
-0.039355
0.012000
0.022143
0.016875
0.004717
-0.002095
0.006731
-0.004000
-0.006549
-0.006792
-0.005225
0.008456
-0.007523
-0.008235
-0.023009
0.002772
-0.008081
-0.005714
0.007547
0.002788
0.006800
-0.004143
0.002564
-0.004698
0.003365
-0.018354
0.012398
0.003258
0.013508
0.005756
-0.001927
0.013369
0.001036
0.002843
0.005202
-0.005355
0.005285
-0.004687
0.011930
-0.010055
0.005838
-0.000788
-0.003793
-0.000575
0.020000
-0.023448
0.009231
-0.016667
-0.025806
-0.038182
0.001053
0.001600
-0.022353
0.018182
-0.006250
-0.004667
-0.001739
0.002000
-0.037037
-0.005556
-0.002551
-0.002786
-0.005318
-0.003455
0.010000
-0.007273
-0.023636
-0.026000
0.005556
0.004000
0.012667
0.008000
0.013636
-0.021429
0.033333
-0.003333
-0.018125
0.003333
-0.082667
0.017037
0.001497
-0.001709
-0.000442
-0.002652
-0.025294
-0.004000
-0.026250
-0.007586
0.047619
-0.002609
-0.007778
-0.038571
0.018261
-0.018000
-0.006452
0.015000
-0.028571
0.002000
-0.011613
-0.002667
-0.001650
0.007668
-0.007137
-0.014949
-0.008350
0.004479
-0.000561
-0.002462
-0.006512
0.002016
-0.000264
-0.006224
-0.006299
-0.005512
0.002857
0.013465
-0.002989
0.009431
-0.002300
0.006050
-0.005781
-0.005041
0.012851
-0.001370
-0.023333
-0.011765
-0.035833
-0.005556
0.005600
0.007925
0.013125
0.012143
-0.010667
-0.013333
0.003721
-0.010256
-0.038750
-0.017143
-0.012000
-0.007778
0.006667
-0.037500
-0.002353
-0.020000
-0.004000
-0.006842
-0.003030
0.028947
0.040000
0.024706
-0.030000
0.028571
0.035000
0.015600
-0.009697
0.023704
0.014815
-0.006667
-0.009302
-0.032889
-0.018182
-0.006667
0.012727
0.029231
-0.030000
-0.054737
-0.016000
0.038824
0.015273
-0.000513
-0.030909
0.016000
-0.008057
-0.004846
0.002143
-0.006634
0.000758
-0.001860
-0.006667
-0.006585
-0.014257
0.000937
-0.014464
-0.002079
0.004488
0.007360
0.012105
-0.007783
-0.006255
-0.005000
-0.000924
-0.002096
-0.006381
0.004735
-0.008615
-0.006975
0.000323
0.012222
-0.012273
0.018723
0.006667
0.023810
-0.012000
0.021250
-0.009231
-0.001429
0.018182
0.000000
-0.016538
0.005660
-0.001379
0.017059
0.000000
-0.001887
0.007727
-0.033878
-0.007273
0.042857
-0.016000
0.049231
-0.024068
0.015676
0.041379
-0.019024
0.001250
-0.023810
-0.009333
-0.035294
0.014667
0.034000
-0.008000
0.033750
-0.002951
-0.007895
0.002941
-0.022564
-0.027234
0.032083
0.031250
0.000000
-0.034545
-0.020000
0.004000
-0.047692
-0.008513
0.007500
0.000180
-0.000430
-0.010208
-0.005517
-0.004469
-0.004382
-0.011606
-0.007839
0.002599
-0.006776
0.001075
0.008159
-0.007471
-0.007374
0.008889
-0.016000
0.031250
-0.018571
-0.025833
-0.008000
0.002759
-0.001000
-0.025263
0.006000
-0.002857
0.000000
-0.003429
0.003077
0.017500
-0.005000
-0.009255
0.000493
0.000337
0.001461
0.000556
0.007273
-0.038182
-0.008000
0.016000
-0.024000
0.027000
-0.036923
-0.012941
0.086000
0.009032
0.001538
-0.057000
-0.016000
0.047200
0.006250
0.000829
-0.014356
0.014725
0.005956
0.004800
0.014000
0.020625
0.032308
-0.011429
0.000000
0.022424
0.000000
-0.021818
-0.034545
0.003529
-0.017931
0.017895
-0.020000
0.010588
-0.031250
0.005744
0.002739
-0.003238
-0.007719
-0.000098
0.014043
-0.008790
-0.000909
-0.000609
-0.012426
0.012611
0.009080
0.005472
0.009600
0.010476
0.002745
0.003486
0.002718
0.001188
-0.003366
-0.007091
0.001584
0.011215
-0.002740
0.002233
0.001659
0.007685
-0.002003
0.007812
-0.004193
-0.004136
-0.000156
0.002575
0.003434
0.002879
-0.003106
-0.028824
-0.031304
-0.010385
-0.003214
-0.009714
-0.023571
0.011724
-0.023774
0.043077
0.031111
0.008000
0.002286
-0.024800
0.032500
-0.025714
0.014615
-0.015862
-0.011250
-0.020000
0.007857
0.022667
0.003636
0.026000
0.012778
-0.012923
0.006032
-0.005647
-0.001644
-0.008182
-0.002462
-0.010588
0.009118
0.022564
-0.001667
-0.001143
-0.010811
0.021818
0.016129
0.006176
-0.006897
0.010303
0.000000
0.005517
-0.007027
0.003896
0.004000
-0.003582
-0.009647
-0.004000
0.019420
0.001412
0.000682
-0.005000
0.007077
-0.003095
0.003288
0.000789
0.016286
0.015581
0.012500
0.001143
0.001000
-0.011273
0.015667
0.017576
-0.015000
-0.010968
0.011351
0.024444
0.009355
-0.023333
0.016552
-0.015833
0.014462
-0.002651
-0.011209
-0.005882
-0.000606
-0.018824
0.009296
0.019268
0.005484
-0.010465
-0.004944
-0.003590
0.019091
-0.008462
-0.009508
-0.002564
0.006250
-0.020896
0.006512
-0.039355
0.012000
0.022143
0.016875
-0.020000
0.007805
0.015636
0.016721
-0.008980
0.005238
0.003019
0.018333
0.006250
-0.012766
-0.009492
0.013134
0.002353
-0.000500
-0.009259
-0.016066
-0.012593
0.010455
0.005806
0.025758
-0.011064
0.007000
-0.018000
-0.005000
0.005476
0.013043
0.004416
-0.012250
0.072000
-0.045000
0.025455
0.022667
0.006000
0.040000
0.041818
-0.070000
0.004000
0.035714
0.038182
-0.001818
0.004000
0.012593
-0.010000
-0.020000
-0.013023
0.004043
0.000000
-0.019759
0.016667
-0.021818
-0.021818
0.003750
-0.030000
-0.038182
-0.014545
0.004000
-0.015000
0.015385
0.004286
-0.081250
0.056000
0.038667
0.023636
-0.003636
0.000000
0.001707
0.000000
0.007222
0.042000
0.022667
-0.042667
-0.014286
0.011250
0.006087
-0.022500
0.072000
-0.040000
0.024000
-0.029231
0.021333
-0.026000
-0.042000
-0.016364
0.030000
0.004872
-0.002195
0.004412
-0.008333
0.012000
-0.010909
-0.034545
0.018000
-0.032727
-0.045455
0.012000
-0.026667
0.021053
-0.002500
-0.018667
0.049091
-0.022000
0.009333
0.013333
-0.009091
0.000000
-0.007805
-0.012308
0.000000
-0.024000
0.021667
0.005000
-0.041538
-0.017647
0.021600
-0.034737
0.001667
-0.038000
0.034000
-0.018182
-0.014000
-0.012000
0.012000
0.012727
0.029231
-0.026173
-0.001519
-0.011333
-0.005714
0.045333
0.005000
-0.005455
0.021667
-0.045455
0.001538
0.004000
-0.036667
0.000000
-0.030000
0.009091
-0.010909
-0.025455
-0.004000
0.029091
-0.003077
0.008000
0.023077
-0.055714
-0.006154
-0.013333
0.003636
0.080000
0.035455
0.024000
-0.061538
-0.011429
0.003636
-0.010000
0.016000
-0.034000
0.025455
-0.040000
0.021818
-0.016923
-0.005714
-0.012500
-0.029231
0.001538
-0.023000
-0.012727
-0.046000
0.010000
0.022000
-0.035000
-0.004286
-0.050000
0.014000
0.021667
0.011667
0.043333
-0.020000
0.014545
0.002000
0.034000
-0.012000
0.048000
-0.054545
-0.020000
0.007692
-0.009375
-0.049333
-0.035385
0.001000
-0.013077
0.048000
0.056471
0.002609
-0.003636
-0.056000
-0.030000
0.046154
-0.002000
-0.010000
-0.001818
-0.014545
-0.010000
0.047692
0.012000
-0.048333
0.036000
0.030769
-0.002000
-0.030769
0.004000
0.045455
-0.004000
-0.026000
-0.007143
0.003750
-0.005000
0.001905
-0.038000
0.040000
0.000000
0.058333
-0.046000
-0.004000
-0.054000
0.010000
-0.016364
0.010000
0.001667
0.050000
-0.009286
0.038333
0.040000
-0.030000
-0.028000
-0.048000
-0.004000
-0.020000
-0.010299
-0.005676
-0.006523
-0.000734
-0.000686
-0.001724
-0.002185
-0.000132
0.000266
-0.003378
-0.003018
-0.003350
-0.004306
-0.007630
0.000942
0.002041
-0.011896
0.000204
-0.001259
-0.004269
-0.005272
-0.000170
-0.004749
-0.001417
0.002791
0.005638
0.003032
0.000275
-0.002347
0.002640
0.001285
0.006231
0.001154
0.000675
-0.005772
0.007030
0.000550
-0.006014
-0.001768
-0.001571
0.001458
-0.005024
0.003584
0.002461
-0.003396
-0.001888
0.008157
0.001646
0.003288
0.000766
0.002484
0.001152
0.008116
0.019077
-0.001765
-0.000290
0.004118
0.005152
0.027826
-0.007246
0.000032
0.003563
0.001959
0.004276
0.016000
0.019420
-0.013151
-0.005538
-0.005152
-0.005231
0.007077
0.001846
-0.001171
-0.002330
0.004153
-0.002936
0.002647
0.002769
0.022090
-0.007077
0.008529
0.013529
0.000000
-0.010303
0.000000
-0.008000
0.010566
-0.005714
-0.056364
0.000000
0.038333
-0.020000
-0.029091
0.000000
0.012000
0.012000
0.032000
-0.020000
-0.006000
0.040000
0.024000
0.010526
-0.018667
-0.001818
0.008696
-0.016400
0.025660
-0.002400
0.016364
0.010909
-0.018333
-0.009231
0.042000
-0.025714
-0.018000
-0.030909
-0.016000
0.036667
-0.014667
-0.062000
-0.002000
0.018462
0.012000
0.029091
0.003265
-0.011739
0.010980
0.010164
0.024000
0.034286
0.060000
0.009091
-0.038000
0.000000
-0.012941
0.022000
0.027273
-0.047273
0.008333
-0.026667
0.006000
-0.047692
0.036000
-0.004000
-0.009091
0.022609
0.004561
0.007234
-0.010000
-0.012000
-0.066000
-0.044000
-0.023636
0.058182
-0.025455
-0.018182
0.005455
0.073684
-0.018667
-0.010667
0.010909
0.018462
0.002000
-0.045000
0.003556
-0.013617
-0.008364
0.000755
0.020000
0.006667
-0.002000
0.004615
-0.014545
-0.017778
0.032222
0.008000
0.008000
0.044000
-0.038000
0.006000
0.030909
-0.027273
0.009091
-0.018333
0.019130
-0.013333
-0.010566
-0.035000
-0.004000
-0.014118
-0.002857
0.063750
0.005455
0.038462
0.006000
-0.001818
-0.030000
-0.040000
-0.060000
-0.049091
0.001818
-0.032000
-0.038333
0.015385
-0.009091
0.007692
0.003077
-0.040000
-0.002000
0.007273
-0.018000
-0.006000
-0.024000
-0.032308
-0.002000
0.000000
0.049474
-0.082000
-0.034000
0.011111
-0.010000
0.029231
0.013846
0.016667
-0.027273
0.014000
-0.006000
0.021818
0.018750
0.020000
0.014545
0.026000
-0.004000
0.009231
0.004000
0.042000
0.004000
0.041667
0.022000
0.026000
-0.010000
0.022857
0.006154
0.021053
0.004000
-0.020000
-0.001667
0.018571
-0.014000
0.032000
-0.002000
0.080000
0.034545
-0.029091
0.034000
0.001818
0.018182
0.023333
-0.008333
0.034545
-0.004000
-0.018000
-0.031667
-0.046316
-0.030000
-0.018333
0.000000
-0.025000
0.048000
-0.001538
-0.058000
0.028333
0.014118
0.037143
0.013333
0.010000
-0.020000
0.024000
-0.004000
0.015000
0.060000
0.075000
0.006667
0.030000
-0.017333
-0.067273
0.006154
-0.034737
0.016000
-0.055000
0.046000
-0.024000
0.032000
0.018000
0.060000
0.026154
0.021818
0.023333
0.004615
0.000000
-0.011053
-0.007879
-0.006207
0.018974
0.009500
-0.004242
0.008966
-0.016316
-0.009130
0.010526
0.014286
-0.000370
-0.008780
0.020625
0.014545
0.013333
-0.017073
-0.025882
0.013571
0.008136
0.001000
-0.003529
0.017692
0.004865
-0.013590
-0.007467
0.005526
0.009425
-0.010811
-0.009877
0.019474
-0.007356
-0.003529
-0.010000
0.003099
-0.011646
-0.001600
-0.032727
-0.027059
0.020345
0.026133
-0.006765
0.000580
-0.006000
0.004706
-0.003529
-0.005000
-0.002593
0.006765
0.012771
0.013506
0.004054
0.001389
-0.008378
0.013425
-0.004058
-0.010204
-0.005854
-0.013448
-0.010545
-0.009512
-0.013824
-0.019529
0.007470
-0.001579
0.015294
-0.009851
0.011026
0.029796
0.001765
0.019474
-0.008214
-0.010986
0.010811
-0.021333
-0.017391
0.005070
-0.014615
-0.016712
-0.003784
-0.034118
0.026061
0.023793
0.005965
-0.015663
0.008219
-0.007750
-0.014699
0.014118
-0.015429
0.004444
-0.004706
-0.012250
-0.025397
0.003824
-0.002895
-0.010455
-0.003657
-0.000229
-0.001371
-0.001829
-0.003908
0.005862
0.010514
-0.014451
0.013793
0.000227
-0.006250
0.004717
-0.002095
0.006731
-0.004000
-0.006549
-0.006792
-0.005225
0.008456
-0.007523
-0.008235
-0.023009
0.002772
-0.008513
0.007500
0.000180
-0.000430
-0.010208
-0.005517
-0.004469
-0.004382
-0.011606
-0.007839
0.002599
-0.006776
0.001075
0.008159
-0.007471
-0.007374
0.008889
-0.016000
0.031250
-0.018571
-0.025833
-0.008000
0.002759
-0.001000
-0.025263
0.006000
-0.002857
0.000000
-0.003429
0.003077
0.017500
-0.005000
-0.009255
0.000493
0.000337
0.001461
0.000556
0.007273
-0.038182
-0.008000
0.016000
-0.024000
0.027000
-0.036923
-0.012941
0.086000
0.009032
0.001538
-0.057000
-0.016000
0.047200
0.006250
0.000829
-0.014356
0.014725
0.005956
0.004800
0.014000
0.020625
0.032308
-0.011429
0.000000
0.022424
0.000000
-0.021818
-0.034545
0.003529
-0.017931
0.017895
-0.020000
0.010588
-0.031250
-0.001650
0.007668
-0.007137
-0.014949
-0.008350
0.004479
-0.000561
-0.002462
-0.006512
0.002016
-0.000264
-0.006224
-0.000581
-0.003169
0.000326
0.004578
0.009053
0.010726
0.006286
-0.014691
-0.006299
-0.005512
0.002857
0.013465
0.011329
0.001538
-0.000335
0.000843
-0.001702
-0.004072
0.004535
0.001118
-0.002989
0.009431
-0.002300
0.006050
0.006448
-0.002283
0.000745
-0.001346
0.004375
-0.007886
0.008744
-0.007273
-0.005781
-0.005041
0.012851
-0.001370
0.008571
-0.003846
-0.014286
0.033571
0.008000
0.024000
-0.025926
-0.021667
-0.009091
-0.021250
-0.010000
-0.003750
0.019286
-0.008750
-0.016923
-0.009630
0.005556
0.007500
-0.009333
0.020870
0.033077
-0.010000
-0.026667
-0.044800
-0.017419
-0.008276
-0.016471
-0.003704
0.026250
-0.033333
0.025333
0.010526
-0.003200
-0.019048
0.034286
0.021739
0.002500
0.042222
-0.013793
-0.004444
0.011111
0.072857
0.002353
-0.043529
-0.020000
0.002222
0.035484
-0.031852
0.001600
0.010400
-0.020000
0.002069
-0.002308
-0.013571
0.029630
0.008462
0.016364
0.006667
-0.005455
0.030000
-0.000714
-0.020606
0.013077
-0.023704
-0.002400
0.017692
0.035200
-0.033913
-0.004615
0.023200
-0.030000
0.028148
0.022857
0.002424
-0.026286
-0.002308
-0.088000
-0.034545
0.003636
-0.008333
0.012258
-0.008182
0.036296
-0.020000
0.026667
-0.021333
-0.028462
0.011579
0.062500
-0.018571
0.013750
0.034118
0.001481
-0.000769
-0.012667
-0.008462
-0.014000
0.032308
-0.042000
-0.012500
0.043704
-0.001481
0.009677
-0.008000
-0.019444
0.059259
0.026667
0.000000
-0.038667
-0.018889
0.048000
0.012000
-0.006897
0.010667
-0.009231
-0.025714
-0.064000
-0.046000
0.044000
-0.012000
-0.006000
-0.038000
0.000000
-0.024000
-0.006000
-0.024000
0.040000
-0.014000
-0.045000
-0.014000
0.020000
0.038000
0.013333
-0.003158
-0.019167
0.048333
-0.034000
0.018000
0.014000
-0.022000
0.030000
-0.050000
0.012000
-0.060000
0.004000
0.056000
-0.002000
0.008000
0.010000
0.012000
0.042000
-0.014000
-0.031667
-0.007500
0.001538
0.016154
0.004000
0.022000
0.014000
-0.042000
-0.044000
-0.010909
0.048000
0.030000
-0.032000
0.062000
0.000000
0.018182
0.002000
0.006000
0.000000
-0.028000
0.030435
-0.006957
0.026316
-0.036000
-0.010000
0.016000
-0.004000
0.058000
-0.004000
-0.030000
-0.004000
0.000000
0.030000
0.016000
0.026000
0.024000
0.008000
0.056000
-0.056000
0.010000
0.002667
0.005333
0.010000
0.012500
0.001714
0.000714
-0.009286
-0.032258
-0.008000
0.049333
-0.018182
0.011667
0.007407
-0.017692
0.003333
-0.024348
0.005833
0.005217
0.033333
0.029565
-0.032000
0.018000
-0.016000
0.032000
0.012000
-0.016667
0.036000
0.032000
-0.020000
0.002000
0.004000
0.044000
-0.028000
-0.014000
-0.042000
-0.016000
0.020833
0.033571
0.005517
-0.002222
0.056000
-0.020000
0.010000
-0.018000
0.048000
-0.018000
0.008000
-0.032000
0.002000
-0.004000
-0.002000
0.022000
0.000000
0.018182
0.034000
0.006000
-0.010000
0.003571
-0.048800
0.011538
-0.029091
0.062000
0.026000
-0.020000
0.030000
-0.028000
0.014000
-0.050000
-0.028000
-0.036000
0.052000
0.024000
0.040000
-0.024000
0.010000
0.008000
0.023750
-0.024000
0.023000
0.001818
-0.030000
0.044000
-0.002000
-0.028000
0.004000
0.002000
0.004000
0.046000
-0.006000
-0.008000
0.030000
0.034000
0.006000
0.000000
-0.010000
0.050000
-0.004138
-0.023448
-0.010303
0.015484
-0.004000
0.043636
-0.004000
0.045455
-0.001429
0.008235
-0.016000
0.006250
-0.002857
-0.012143
-0.019200
0.020000
0.022500
-0.005600
0.017778
0.032174
-0.050000
-0.032000
0.000000
-0.020000
-0.070000
-0.012000
-0.068000
0.014000
-0.022000
-0.004000
-0.040000
-0.016000
0.026000
0.006000
-0.006000
0.050000
-0.002759
0.026000
0.010400
-0.026154
0.002000
0.038000
-0.010000
-0.046000
-0.046667
-0.016000
0.064000
0.036000
-0.014000
-0.030000
0.070000
-0.072000
0.016000
-0.014000
0.022000
0.040000
0.008000
0.015000
0.010000
0.011613
-0.042000
0.032000
-0.004000
-0.008000
-0.038000
-0.004000
0.040000
0.006000
-0.016000
0.012000
-0.040000
0.016000
0.026000
-0.031667
0.006000
-0.020000
-0.021739
-0.008696
0.002308
-0.009630
0.034000
-0.028000
0.012000
-0.012000
-0.034000
0.036000
-0.020000
0.048000
-0.024000
0.001818
-0.016000
0.024000
0.010000
-0.042000
0.000000
-0.034000
-0.008057
-0.004846
0.002143
-0.006634
0.000758
-0.001860
-0.006667
-0.006585
-0.014257
0.000937
-0.014464
-0.002079
-0.003006
-0.003636
0.013441
-0.003190
-0.002000
-0.008439
0.003214
0.003133
0.004488
0.007360
0.012105
-0.007783
-0.007263
-0.006561
-0.000725
-0.004000
0.001237
-0.000337
0.007222
0.001156
-0.006255
-0.005000
-0.000924
-0.002096
-0.010230
-0.001304
0.002396
-0.005904
0.000860
-0.005402
-0.014483
0.012695
-0.006381
0.004735
-0.008615
-0.006975
-0.003529
-0.006250
0.006667
0.006957
0.002857
0.010000
0.003810
0.007500
-0.011333
0.004667
-0.006857
-0.015172
-0.002222
-0.024000
-0.012857
-0.022500
-0.022069
-0.021333
-0.018462
0.021333
0.020000
-0.024167
0.013636
-0.007500
-0.020000
0.008333
-0.029474
0.002857
0.002667
0.017647
0.010000
0.000741
0.007692
0.030833
0.021667
0.040000
0.003704
0.030769
-0.018571
0.012857
-0.024000
0.020000
-0.020556
-0.019231
-0.029091
-0.025000
-0.054000
0.011429
-0.002667
-0.023750
0.005000
-0.011111
0.017333
-0.015455
-0.018095
0.004545
-0.028966
0.031538
0.004242
-0.040000
-0.001250
-0.005714
0.057333
-0.017500
-0.006000
0.037143
-0.003636
-0.014167
0.008000
0.022353
-0.017037
0.001111
-0.028000
-0.012000
0.032500
-0.023750
0.008000
0.042400
0.004516
-0.006400
0.035385
0.017692
-0.003333
0.007857
-0.020000
0.040000
-0.036296
-0.018000
0.026897
0.018824
0.006429
-0.007500
-0.021818
-0.030769
-0.030000
-0.015714
0.018889
-0.003846
-0.004000
-0.041765
0.045333
0.002222
0.016000
0.008571
-0.004000
0.003636
-0.004444
-0.001538
0.005600
0.006207
-0.012308
0.022143
-0.033600
-0.028696
0.024000
-0.028000
-0.020000
-0.024000
0.000000
-0.040000
0.016000
-0.002000
-0.010000
-0.006000
-0.004000
0.010000
-0.010000
0.016000
0.050000
-0.004000
-0.032000
0.034545
-0.020000
0.012800
-0.033684
0.017600
0.002000
0.006667
-0.016000
0.016000
0.036000
0.032000
0.032000
-0.020000
0.010000
0.024000
0.020000
0.034000
0.028000
0.004000
0.008000
-0.042000
0.000667
-0.010714
-0.010400
-0.013600
-0.024000
0.006000
0.000000
-0.018000
0.022000
-0.002000
0.022000
0.010000
-0.010000
0.004000
0.032000
0.028000
0.024000
0.010000
-0.012000
-0.068000
0.010000
0.016842
-0.014000
0.007200
-0.024000
-0.030000
0.046000
0.042000
-0.010000
-0.024000
0.000000
0.020000
0.002000
0.014000
0.002000
0.014000
0.010000
-0.022000
0.052000
0.026000
0.002222
0.004138
-0.010968
-0.023226
-0.008000
0.006000
-0.030000
0.008000
-0.019429
-0.006923
0.027407
-0.013333
0.008000
0.017895
-0.014667
0.024000
0.020000
0.040000
0.001905
-0.003846
-0.016000
-0.064000
0.030000
0.024000
0.016000
0.020000
0.050000
-0.014000
0.024000
0.022000
-0.008000
0.046000
-0.014000
0.012000
0.016000
-0.028000
-0.013333
-0.011034
-0.023846
0.001667
-0.038000
0.054000
0.004000
-0.038000
-0.008000
0.006000
0.012000
-0.028000
0.012000
-0.028000
-0.036000
-0.080000
0.012000
0.000000
-0.034000
-0.016000
-0.048462
0.015385
-0.002400
-0.040000
-0.006000
-0.024000
0.000000
-0.021818
0.022000
-0.024000
-0.028000
-0.018000
0.012000
-0.030000
-0.026000
0.034000
-0.002000
-0.086000
-0.028000
-0.016000
-0.007200
-0.010400
-0.020000
-0.031613
-0.046000
-0.052000
0.012000
0.048000
0.072000
0.058000
0.006000
-0.046000
-0.038000
0.029091
-0.018000
-0.038000
0.050000
0.006000
0.012000
-0.016000
0.005714
0.036471
0.015714
0.008000
-0.022286
-0.028889
-0.033333
-0.028000
0.015833
-0.044138
-0.014483
-0.025385
-0.002000
-0.032000
0.072000
-0.003636
-0.021053
-0.017600
-0.032727
0.000000
-0.008000
0.028000
0.010000
-0.022000
0.020000
0.011667
-0.010000
0.020000
-0.042000
0.032000
0.044000
-0.036000
0.014000
0.002000
0.062000
-0.018000
0.000769
0.028889
-0.014074
-0.016429
-0.020000
-0.008000
-0.028000
0.006000
-0.042000
-0.032000
-0.030000
0.053846
-0.058000
0.030000
0.018000
-0.008000
-0.044000
0.018000
-0.042000
0.042000
-0.001333
0.000000
0.006667
-0.010400
-0.002000
0.002000
-0.016000
-0.022000
0.032000
0.022000
-0.030000
-0.026000
-0.036000
-0.072000
-0.008000
0.008000
0.004000
-0.006000
0.020000
0.006000
0.002963
-0.003571
-0.023077
0.030833
0.001818
0.028000
-0.016000
-0.036000
0.010000
0.020000
-0.052000
0.024000
0.022000
-0.082000
0.046000
0.082000
0.034000
-0.034000
-0.024000
0.020000
0.013508
0.005756
-0.001927
0.013369
0.001036
0.002843
0.005202
-0.005355
0.005285
-0.004687
0.011930
-0.010055
0.005838
-0.000788
-0.003793
-0.000575
0.020000
-0.023448
0.009231
-0.016667
-0.025806
-0.038182
0.001053
0.001600
-0.022353
0.018182
-0.006250
-0.004667
-0.001739
0.002000
-0.037037
-0.005556
-0.002551
-0.002786
-0.005318
-0.003455
0.010000
-0.007273
-0.023636
-0.026000
0.005556
0.004000
0.012667
0.008000
0.013636
-0.021429
0.033333
-0.003333
-0.018125
0.003333
-0.082667
0.017037
0.001497
-0.001709
-0.000442
-0.002652
-0.025294
-0.004000
-0.026250
-0.007586
0.047619
-0.002609
-0.007778
-0.038571
0.018261
-0.018000
-0.006452
0.015000
-0.028571
0.002000
-0.011613
-0.002667
0.005472
0.009600
0.010476
0.002745
0.003486
0.002718
0.001188
-0.003366
-0.007091
0.001584
0.011215
-0.002740
-0.009595
0.011798
-0.002905
-0.001257
-0.005930
-0.005714
-0.001006
-0.000114
0.010983
0.007886
-0.009213
0.002159
0.002233
0.001659
0.007685
-0.002003
0.007812
-0.004193
-0.004136
-0.000156
0.002575
0.003434
0.002879
-0.003106
-0.010299
-0.005676
-0.006523
-0.000734
-0.000686
-0.001724
-0.002185
-0.000132
0.000266
-0.003378
-0.003018
-0.003350
-0.004306
-0.007630
0.000942
0.002041
-0.011896
0.000204
-0.001259
-0.004269
-0.005272
-0.000170
-0.004749
-0.001417
-0.013590
-0.007467
0.005526
0.009425
-0.010811
-0.009877
0.019474
-0.007356
-0.020000
0.007805
0.015636
0.016721
-0.003529
-0.010000
0.003099
-0.011646
-0.008980
0.005238
0.003019
0.018333
0.026133
-0.006765
0.000580
-0.006000
0.006765
0.012771
0.013506
0.004054
0.001389
-0.008378
0.013425
-0.004058
0.006250
-0.012766
-0.009492
0.013134
-0.009512
-0.013824
-0.019529
0.007470
0.002353
-0.000500
-0.009259
-0.016066
-0.001579
0.015294
-0.009851
0.011026
-0.010986
0.010811
-0.021333
-0.017391
0.005070
-0.014615
-0.016712
-0.003784
-0.012593
0.010455
0.005806
0.025758
-0.015663
0.008219
-0.007750
-0.014699
-0.011064
0.007000
-0.018000
-0.005000
-0.012250
-0.025397
0.003824
-0.002895
0.002647
0.002388
-0.013529
0.000000
-0.003284
-0.013784
0.010000
0.021667
-0.004932
0.002712
0.005000
0.002857
-0.028308
0.002545
0.013898
-0.013704
-0.009062
-0.012500
0.017377
-0.020357
-0.020606
-0.010000
0.013016
-0.017241
0.008657
0.023429
0.005846
-0.019420
-0.010000
0.022000
-0.020000
-0.016000
0.026000
0.008000
-0.012000
-0.011667
0.044000
-0.032308
-0.002000
0.016000
0.006667
0.022727
0.002000
0.007273
0.015429
0.004507
-0.008750
0.004706
-0.026000
-0.006000
-0.046000
0.026000
0.048000
-0.001538
0.010909
-0.070000
0.011111
-0.017143
0.006154
0.044000
-0.002000
0.009333
0.025455
-0.042000
-0.034000
0.001818
0.010000
-0.007273
0.011667
-0.032727
0.018182
-0.040000
0.040000
0.003077
-0.014286
0.016364
0.016800
-0.008000
-0.025455
-0.015385
-0.034000
-0.032000
0.000000
0.045455
-0.054000
0.000000
0.020000
-0.023333
-0.030000
0.052000
0.042000
0.002000
0.016000
-0.006000
0.064000
-0.004000
-0.020000
0.040000
-0.020000
-0.020000
0.006667
-0.068000
-0.036364
0.060000
0.023636
-0.025455
0.015385
-0.013846
-0.027200
-0.010000
-0.020000
0.002857
0.018000
0.026000
-0.020000
-0.011667
-0.014545
0.014000
0.006000
0.068000
0.000000
0.001818
0.006000
0.018000
0.022000
0.040000
0.024000
0.058000
-0.013239
-0.001493
-0.002258
-0.003860
0.012000
-0.030000
0.026250
-0.003333
-0.005000
0.016842
-0.001250
0.024000
0.002000
-0.030000
0.052000
0.042000
-0.022000
0.018000
-0.032000
-0.022000
-0.003492
-0.002647
-0.016897
-0.002456
0.036000
-0.022000
0.000000
-0.011667
0.024000
-0.012000
-0.003636
-0.026000
-0.007059
-0.021000
0.034000
-0.034545
-0.016000
0.016471
-0.018182
0.042000
-0.035000
0.036000
0.052727
-0.078000
0.006000
0.005455
-0.018000
0.046667
0.022000
-0.020000
-0.016000
-0.010000
-0.027273
0.048000
0.056000
-0.022000
-0.038000
0.020000
-0.010000
0.012000
-0.008000
0.010909
-0.001818
-0.006000
-0.023636
0.052727
-0.009091
0.001667
0.000000
-0.042000
-0.016923
0.047692
0.005455
-0.046667
0.000000
-0.013333
0.036000
-0.021818
-0.032000
-0.018000
0.026087
0.060000
0.005000
-0.011429
0.058182
0.014000
-0.005455
0.021818
0.000000
-0.028000
0.056364
0.009231
0.025455
0.000000
-0.048000
0.004000
0.028000
-0.002000
0.058000
-0.006000
-0.026000
-0.034000
-0.006000
0.016000
0.004857
-0.012121
-0.028475
0.003448
0.018000
-0.024286
-0.016250
0.027273
0.015000
0.037895
0.029333
-0.014286
-0.068000
0.040000
-0.010000
0.018182
0.058000
0.022000
0.040000
0.024000
0.003143
0.017778
-0.016190
-0.005263
-0.031250
0.024211
-0.006000
-0.026000
0.016000
-0.024615
0.034000
0.048000
0.058000
-0.014545
-0.060000
-0.025455
0.016000
-0.026000
-0.034000
-0.006000
-0.007273
0.005455
-0.032000
-0.020000
0.010000
-0.005455
0.022000
0.010000
-0.006000
-0.046000
0.026000
-0.026000
0.028000
0.040000
0.038000
-0.080000
0.016364
-0.022000
-0.010909
0.044000
0.040000
0.006667
0.036000
-0.014000
0.008333
0.034000
-0.021667
0.016667
0.005455
-0.014000
0.022000
0.023636
0.000000
-0.028000
-0.045455
0.018333
0.027273
-0.062000
-0.028000
-0.028000
0.034000
-0.024000
0.050000
-0.050000
-0.012000
-0.003636
-0.026000
0.024000
-0.046667
0.078000
0.001818
0.035000
-0.006000
0.016364
0.046000
0.032000
-0.030833
0.042000
-0.012941
0.041176
0.020000
0.022000
-0.020000
0.013333
0.002791
0.005638
0.003032
0.000275
0.001154
0.000675
-0.005772
0.007030
0.001458
-0.005024
0.003584
0.002461
0.002090
0.006501
0.002090
0.006501
0.003288
0.000766
0.002484
0.001152
-0.012923
0.006032
-0.005647
-0.001644
-0.008182
-0.002462
-0.010588
0.009118
0.008116
0.019077
-0.001765
-0.000290
0.021818
0.016129
0.006176
-0.006897
0.004118
0.005152
0.027826
-0.007246
0.003896
0.004000
-0.003582
-0.009647
-0.007463
0.004565
-0.007463
0.004565
0.000032
0.003563
0.001959
0.004276
-0.004000
0.019420
0.001412
0.000682
-0.005000
0.007077
-0.003095
0.003288
0.016000
0.019420
-0.013151
-0.005538
0.000789
0.016286
0.015581
0.012500
-0.005152
-0.005231
0.007077
0.001846
0.024444
0.009355
-0.023333
0.016552
-0.007754
-0.000463
-0.007754
-0.000463
-0.001171
-0.002330
0.004153
-0.002936
-0.015833
0.014462
-0.002651
-0.011209
-0.005882
-0.000606
-0.018824
0.009296
0.002647
0.002769
0.022090
-0.007077
0.019268
0.005484
-0.010465
-0.004944
0.008529
0.013529
0.000000
-0.010303
-0.002564
0.006250
-0.020896
0.006512
0.000308
-0.014118
-0.009474
-0.020000
-0.011212
0.004706
0.009492
0.020000
0.000317
-0.008519
0.000678
-0.011034
-0.003175
0.003019
-0.023704
0.009492
0.013538
0.000000
-0.011071
-0.004561
0.026984
-0.003333
-0.008276
-0.024828
0.011746
-0.004839
0.000702
-0.009811
0.044000
0.034000
0.030909
-0.040000
-0.047273
-0.028000
-0.004000
0.010000
0.004000
-0.034000
0.000000
-0.022000
-0.006000
-0.010000
0.023077
-0.009231
-0.004444
0.005079
0.010000
0.015385
-0.038000
-0.036000
0.060000
-0.006000
0.038000
0.024000
-0.026000
0.000000
0.018182
0.035556
-0.035385
0.012727
0.044000
0.018000
0.004000
-0.048000
-0.020000
-0.044000
-0.020000
-0.044000
0.034000
-0.030000
0.038000
-0.042000
-0.004000
-0.048000
-0.048333
0.044000
0.032000
-0.018000
0.034545
-0.002000
0.030000
0.038462
0.025455
0.028000
-0.082000
-0.004000
-0.034000
0.030000
0.009091
-0.024000
-0.006000
0.018000
-0.001538
-0.018000
0.020000
-0.008571
0.004000
0.004000
0.004000
0.004000
0.038000
-0.034000
0.020000
-0.010000
0.008000
0.048000
0.013333
-0.014000
-0.022000
-0.002000
0.027273
-0.044000
0.010000
0.052000
0.024000
0.038000
0.034667
0.020000
0.001818
0.029412
0.013333
-0.045455
-0.038182
-0.004286
-0.034545
0.042000
-0.014000
0.022000
-0.009706
-0.005902
-0.015517
-0.000597
0.042000
0.024000
-0.025000
0.010000
0.003333
-0.034286
-0.010667
-0.028333
-0.012000
-0.062000
0.036000
-0.018000
0.002000
-0.014000
-0.022000
-0.036000
0.012537
-0.017846
-0.015273
0.013455
0.044000
0.002000
-0.066000
0.020000
0.006000
0.018000
-0.004000
0.028000
0.027273
-0.034737
0.004615
0.007500
0.028000
-0.043333
-0.002000
-0.034000
0.035294
-0.011429
0.005217
0.016667
0.032000
0.012000
-0.014000
0.030000
0.034545
0.018000
-0.012000
0.044000
0.002000
0.012857
-0.009231
-0.014667
0.006000
-0.024000
0.006000
-0.024000
-0.074000
0.008000
0.096000
0.008000
-0.028000
0.014000
0.014545
-0.042000
0.048000
-0.010000
-0.034000
-0.026000
0.020000
-0.010000
0.038000
-0.034000
0.000000
0.062000
0.000000
0.062000
0.010000
0.012000
0.012000
0.016000
-0.004000
-0.006000
-0.027273
0.010000
-0.022000
-0.050000
0.020000
-0.016000
-0.055714
0.035294
0.020870
0.006667
-0.034545
-0.040000
0.055385
0.001111
-0.008000
0.098000
0.028000
-0.040000
-0.000290
-0.004848
0.004561
0.003333
-0.012000
-0.009091
-0.014545
0.046000
0.082000
0.002105
0.025882
-0.023333
-0.128000
0.044000
0.084000
-0.032000
-0.006000
-0.048000
0.002000
-0.060000
-0.011562
0.012381
0.017857
-0.004615
0.036000
-0.009000
-0.056667
-0.021333
-0.030000
-0.032727
-0.002000
-0.078000
0.014000
-0.088000
-0.001818
-0.026000
0.002000
0.004000
-0.028000
0.016000
0.005000
-0.045000
-0.007273
-0.006316
0.008000
-0.022000
-0.026000
-0.034000
-0.050909
-0.042000
0.042000
0.036364
0.027692
-0.010000
0.004615
0.011250
0.096000
0.008000
-0.074000
0.008000
-0.018000
-0.034000
-0.018000
-0.034000
-0.010000
-0.018000
-0.020000
0.006000
0.046000
0.008000
0.003636
0.018000
0.004000
0.028000
-0.030000
0.024000
0.066667
0.004286
0.000952
-0.018824
-0.026667
0.026000
-0.021667
0.031429
0.004000
0.008000
0.005455
-0.036000
0.038000
-0.042000
0.034000
-0.030000
-0.002000
-0.022000
-0.002000
-0.022000
0.046000
0.082000
0.034000
0.002000
0.002000
-0.020000
0.023333
0.000000
0.004717
-0.002095
0.006731
-0.004000
-0.006549
-0.006792
-0.005225
0.008456
-0.007523
-0.008235
-0.023009
0.002772
-0.000581
-0.003169
0.000326
0.004578
0.009053
0.010726
0.006286
-0.014691
0.011329
0.001538
-0.000335
0.000843
-0.001702
-0.004072
0.004535
0.001118
0.006448
-0.002283
0.000745
-0.001346
0.004375
-0.007886
0.008744
-0.007273
-0.003200
0.013333
-0.000741
0.018400
-0.004000
0.010000
0.011034
-0.024615
0.066000
0.073846
-0.004444
0.033750
0.034667
0.013333
-0.020000
-0.040000
-0.028571
0.025333
0.030667
-0.036471
0.004516
0.016800
0.024242
0.021538
-0.030000
-0.001333
0.061333
0.040000
-0.009333
-0.013846
0.018571
0.001429
0.005714
0.028889
0.008696
0.020645
-0.001250
0.030667
-0.001333
-0.007143
-0.000741
0.018400
-0.003200
0.013333
-0.003077
0.008148
-0.029697
0.000000
-0.019333
-0.032000
0.012500
-0.023226
-0.040000
0.034667
0.013333
-0.020000
-0.008000
-0.013846
0.043750
0.001333
-0.007143
-0.001250
0.030667
-0.001333
-0.009231
-0.025625
0.015000
0.007586
0.000000
-0.025455
-0.012667
-0.006667
0.016000
-0.046667
0.008000
-0.027273
-0.010667
0.002667
0.004706
0.012000
-0.016923
0.007647
0.004242
0.007059
0.015000
0.007586
-0.009231
-0.025625
0.011034
-0.024615
-0.004000
0.010000
0.033333
-0.001333
0.058667
0.031429
0.008696
0.020645
0.005714
0.028889
-0.000833
0.012500
0.021600
0.027500
0.025333
0.030667
-0.036471
-0.028571
-0.014545
-0.010909
-0.002000
0.056364
0.008966
-0.027200
0.018065
0.010769
0.012000
-0.010667
0.002667
0.004706
-0.054286
-0.030769
-0.015714
0.030667
0.031429
0.033333
-0.001333
0.058667
-0.001333
0.061333
0.040000
-0.030000
-0.012667
-0.006667
0.000000
-0.025455
-0.003077
-0.011429
0.001250
0.030000
0.021600
0.027500
-0.000833
0.012500
-0.003006
-0.003636
0.013441
-0.003190
-0.002000
-0.008439
0.003214
0.003133
-0.007263
-0.006561
-0.000725
-0.004000
0.001237
-0.000337
0.007222
0.001156
-0.010230
-0.001304
0.002396
-0.005904
0.000860
-0.005402
-0.014483
0.012695
0.034667
0.015000
0.000000
0.004000
0.013548
0.026400
-0.005806
0.006154
0.045333
-0.001250
-0.025714
-0.014667
0.020000
0.036923
-0.025714
-0.050769
0.020000
0.007097
0.017857
0.008000
-0.016800
0.008276
-0.008000
0.014400
-0.062000
0.001667
0.024444
-0.055000
0.033333
0.040000
-0.020000
-0.012000
0.017857
0.008000
0.020000
0.007097
-0.002500
-0.002143
-0.024286
0.039333
0.014286
-0.012000
-0.036154
-0.014194
0.026250
0.035714
0.005333
-0.030667
-0.036154
-0.014194
0.014286
-0.012000
-0.016296
0.004118
0.004286
0.012800
0.015000
0.000000
0.004000
0.034667
0.008000
0.026000
0.001818
0.032727
0.000000
0.007500
0.034286
-0.020000
-0.014074
-0.017600
-0.017419
-0.004615
-0.006667
-0.011250
-0.018571
0.004000
0.010667
-0.029231
-0.013333
0.055385
-0.001250
-0.025714
-0.014667
0.045333
0.004375
0.001379
0.023077
0.041935
0.004286
0.012800
-0.016296
0.004118
0.029565
-0.014815
-0.005161
-0.011250
0.017241
0.020800
0.028125
0.029677
-0.012000
0.033333
0.040000
-0.020000
0.061429
0.009231
0.011429
0.042857
-0.030667
0.026250
0.035714
0.005333
0.023077
0.041935
0.004375
0.001379
0.027857
-0.007647
-0.003200
-0.013103
0.007500
0.034286
-0.020000
0.000000
0.012000
-0.038000
-0.070909
-0.030000
-0.007826
0.023030
-0.013333
0.027500
-0.003200
-0.013103
0.027857
-0.007647
-0.011250
-0.018571
0.004000
-0.006667
-0.008000
0.014400
-0.016800
0.008276
0.005472
0.009600
0.010476
0.002745
0.003486
0.002718
0.001188
-0.003366
-0.007091
0.001584
0.011215
-0.002740
0.002233
0.001659
0.007685
-0.002003
0.007812
-0.004193
-0.004136
-0.000156
0.002575
0.003434
0.002879
-0.003106
0.003611
-0.005625
-0.006849
-0.021231
-0.003611
0.004545
0.005507
-0.018788
-0.006849
-0.021231
0.003611
-0.005625
-0.011549
-0.013538
0.002319
0.005758
0.005507
-0.018788
-0.003611
0.004545
0.002319
0.005758
-0.011549
-0.013538
0.002090
0.006501
0.002090
0.006501
-0.007463
0.004565
-0.007463
0.004565
-0.007754
-0.000463
-0.007754
-0.000463
-0.003750
-0.024762
-0.003750
-0.024762
0.003492
-0.001231
0.003492
-0.001231
-0.024762
-0.003750
-0.024762
-0.003750
-0.007077
-0.006667
-0.007077
-0.006667
-0.001231
0.003492
-0.001231
0.003492
-0.006667
-0.007077
-0.006667
-0.007077
