-0.043129
-0.033529
-0.031656
-0.032174
-0.025663
-0.032392
-0.031462
-0.034645
-0.054852
-0.053304
-0.061658
-0.062178
-0.035257
-0.032269
-0.030803
-0.040828
-0.039125
-0.033776
-0.035804
-0.036874
-0.046294
-0.037857
-0.049525
-0.048499
-0.004737
0.006667
-0.007586
-0.028718
0.008000
0.024848
0.016207
0.005263
0.003913
-0.013158
0.001429
0.006296
-0.006829
-0.000625
0.015273
-0.030476
-0.000976
-0.001176
-0.015000
0.020000
-0.009500
0.011765
0.002308
-0.029189
-0.014000
-0.027879
0.000588
-0.007931
0.009804
0.021176
-0.012222
-0.003704
-0.016735
0.026829
-0.002414
-0.013091
-0.008980
-0.010588
0.010000
-0.015714
0.003529
-0.007273
0.005862
0.016842
0.005490
-0.018857
0.025000
-0.010980
0.008491
0.010618
0.002346
0.010141
0.009844
0.013002
0.009444
0.006137
-0.004521
-0.001054
-0.003901
-0.001965
0.008585
0.009769
0.005112
0.012545
0.027647
-0.038261
0.007692
0.022500
-0.001143
0.005714
0.004138
0.009434
0.007216
0.011923
0.011924
0.008143
-0.003077
0.004444
-0.009143
0.021143
0.002400
0.046250
-0.017143
0.026154
0.001235
0.002797
-0.010376
0.001503
-0.003448
0.013750
-0.024848
-0.020714
0.014667
-0.012727
0.013333
-0.003889
0.025641
-0.033333
0.008000
-0.008649
0.037576
-0.003333
0.019310
-0.014054
0.007429
0.017000
-0.009455
0.006667
0.021818
-0.023333
0.033548
-0.001622
-0.016923
-0.005455
-0.006923
-0.001639
-0.051613
0.024000
0.008571
-0.027500
0.002642
-0.005143
-0.020769
-0.001400
-0.018407
0.002264
0.006126
-0.007651
-0.012110
-0.014118
-0.022124
-0.013267
-0.001111
0.007143
0.006981
0.016364
0.005900
0.006295
0.014872
0.011275
0.005962
0.013992
0.004678
-0.003529
-0.017906
0.006537
0.003394
0.003850
-0.010466
0.012893
0.003815
-0.003497
0.004560
0.003438
0.001637
0.004420
0.005514
0.019113
0.003448
0.009655
-0.003333
0.015172
-0.016923
0.001667
-0.017419
0.023636
0.005263
-0.004000
-0.003529
-0.003636
-0.010000
-0.026000
-0.036522
0.028000
0.028148
0.002222
-0.009592
-0.001194
-0.005202
0.006636
-0.007500
0.034545
0.007273
-0.034000
-0.042222
0.084000
-0.007333
-0.006667
0.014545
0.004286
0.007778
-0.006667
0.026250
0.015000
0.004000
-0.008148
-0.019251
-0.001407
0.014696
0.012597
-0.005882
-0.022000
-0.014375
0.002069
-0.027619
-0.004348
0.012222
-0.001429
0.001739
0.066000
0.006452
-0.023750
-0.024286
-0.010000
0.020645
0.008000
0.004757
-0.006798
0.003734
-0.003535
-0.004466
0.003166
0.013925
-0.006462
-0.002233
-0.002868
-0.011101
-0.009295
0.015197
-0.007087
0.002551
0.005149
0.005900
-0.002439
-0.005400
-0.008824
-0.010781
0.000813
0.010638
-0.003562
-0.045000
0.021176
0.034167
0.017778
-0.024800
0.008679
0.021250
-0.010000
-0.003000
0.009630
-0.010233
0.007692
0.023750
0.027619
0.020000
0.016667
-0.002222
-0.003750
-0.007059
0.020000
0.000000
-0.016842
0.002424
-0.011053
-0.041818
-0.003529
0.025000
-0.015714
0.009583
-0.012400
0.004848
-0.018519
-0.004074
-0.013725
0.000930
-0.003111
0.020000
0.013333
0.023636
0.004615
-0.005000
0.042105
0.018667
0.054118
0.033091
-0.023590
0.001818
-0.009500
-0.005308
-0.000385
0.008968
-0.007129
0.003033
-0.016124
-0.003514
-0.006423
0.008614
0.008516
-0.001696
-0.009505
0.006142
-0.002160
0.004947
-0.002715
-0.000077
-0.004194
0.001008
-0.001310
0.004825
-0.000490
0.015692
-0.001176
-0.006129
-0.015185
0.006364
-0.015745
-0.006667
-0.040000
0.005333
0.023750
-0.004615
0.024286
-0.009091
0.045000
-0.014615
0.007925
-0.015172
-0.015294
0.016000
0.010189
0.011818
-0.004490
-0.023636
-0.004286
0.016000
0.053846
-0.027797
-0.006486
0.006207
-0.007805
0.007500
0.006667
0.033333
0.016471
0.017333
-0.029000
-0.025333
-0.023750
-0.018361
-0.023158
-0.025882
0.001538
-0.005957
-0.006667
0.020625
-0.005333
-0.038182
0.004286
0.012000
-0.036923
0.003692
-0.009231
-0.009820
0.001828
-0.007188
-0.001872
0.004246
-0.003146
0.001451
-0.004724
-0.012203
-0.005246
0.002151
0.001692
-0.004368
0.004804
0.017778
0.008000
-0.006875
-0.004286
0.007500
-0.030000
-0.026207
0.016000
-0.001053
-0.008667
0.022857
-0.010769
0.018857
-0.018462
0.028750
0.005000
0.007872
0.008867
-0.002247
-0.001348
0.008889
-0.003636
-0.020000
-0.008571
-0.019000
-0.004000
-0.001000
0.000000
-0.002353
-0.010000
0.014194
-0.024615
0.009000
0.000000
0.002400
0.021250
-0.000311
-0.013267
0.007582
-0.008000
0.014400
0.026000
0.030000
0.016923
0.005714
0.030000
-0.004242
-0.024615
-0.005455
0.030909
0.021176
-0.015172
0.022105
-0.001600
0.014118
0.017500
-0.010256
-0.020830
-0.002476
-0.010175
-0.026829
-0.007915
0.000127
-0.012091
-0.015939
-0.009362
-0.008917
-0.006380
0.000189
-0.005800
0.007810
0.008235
0.001101
0.003495
-0.001188
-0.000594
0.037091
0.017822
0.006916
0.003014
0.008491
0.010618
0.002346
0.010141
0.009844
0.013002
0.009444
0.006137
-0.004521
-0.001054
-0.003901
-0.001965
0.027647
-0.038261
0.007692
0.022500
-0.001143
0.005714
0.004138
0.009434
-0.003077
0.004444
-0.009143
0.021143
0.002400
0.046250
-0.017143
0.026154
-0.003448
0.013750
-0.024848
-0.020714
0.014667
-0.012727
0.013333
-0.003889
-0.006769
0.020952
-0.009176
-0.001644
-0.006970
-0.006154
-0.004000
0.005000
0.025641
-0.033333
0.008000
-0.008649
0.000519
-0.016452
-0.017059
0.004138
0.037576
-0.003333
0.019310
-0.014054
-0.003377
0.010769
-0.005672
-0.006824
0.005143
-0.002029
-0.003529
-0.006591
0.007778
-0.004000
-0.008571
0.008219
-0.002632
-0.006857
0.010698
-0.009318
0.007429
0.017000
-0.009455
0.006667
0.021818
-0.023333
0.033548
-0.001622
-0.006173
-0.001290
-0.010000
0.010575
-0.022778
0.011385
0.002169
0.003516
0.002647
-0.008485
0.001647
-0.013803
-0.005122
-0.020000
-0.012791
0.004270
-0.016923
-0.005455
-0.006923
-0.001639
-0.002564
0.023438
0.024776
0.007209
-0.051613
0.024000
0.008571
-0.027500
0.011020
0.003902
-0.018909
0.001311
-0.004898
-0.012381
-0.022264
0.011000
-0.019583
-0.002979
-0.001017
-0.009552
-0.010588
-0.044000
0.001111
-0.000656
0.001111
-0.007273
0.002903
-0.018485
0.006809
0.004500
0.001200
-0.002667
0.004524
0.002609
-0.006234
-0.008500
0.010000
0.011667
-0.009091
-0.029333
0.054000
0.007273
0.032727
-0.080000
-0.014000
0.005714
-0.010909
0.027273
-0.034000
0.002222
0.033333
0.024000
-0.006512
-0.009574
0.007606
0.005783
0.031667
-0.009091
0.020000
-0.007500
0.008000
-0.020000
0.012727
0.022000
-0.043000
-0.028462
-0.025714
0.010000
0.044000
0.001333
0.014545
0.007273
-0.018000
0.009024
-0.002222
-0.003889
-0.010000
-0.021333
0.025333
-0.052857
-0.008750
-0.032174
-0.033750
0.036000
-0.045455
0.006000
-0.024615
-0.024000
0.066000
-0.010000
0.030909
-0.016000
-0.005385
0.005854
-0.014412
-0.001111
0.034000
0.005455
0.016364
-0.050000
0.005455
-0.030909
-0.054000
0.005333
-0.001053
-0.006667
0.029333
-0.061818
-0.048000
-0.016000
0.011667
-0.027273
0.002821
0.015122
-0.014769
0.001972
0.026000
0.005000
-0.016250
0.033846
-0.012941
0.021600
0.015789
0.006667
-0.054000
-0.014000
-0.076364
-0.014000
0.006000
0.054000
0.060000
-0.015385
-0.002963
-0.005063
-0.021667
0.004416
-0.012000
0.019167
0.005455
0.005000
-0.060000
0.001538
-0.054000
0.043333
-0.014000
-0.030000
0.021818
-0.023636
-0.018182
-0.010000
0.030909
0.030769
-0.042000
-0.026154
0.005714
-0.035385
0.034815
0.049091
0.040000
0.004545
-0.030000
-0.055385
0.020000
0.001818
0.014000
-0.060000
0.032000
-0.030909
0.000000
0.020000
0.012308
0.055714
-0.010000
-0.027692
0.007692
-0.006000
-0.001818
-0.072000
0.076000
0.002000
0.035000
0.004286
0.030000
-0.002000
0.003333
0.056667
0.003333
-0.060000
-0.005455
-0.012000
0.010000
-0.034000
0.002000
0.045455
0.034000
-0.049231
-0.018125
0.012000
-0.021538
0.000000
0.002308
0.018000
0.034118
0.000000
0.065455
0.040000
0.032000
-0.029231
0.014000
0.010000
-0.010909
-0.041818
0.020000
-0.009231
0.004000
-0.026667
-0.020000
-0.004615
0.040000
0.024615
0.056000
-0.005455
0.014000
-0.002000
0.000000
0.010000
-0.020000
0.006667
0.044000
0.030909
0.002000
-0.096667
0.016000
-0.018000
0.038000
-0.028000
-0.043636
-0.026667
-0.010000
-0.030000
-0.000714
-0.030000
-0.051765
0.041000
0.028000
0.030000
-0.006000
-0.040000
-0.043129
-0.033529
-0.031656
-0.032174
-0.025663
-0.032392
-0.031462
-0.034645
-0.054852
-0.053304
-0.061658
-0.062178
-0.035257
-0.032269
-0.030803
-0.040828
-0.039125
-0.033776
-0.035804
-0.036874
-0.046294
-0.037857
-0.049525
-0.048499
-0.005031
-0.005165
0.007149
-0.000550
0.008585
0.009769
0.005112
0.012545
0.008736
-0.003569
0.003430
0.008539
0.007216
0.011923
0.011924
0.008143
-0.007892
-0.008878
-0.008669
-0.013028
0.001235
0.002797
-0.010376
0.001503
0.000487
0.000542
0.003478
0.006320
-0.001739
-0.010462
0.004412
-0.004928
0.011471
0.001212
-0.006377
-0.014493
0.007508
0.010626
0.006509
0.003517
-0.006286
0.005217
0.011233
0.028000
-0.008788
0.007385
-0.006154
0.011692
-0.006424
-0.002913
-0.007508
-0.000415
-0.006176
-0.007692
-0.008060
0.002462
0.013529
-0.000294
-0.001818
-0.002424
0.005909
0.013818
-0.006415
-0.025306
-0.010909
-0.041429
-0.003333
-0.021818
0.001818
-0.009231
0.008000
-0.002000
-0.044000
0.021429
0.030000
0.076923
0.006000
-0.017895
-0.014667
-0.080000
0.003043
-0.010800
0.010189
0.010000
-0.036364
0.000000
-0.015000
-0.023077
-0.040000
-0.007143
0.010000
0.049091
0.060000
0.027778
-0.008000
-0.044000
-0.030000
-0.009231
0.006000
-0.021818
0.023265
-0.011739
0.008627
0.005246
-0.014000
0.017143
-0.034000
0.032727
0.004000
0.000000
0.014118
0.044000
0.049091
0.038182
-0.050000
0.020000
0.034000
-0.030769
0.014000
0.014000
0.005000
-0.007391
0.013684
0.021277
0.004000
-0.018000
-0.020000
-0.002000
-0.003636
0.009091
-0.020000
-0.038182
0.005455
0.010526
-0.014667
-0.033333
0.052727
-0.015385
-0.052000
0.005000
-0.020889
0.002553
-0.004364
-0.004906
-0.058000
-0.023333
0.012000
-0.043077
0.001818
0.007778
-0.013333
-0.032000
-0.016000
-0.008000
-0.048000
0.052000
0.041818
0.041818
0.014545
0.030000
-0.017391
-0.005778
0.000000
0.005833
0.034000
-0.011765
-0.031429
0.011250
-0.061818
-0.024615
0.018000
-0.016364
0.008000
-0.040000
0.062000
-0.038182
0.025455
0.012000
0.033333
-0.013846
0.038182
0.003077
-0.063077
0.011429
0.030000
0.080000
-0.034000
0.064000
-0.008000
-0.036923
-0.066000
-0.018333
0.008421
-0.008000
-0.014000
-0.038889
-0.002000
-0.020000
-0.015385
0.026667
-0.010909
0.050000
-0.016000
-0.029091
0.021250
-0.026000
-0.012727
-0.002000
-0.004000
0.027692
-0.038000
-0.008000
-0.066000
-0.015000
-0.002000
-0.012000
0.023750
-0.012857
0.023077
0.003158
-0.044000
0.024615
-0.023333
0.001429
0.042000
-0.018000
0.012000
0.036364
0.023636
0.018182
-0.020000
-0.067273
0.030909
0.030000
0.018333
0.060000
-0.046667
0.010000
-0.003333
0.027368
-0.010000
-0.046667
-0.026000
0.046667
0.026000
0.001538
-0.018000
-0.045000
0.051765
-0.032857
0.004000
-0.016250
-0.038000
-0.010000
0.012000
0.023333
0.088000
-0.003333
-0.008333
0.015000
-0.013333
-0.036364
-0.010769
0.047368
0.018000
-0.016667
-0.006000
0.018000
-0.008000
0.000000
0.010909
0.010769
-0.063636
-0.018333
0.016923
0.051667
-0.004737
0.006667
-0.007586
-0.028718
0.008000
0.024848
0.016207
0.005263
0.003913
-0.013158
0.001429
0.006296
-0.006829
-0.000625
0.015273
-0.030476
-0.000976
-0.001176
-0.015000
0.020000
-0.009500
0.011765
0.002308
-0.029189
-0.005641
-0.005600
-0.003947
0.000460
-0.005135
0.008148
0.002105
0.004598
-0.001882
-0.005588
-0.003662
0.005063
-0.014000
-0.027879
0.000588
-0.007931
0.006400
-0.006176
-0.023478
0.002250
0.009804
0.021176
-0.012222
-0.003704
0.020000
-0.001205
-0.018182
-0.014324
0.011944
-0.002162
-0.027397
-0.000870
-0.016735
0.026829
-0.002414
-0.013091
-0.005854
-0.003824
0.022824
0.002651
0.002895
0.022353
-0.002388
0.006923
-0.008980
-0.010588
0.010000
-0.015714
-0.016620
-0.006757
0.002133
-0.022319
-0.000563
-0.019231
-0.008219
0.010811
0.003529
-0.007273
0.005862
0.016842
-0.010602
0.001644
-0.022250
-0.019036
0.005490
-0.018857
0.025000
-0.010980
0.002250
-0.006667
-0.007353
0.002895
0.004318
-0.005371
-0.008800
-0.004914
0.001371
-0.014368
-0.005287
0.005600
-0.002197
-0.001839
-0.004773
-0.004091
0.002642
-0.005143
-0.020769
-0.001400
-0.018407
0.002264
0.006126
-0.007651
-0.012110
-0.014118
-0.022124
-0.013267
0.003692
-0.009231
-0.009820
0.001828
-0.007188
-0.001872
0.004246
-0.003146
0.001451
-0.004724
-0.012203
-0.005246
0.002151
0.001692
-0.004368
0.004804
0.017778
0.008000
-0.006875
-0.004286
0.007500
-0.030000
-0.026207
0.016000
-0.001053
-0.008667
0.022857
-0.010769
0.018857
-0.018462
0.028750
0.005000
0.007872
0.008867
-0.002247
-0.001348
0.008889
-0.003636
-0.020000
-0.008571
-0.019000
-0.004000
-0.001000
0.000000
-0.002353
-0.010000
0.014194
-0.024615
0.009000
0.000000
0.002400
0.021250
-0.000311
-0.013267
0.007582
-0.008000
0.014400
0.026000
0.030000
0.016923
0.005714
0.030000
-0.004242
-0.024615
-0.005455
0.030909
0.021176
-0.015172
0.022105
-0.001600
0.014118
0.017500
0.004757
-0.006798
0.003734
-0.003535
-0.004466
0.003166
0.013925
-0.006462
-0.002233
-0.002868
-0.011101
-0.009295
0.002907
0.007869
0.002174
0.014819
0.012211
0.001117
-0.003771
-0.004568
0.015197
-0.007087
0.002551
0.005149
-0.004162
0.002418
0.009385
0.016867
-0.011702
0.000120
-0.006860
0.001863
0.005900
-0.002439
-0.005400
-0.008824
0.012896
-0.010761
0.001809
0.010962
0.006667
-0.001257
0.001209
0.000455
-0.010781
0.000813
0.010638
-0.003562
0.005714
-0.034615
-0.005714
-0.023571
-0.012000
0.008800
-0.021481
0.017500
0.023636
0.027500
-0.001000
0.015000
-0.012143
-0.018750
0.006923
0.034074
0.038889
0.028750
0.020667
0.022609
-0.006923
0.010833
-0.000833
0.018400
0.025161
0.006207
0.004118
0.021481
0.006250
0.012000
-0.006667
-0.023158
0.028000
0.006667
0.022143
-0.007826
0.017500
-0.001111
0.031034
-0.008889
0.008889
-0.015714
0.003529
0.037647
0.002759
0.028889
0.028387
0.025185
-0.008800
-0.023200
0.003077
0.006207
0.000769
0.019286
-0.003704
-0.039231
0.005455
0.036000
0.036364
-0.001667
0.015000
-0.009091
-0.030769
0.021481
-0.024800
0.023846
0.000800
0.019130
0.006923
-0.025600
0.019231
-0.005926
0.020714
0.018788
0.018286
0.013077
0.004000
-0.001818
0.030909
-0.006667
-0.009032
-0.044545
0.003704
-0.026667
0.052000
-0.016000
-0.003846
0.012632
-0.046250
0.002857
-0.002500
0.003529
-0.009630
-0.013846
-0.010667
-0.018462
-0.056000
0.009231
-0.015000
-0.028750
0.002222
0.007407
0.013548
0.008000
0.004444
-0.016296
-0.015152
-0.019375
0.020000
0.022222
0.053333
0.021333
-0.008966
-0.006000
0.000000
-0.015714
-0.050000
0.022000
-0.038000
-0.006000
-0.046000
-0.068000
0.008000
-0.034000
-0.024000
-0.008000
0.016000
0.000000
-0.008333
0.090000
0.056000
0.012000
-0.010667
0.005263
-0.028333
0.003333
0.032000
-0.038000
-0.022000
-0.032000
0.074000
0.004000
-0.024000
0.044000
0.010000
0.064000
-0.002000
0.008000
-0.042000
-0.014000
-0.022000
-0.018000
-0.010000
-0.005833
0.027692
0.023846
-0.010000
-0.058000
0.006000
-0.016000
-0.052000
-0.001818
0.038000
0.010000
0.064000
0.020000
0.006000
0.045455
-0.034000
0.028000
-0.026000
0.002000
-0.019130
-0.025217
-0.005263
-0.008800
0.004000
0.012000
-0.032000
-0.020000
0.022000
-0.026000
-0.016000
0.018000
0.058000
-0.012000
-0.012000
0.026000
-0.006000
0.014000
-0.030000
-0.016000
0.025333
0.008000
-0.040000
-0.005000
-0.010857
0.035714
0.022857
0.021290
0.020000
-0.022667
0.005455
-0.043333
-0.006667
-0.031538
0.032000
0.014783
0.010000
-0.006957
0.018889
0.000000
-0.064000
-0.016000
0.008000
0.006000
0.036000
0.015000
0.014000
0.016000
0.018000
-0.024000
0.010000
0.014000
0.004000
0.020000
-0.016000
0.012000
-0.002500
-0.009286
-0.008276
0.002222
0.000000
0.012727
-0.054000
0.014000
-0.060000
-0.010000
-0.010000
-0.020000
-0.018000
-0.026000
0.010000
0.042000
0.020000
0.000000
0.024000
0.000000
-0.005714
0.004286
0.014400
0.010769
-0.045455
0.054000
-0.038000
-0.028000
0.020000
0.028000
0.020000
0.004000
-0.058000
-0.044000
-0.056000
0.002000
-0.022000
-0.026000
0.000000
0.012000
0.010000
0.023000
-0.012000
0.000909
-0.050000
0.050000
-0.016000
0.032000
-0.014000
-0.064000
-0.048000
0.020000
-0.078000
0.048000
0.002000
0.022000
0.020000
-0.022000
-0.008000
0.008000
-0.002069
0.010345
-0.030909
0.020000
-0.016000
-0.032727
-0.040000
-0.012727
-0.037143
0.004706
0.029333
0.006250
-0.017714
-0.005714
-0.010400
-0.011333
-0.013750
-0.032000
0.000741
-0.013043
0.032000
0.054000
0.016000
0.068000
0.068000
-0.002000
0.010000
0.046000
-0.010000
-0.080000
-0.022000
-0.018000
-0.046000
-0.010000
0.004000
-0.066000
0.006207
-0.014000
-0.028000
-0.003077
-0.004000
0.006000
0.010000
0.072000
0.030000
0.016000
0.028000
0.004000
0.000000
-0.014000
0.026000
-0.020000
0.074000
-0.044000
0.014000
-0.050000
-0.012000
0.014167
0.016667
-0.027097
0.008000
0.008000
0.030000
0.000000
0.022000
-0.008000
0.032000
-0.024000
0.026000
0.028000
-0.002000
0.002000
0.010000
0.046667
0.032000
-0.008000
-0.006957
0.049565
0.028462
0.014815
-0.034000
0.032000
0.014000
0.042000
-0.002000
0.030000
0.010000
0.038000
0.010000
-0.032727
0.012000
0.018000
0.054000
-0.006000
-0.008000
-0.032000
-0.005308
-0.000385
0.008968
-0.007129
0.003033
-0.016124
-0.003514
-0.006423
0.008614
0.008516
-0.001696
-0.009505
0.007630
0.005882
-0.002473
0.000613
0.004737
0.012717
-0.007381
0.002169
0.006142
-0.002160
0.004947
-0.002715
-0.017430
0.001270
0.002073
-0.010829
-0.000515
-0.002697
0.003056
-0.017803
-0.000077
-0.004194
0.001008
-0.001310
0.003103
-0.011739
-0.019896
0.015663
0.001828
0.001264
-0.010460
0.001557
0.004825
-0.000490
0.015692
-0.001176
0.044706
0.030000
0.014667
0.005217
0.020714
-0.003846
-0.012381
-0.001667
-0.019333
-0.012667
0.004571
0.006897
-0.020000
-0.024000
0.017143
-0.015000
0.022069
0.021333
0.023077
-0.029333
-0.013913
0.000000
0.022727
0.003333
-0.050000
0.046667
-0.003158
-0.004286
-0.006667
-0.022353
-0.018462
-0.011111
-0.024615
0.005833
-0.025000
0.040800
0.014074
0.000769
0.001429
-0.034286
-0.034667
-0.010857
0.006667
-0.025385
0.021818
0.015000
-0.026000
-0.007143
-0.005333
-0.002500
-0.012143
0.015556
0.012000
-0.007273
0.007619
0.036364
0.003448
-0.003846
0.010909
0.011852
-0.013750
-0.008571
0.009333
-0.012500
-0.015333
0.014286
0.016364
0.020000
0.020000
-0.034118
-0.000741
-0.004444
-0.009333
0.009333
-0.023750
-0.030000
0.020667
0.023200
-0.011613
0.039200
0.002308
0.014615
-0.018333
0.037143
0.005185
-0.006923
-0.060000
0.042667
-0.012414
0.047059
0.034286
-0.008333
-0.021818
0.006154
-0.028000
0.007143
-0.030000
0.036154
0.032571
0.009412
0.008000
-0.020000
-0.001333
-0.022857
-0.002000
-0.010909
-0.054444
-0.012308
0.001600
-0.014483
-0.021538
-0.019286
-0.005600
-0.011304
-0.024800
-0.011200
-0.038000
0.006000
-0.041818
0.016000
0.048000
-0.028000
0.010000
0.018000
0.054000
0.006000
0.060000
0.008000
0.052000
0.036000
0.020000
-0.032727
-0.029091
0.022400
-0.013684
0.006400
-0.038000
-0.016667
0.062000
0.028000
-0.022000
0.004000
-0.012000
0.020000
0.044000
0.002000
0.034000
0.002000
0.018000
0.006000
-0.068000
0.008000
0.011333
0.028571
0.000800
0.023200
-0.010000
0.010000
0.026000
-0.042000
-0.060000
0.006000
-0.074000
0.014000
0.014000
0.060000
0.026000
0.046000
-0.038000
0.002000
-0.028000
-0.066000
0.001250
0.029474
-0.014000
0.037600
0.006000
-0.044000
-0.034000
-0.056000
0.014000
0.010000
-0.004000
-0.056000
0.054000
0.012000
-0.012000
-0.082000
0.002000
0.012000
0.018000
0.012000
-0.019259
-0.019310
0.033548
-0.001290
-0.006000
-0.008000
-0.024000
0.006000
0.008571
-0.011538
-0.010370
-0.019333
-0.016000
-0.015789
0.017333
0.034667
-0.012500
0.012500
0.003810
0.008462
-0.040000
0.018000
-0.002000
0.012000
-0.034000
0.020000
0.020000
-0.030000
-0.052000
-0.010000
0.000000
0.026000
0.036000
-0.022000
0.024000
-0.032000
-0.006667
0.022759
-0.001538
-0.030000
0.032000
0.002000
0.008000
-0.038000
0.008000
-0.070000
-0.012000
0.024000
-0.042000
0.040000
-0.034000
-0.050000
-0.018000
-0.016000
0.024000
-0.032000
0.035385
0.006923
-0.004000
-0.012857
0.084000
-0.022000
-0.024000
-0.016364
-0.034000
0.012000
-0.040000
0.010000
-0.004000
-0.018000
0.008000
-0.010000
-0.056000
-0.022000
-0.010000
-0.036000
-0.014400
0.006400
0.049524
0.030323
-0.024000
-0.006000
0.026000
-0.030000
-0.016000
-0.056000
-0.044000
-0.052000
0.032000
-0.012727
-0.044000
0.016000
0.026000
-0.048000
0.022000
0.040000
0.022857
0.011765
-0.012857
0.037333
-0.000571
0.012593
-0.014815
0.019333
-0.003333
0.011724
0.013103
0.036923
-0.020000
0.018000
0.032000
0.038182
-0.023158
0.013600
-0.034545
-0.030833
-0.064000
0.024000
-0.060000
0.030000
-0.016000
0.031667
-0.010000
0.006000
-0.016000
-0.050000
0.002000
0.036000
-0.026000
0.028000
0.020000
-0.020000
-0.008462
-0.008148
0.027407
-0.010000
0.036000
-0.002000
-0.026000
0.014000
-0.008000
-0.034000
0.020000
-0.018462
0.010000
0.006000
-0.012000
-0.010000
0.024000
0.020000
-0.046000
0.050000
0.029333
0.015000
-0.000952
0.008000
-0.028000
0.040000
0.030000
0.002000
-0.014000
-0.010000
-0.024000
0.006000
0.028000
-0.016000
-0.050000
0.004000
-0.074000
-0.052000
-0.022000
-0.026000
-0.040000
0.001429
-0.001538
-0.040833
-0.032727
-0.030000
-0.002000
-0.030000
0.040000
0.050000
-0.008000
0.034000
0.004000
-0.002000
-0.026000
-0.024000
-0.006000
-0.040000
-0.010000
0.028000
-0.017906
0.006537
0.003394
0.003850
-0.010466
0.012893
0.003815
-0.003497
0.004560
0.003438
0.001637
0.004420
0.005514
0.019113
0.003448
0.009655
-0.003333
0.015172
-0.016923
0.001667
-0.017419
0.023636
0.005263
-0.004000
-0.003529
-0.003636
-0.010000
-0.026000
-0.036522
0.028000
0.028148
0.002222
-0.009592
-0.001194
-0.005202
0.006636
-0.007500
0.034545
0.007273
-0.034000
-0.042222
0.084000
-0.007333
-0.006667
0.014545
0.004286
0.007778
-0.006667
0.026250
0.015000
0.004000
-0.008148
-0.019251
-0.001407
0.014696
0.012597
-0.005882
-0.022000
-0.014375
0.002069
-0.027619
-0.004348
0.012222
-0.001429
0.001739
0.066000
0.006452
-0.023750
-0.024286
-0.010000
0.020645
0.008000
0.000189
-0.005800
0.007810
0.008235
0.001101
0.003495
-0.001188
-0.000594
0.037091
0.017822
0.006916
0.003014
-0.022775
0.003371
0.009832
0.004000
-0.009186
0.005029
-0.008268
-0.006400
0.011676
0.005371
0.005169
-0.008750
0.008491
0.010618
0.002346
0.010141
0.009844
0.013002
0.009444
0.006137
-0.004521
-0.001054
-0.003901
-0.001965
-0.043129
-0.033529
-0.031656
-0.032174
-0.025663
-0.032392
-0.031462
-0.034645
-0.054852
-0.053304
-0.061658
-0.062178
-0.035257
-0.032269
-0.030803
-0.040828
-0.039125
-0.033776
-0.035804
-0.036874
-0.046294
-0.037857
-0.049525
-0.048499
-0.005641
-0.005600
-0.003947
0.000460
-0.005135
0.008148
0.002105
0.004598
0.011020
0.003902
-0.018909
0.001311
-0.001882
-0.005588
-0.003662
0.005063
-0.004898
-0.012381
-0.022264
0.011000
0.006400
-0.006176
-0.023478
0.002250
0.020000
-0.001205
-0.018182
-0.014324
0.011944
-0.002162
-0.027397
-0.000870
-0.019583
-0.002979
-0.001017
-0.009552
-0.005854
-0.003824
0.022824
0.002651
-0.010588
-0.044000
0.001111
-0.000656
0.002895
0.022353
-0.002388
0.006923
-0.016620
-0.006757
0.002133
-0.022319
-0.000563
-0.019231
-0.008219
0.010811
0.001111
-0.007273
0.002903
-0.018485
-0.010602
0.001644
-0.022250
-0.019036
0.006809
0.004500
0.001200
-0.002667
0.002250
-0.006667
-0.007353
0.002895
-0.005588
-0.013433
0.004706
0.005714
-0.006866
0.011622
0.000000
-0.004333
-0.008493
0.009831
-0.011562
0.000000
-0.002769
-0.002545
-0.009831
-0.028889
0.018750
0.009643
0.012459
-0.016786
0.016364
0.001667
-0.016825
-0.007586
-0.022090
-0.011429
-0.016615
0.004928
-0.058000
0.012000
0.029091
-0.054000
0.024000
-0.096000
0.042000
0.055000
-0.030000
0.013846
0.010000
-0.058000
-0.046667
0.010000
0.004000
-0.001818
0.001429
0.008451
-0.003438
0.012059
0.016000
-0.002000
0.032000
-0.068000
-0.018000
0.000000
0.010909
0.078000
0.013333
-0.014286
-0.021538
-0.020000
0.008000
-0.012000
0.007273
-0.004000
-0.018000
0.005455
-0.024000
0.016364
-0.001667
-0.038182
0.007273
0.040000
0.050909
0.012308
0.010000
0.007273
-0.001600
-0.018000
-0.010909
-0.006154
0.030000
-0.012000
-0.004000
-0.005455
-0.006000
-0.012000
0.024000
-0.001667
-0.036000
0.022000
0.012000
0.002000
-0.018000
0.000000
-0.048000
-0.034000
-0.014000
-0.007273
-0.014000
-0.050909
-0.046667
-0.024000
0.018182
-0.052000
0.010909
-0.003636
-0.009231
-0.007692
0.017600
0.028000
0.007273
0.034286
-0.014000
-0.002000
-0.030909
-0.005000
-0.010909
-0.012000
-0.028000
0.026000
0.068000
-0.005455
-0.012000
-0.006000
0.018000
-0.001818
-0.044000
-0.008000
-0.018873
-0.002388
-0.003548
-0.002105
-0.036000
-0.015714
-0.013750
0.010000
0.000000
-0.030526
-0.010000
-0.046000
0.002000
-0.036000
0.022000
0.012000
-0.022000
-0.014000
0.004000
-0.016000
0.004127
0.003235
0.008621
-0.012982
0.018000
-0.060000
-0.054000
-0.046667
0.022000
0.014000
-0.003636
0.006000
0.043529
0.036000
0.054000
-0.001818
-0.036000
-0.014118
0.034545
-0.026000
0.015000
-0.022000
-0.021818
0.052000
0.076000
0.009091
-0.010000
0.050000
0.012000
0.029091
-0.054000
-0.058000
0.003636
-0.010000
-0.032000
-0.028000
0.030000
0.001667
-0.038000
0.012000
0.004000
-0.029091
0.043636
-0.002000
0.052727
0.027273
-0.001818
-0.020000
-0.016000
0.020000
-0.030769
0.006154
0.012727
-0.026667
-0.018182
-0.021667
0.018000
-0.023636
-0.020000
0.000000
0.010435
0.064000
0.021250
-0.077143
-0.014545
-0.024000
-0.003636
-0.047273
0.040000
0.006000
0.001818
-0.026154
0.021818
-0.042000
-0.024000
0.038000
0.000000
-0.038000
0.018000
0.066000
-0.052000
0.022000
0.026000
0.018000
-0.000286
-0.015152
0.003390
-0.010000
-0.006000
-0.035714
-0.032500
-0.018182
0.030000
0.017895
0.005333
0.007143
-0.048000
-0.008000
-0.028000
0.034545
-0.008000
0.018000
-0.001818
-0.044000
0.001429
0.015873
-0.003492
0.001404
0.006250
0.020000
0.020000
0.018000
-0.024000
-0.003077
0.016000
-0.034000
-0.002000
-0.020000
0.024000
0.021818
0.018000
-0.052000
0.022000
0.026000
-0.027273
-0.056364
-0.036000
-0.030000
-0.038000
0.012727
0.052000
0.001667
-0.002000
0.032000
-0.068000
0.016000
-0.030000
0.002000
-0.024000
-0.014000
0.018182
-0.014000
-0.003636
-0.052000
-0.056000
0.026667
0.004000
0.030000
-0.010833
0.026000
0.010000
0.010000
0.027273
-0.058000
-0.012000
0.001818
-0.014000
0.004000
0.041818
-0.008333
-0.003636
-0.006000
-0.002000
0.036000
0.000000
-0.028000
0.012000
0.034000
0.014000
-0.003636
0.006000
0.022000
0.020000
0.044000
0.034545
-0.055000
-0.020000
0.010909
0.000000
0.012000
0.020000
0.010000
-0.003529
0.021176
0.034545
-0.028000
0.002000
-0.006667
-0.005031
-0.005165
0.007149
-0.000550
0.008736
-0.003569
0.003430
0.008539
-0.007892
-0.008878
-0.008669
-0.013028
0.013499
0.007164
0.013499
0.007164
0.000487
0.000542
0.003478
0.006320
-0.006769
0.020952
-0.009176
-0.001644
-0.006970
-0.006154
-0.004000
0.005000
-0.001739
-0.010462
0.004412
-0.004928
0.000519
-0.016452
-0.017059
0.004138
0.011471
0.001212
-0.006377
-0.014493
-0.003377
0.010769
-0.005672
-0.006824
0.008159
0.006273
0.008159
0.006273
0.007508
0.010626
0.006509
0.003517
0.005143
-0.002029
-0.003529
-0.006591
0.007778
-0.004000
-0.008571
0.008219
-0.006286
0.005217
0.011233
0.028000
-0.002632
-0.006857
0.010698
-0.009318
-0.008788
0.007385
-0.006154
0.011692
-0.006173
-0.001290
-0.010000
0.010575
-0.006722
-0.006446
-0.006722
-0.006446
-0.006424
-0.002913
-0.007508
-0.000415
-0.022778
0.011385
0.002169
0.003516
0.002647
-0.008485
0.001647
-0.013803
-0.006176
-0.007692
-0.008060
0.002462
-0.005122
-0.020000
-0.012791
0.004270
0.013529
-0.000294
-0.001818
-0.002424
-0.002564
0.023438
0.024776
0.007209
0.003077
-0.012059
-0.010526
-0.008254
0.000000
-0.018529
0.000339
0.013115
0.014286
0.003333
0.001356
-0.010690
0.017460
-0.009811
0.037407
-0.025085
0.006769
0.023846
-0.005000
0.030175
0.012698
-0.001111
-0.022759
-0.003793
-0.000317
-0.000968
0.005614
-0.008302
-0.008000
-0.042000
0.003636
-0.038000
0.018182
-0.046000
-0.028000
0.046000
0.040000
-0.018000
0.016000
-0.008000
-0.040000
-0.008000
-0.026154
-0.013846
0.015238
0.003810
0.010714
0.031923
-0.008000
-0.014000
0.074000
0.064000
-0.018000
-0.050000
-0.004000
-0.006000
-0.014545
0.040000
0.003077
0.036364
0.004000
0.000000
-0.002000
0.038000
-0.014000
-0.030000
-0.014000
-0.030000
-0.054000
-0.012000
-0.012000
0.000000
-0.034000
-0.004000
0.040000
-0.008000
-0.006000
0.020000
0.040000
-0.052000
0.005000
0.009231
-0.007273
0.006667
0.004000
0.000000
0.018000
0.032000
-0.040000
-0.008000
0.002000
0.006000
0.016923
-0.018000
-0.045455
-0.001429
0.052000
-0.040000
0.052000
-0.040000
0.032000
-0.062000
-0.082000
-0.076000
0.030000
0.006000
0.043333
0.040000
-0.006000
-0.016000
-0.023636
0.022000
0.010000
0.018000
0.038000
-0.042000
0.034667
-0.030000
0.011818
-0.010588
0.048333
0.038182
0.038182
0.028571
0.020000
-0.028000
-0.008000
0.024000
-0.006176
0.001639
0.008621
-0.006269
0.046000
0.030000
0.055000
0.064000
-0.016667
0.011429
-0.037333
-0.001667
-0.044000
-0.048000
0.008000
0.014000
-0.056000
-0.032000
0.030000
-0.014000
0.017910
0.007385
0.005818
0.021091
0.014000
-0.002000
0.018000
0.038000
0.028000
-0.020000
-0.020000
-0.026000
0.030909
0.056842
0.030769
-0.010000
0.016000
-0.060000
-0.058000
0.014000
0.000000
0.045714
-0.013913
-0.023333
-0.030000
0.030000
-0.024000
0.014000
-0.018182
-0.010000
-0.018000
-0.002000
-0.044000
0.017143
0.049231
0.020000
0.030000
0.022000
0.030000
0.022000
0.016000
-0.008000
0.054000
-0.016000
-0.008000
-0.028000
0.016364
-0.012000
0.040000
0.000000
0.004000
0.020000
-0.082000
-0.076000
0.032000
-0.062000
0.000000
0.050000
0.000000
0.050000
0.032000
0.020000
-0.034000
0.110000
0.026000
0.018000
-0.047273
-0.028000
0.004000
-0.002000
-0.028000
0.012000
0.002857
-0.025882
0.017391
-0.025333
-0.005455
-0.004000
0.016923
-0.024444
0.034000
-0.012000
-0.018000
0.004000
-0.022609
-0.003939
-0.001404
-0.018056
0.030000
-0.009091
-0.040000
-0.008000
-0.042000
0.000000
0.032941
-0.003333
0.004000
0.032000
0.030000
0.028000
0.004000
-0.008000
-0.016000
0.010000
-0.025000
-0.020317
0.018571
-0.020385
0.018000
0.014000
0.000000
0.026667
0.044000
-0.049091
-0.038000
0.036000
0.034000
0.004000
0.043636
-0.004000
-0.026000
0.016000
0.036000
0.004000
-0.002500
-0.033750
-0.010909
-0.026316
0.026000
-0.004000
0.030000
-0.004000
0.034545
-0.002000
0.022000
0.018182
0.004615
-0.031429
-0.032308
-0.027500
0.054000
-0.016000
0.016000
-0.008000
-0.010000
0.014000
-0.010000
0.014000
-0.002000
-0.004000
0.018000
-0.010000
0.034000
-0.004000
-0.009091
-0.050000
0.030000
-0.038000
0.004000
-0.002000
-0.009333
-0.025714
0.015238
0.002353
-0.018333
-0.004000
-0.035000
-0.004286
-0.018000
-0.030000
-0.032727
0.056000
-0.012000
0.000000
-0.054000
-0.012000
0.030000
-0.042000
0.030000
-0.042000
0.000000
0.008000
-0.024000
0.042000
-0.008000
0.056000
-0.035000
-0.014000
0.002642
-0.005143
-0.020769
-0.001400
-0.018407
0.002264
0.006126
-0.007651
-0.012110
-0.014118
-0.022124
-0.013267
0.002907
0.007869
0.002174
0.014819
0.012211
0.001117
-0.003771
-0.004568
-0.004162
0.002418
0.009385
0.016867
-0.011702
0.000120
-0.006860
0.001863
0.012896
-0.010761
0.001809
0.010962
0.006667
-0.001257
0.001209
0.000455
-0.010400
0.021212
-0.023704
0.011200
-0.020000
0.005333
-0.024828
-0.017692
-0.026000
-0.060000
0.034444
-0.011250
0.013333
-0.006667
-0.043529
-0.036000
-0.035714
-0.013333
0.018667
-0.015294
0.010968
0.010400
0.006061
0.003077
-0.012857
0.017333
0.024000
-0.026250
0.001333
-0.052308
-0.011429
0.028571
0.036429
0.000000
0.019130
-0.023226
-0.017500
-0.005333
-0.029333
0.011429
-0.023704
0.011200
-0.010400
0.021212
0.000769
-0.028889
0.020606
-0.025714
-0.014667
-0.012000
-0.037500
0.021290
-0.036000
0.013333
-0.006667
-0.043529
0.028000
-0.016923
0.021250
-0.025333
0.011429
-0.017500
-0.005333
-0.029333
0.000769
0.009375
-0.017143
0.006897
0.020741
0.002424
0.024667
-0.013333
0.000000
-0.002667
-0.022000
0.018182
-0.040000
-0.020000
-0.001176
0.000000
-0.022308
0.017647
0.012727
-0.007647
-0.017143
0.006897
0.000769
0.009375
-0.024828
-0.017692
-0.020000
0.005333
-0.008000
0.008000
0.026667
0.057143
0.019130
-0.023226
0.036429
0.000000
-0.009167
0.013750
0.016000
-0.010833
-0.013333
0.018667
-0.015294
-0.035714
0.025455
0.100000
0.004000
-0.016364
-0.013793
-0.005600
0.016774
0.002308
0.000000
-0.040000
-0.020000
-0.001176
0.054286
-0.023077
-0.008571
0.044000
0.057143
-0.008000
0.008000
0.026667
0.017333
0.024000
-0.026250
-0.012857
0.024667
-0.013333
0.020741
0.002424
-0.020769
0.005714
0.007500
0.005294
0.016000
-0.010833
-0.009167
0.013750
0.007630
0.005882
-0.002473
0.000613
0.004737
0.012717
-0.007381
0.002169
-0.017430
0.001270
0.002073
-0.010829
-0.000515
-0.002697
0.003056
-0.017803
0.003103
-0.011739
-0.019896
0.015663
0.001828
0.001264
-0.010460
0.001557
-0.008000
0.007500
-0.005714
-0.014667
0.005161
0.001600
0.012903
-0.013846
-0.018667
0.036250
-0.030000
0.009333
-0.005333
-0.050769
-0.017143
0.000000
0.011111
-0.023871
-0.000714
0.004800
-0.001600
-0.062759
-0.023333
0.032000
0.022000
-0.003333
0.068889
0.025000
0.002667
0.010000
-0.013333
-0.028000
-0.000714
0.004800
0.011111
-0.023871
0.016667
0.019286
-0.016429
0.001333
0.032143
-0.019200
-0.015385
-0.038710
0.001250
-0.015714
0.009333
0.014667
-0.015385
-0.038710
0.032143
-0.019200
0.001481
0.011765
-0.010000
0.002400
0.007500
-0.005714
-0.014667
-0.008000
-0.032000
0.020000
-0.001818
-0.056364
-0.038571
-0.005000
-0.060000
-0.001333
-0.047407
0.021600
-0.016129
0.026923
-0.022667
0.021250
0.042857
0.020000
-0.002667
0.049231
0.040000
-0.023077
0.036250
-0.030000
0.009333
-0.018667
0.003750
-0.023448
-0.002308
-0.010323
-0.010000
0.002400
0.001481
0.011765
-0.056522
-0.016296
0.034839
0.017500
0.011724
0.004800
-0.023125
-0.003871
-0.028000
0.002667
0.010000
-0.013333
-0.020000
0.030769
-0.008571
-0.018571
0.014667
0.001250
-0.015714
0.009333
-0.002308
-0.010323
0.003750
-0.023448
0.000000
-0.027647
-0.009600
0.010345
-0.005000
-0.060000
-0.001333
-0.038571
0.030000
0.022000
-0.027273
0.018333
-0.011304
-0.005455
0.013939
0.001250
-0.009600
0.010345
0.000000
-0.027647
0.021250
0.042857
0.020000
-0.022667
-0.023333
0.032000
-0.001600
-0.062759
0.000189
-0.005800
0.007810
0.008235
0.001101
0.003495
-0.001188
-0.000594
0.037091
0.017822
0.006916
0.003014
0.008491
0.010618
0.002346
0.010141
0.009844
0.013002
0.009444
0.006137
-0.004521
-0.001054
-0.003901
-0.001965
-0.005833
-0.003750
0.010411
0.019077
-0.010556
-0.015758
0.015362
-0.006667
0.010411
0.019077
-0.005833
-0.003750
-0.021127
0.020615
0.007246
0.000606
0.015362
-0.006667
-0.010556
-0.015758
0.007246
0.000606
-0.021127
0.020615
0.013499
0.007164
0.013499
0.007164
0.008159
0.006273
0.008159
0.006273
-0.006722
-0.006446
-0.006722
-0.006446
0.016250
0.015238
0.016250
0.015238
-0.009524
0.018462
-0.009524
0.018462
0.015238
0.016250
0.015238
0.016250
-0.005846
0.004444
-0.005846
0.004444
0.018462
-0.009524
0.018462
-0.009524
0.004444
-0.005846
0.004444
-0.005846
