-0.016330
-0.025794
-0.018974
-0.016440
-0.015857
-0.015632
-0.020538
-0.015207
-0.016124
-0.025719
-0.020299
-0.023786
-0.013167
-0.021109
-0.017729
-0.018290
-0.014878
-0.018095
-0.015608
-0.012908
-0.022109
-0.028571
-0.021117
-0.024654
-0.012105
0.016364
-0.010000
0.010256
-0.002000
-0.015152
0.021724
-0.015789
-0.006087
-0.000526
0.002500
-0.039259
-0.013659
0.013125
0.008727
-0.006667
-0.004878
-0.006471
0.013929
-0.001695
-0.017000
-0.001176
0.005769
0.014595
-0.002000
0.009091
0.005882
0.021379
-0.001961
0.007647
-0.024444
-0.006667
-0.007347
0.009268
0.023448
-0.002545
-0.002041
0.019412
0.004211
-0.001429
0.000000
-0.007273
-0.022069
0.005263
0.001961
-0.014286
-0.035556
-0.001569
0.003585
0.006275
-0.003827
0.003787
-0.000562
0.001780
-0.001451
0.005140
0.002606
-0.003434
-0.006563
0.005198
-0.002476
-0.007228
-0.000084
0.009903
0.028235
0.044348
-0.020769
0.010000
0.002857
0.032857
0.001724
-0.028679
0.006632
0.007273
0.006759
0.005036
-0.038462
0.011852
0.013143
0.018286
0.011200
0.045000
-0.037143
0.003846
0.006552
0.003252
-0.006190
-0.007943
-0.005517
0.003750
-0.003030
-0.008571
0.042667
-0.016364
-0.028667
0.013333
-0.012821
0.010000
0.002286
0.012973
0.010303
0.028333
-0.001379
0.008108
-0.020000
0.043000
-0.018182
0.033667
0.003030
0.005000
-0.030323
0.010811
0.010769
0.012727
-0.010769
-0.016393
0.032903
0.028000
-0.041429
0.004375
-0.005660
0.013524
-0.019038
0.000400
-0.009912
0.006415
-0.007207
-0.011141
-0.000734
-0.030588
0.008319
0.019208
0.003737
0.000336
-0.005943
-0.010303
-0.013400
0.003825
0.015128
0.013826
0.011442
0.002469
-0.002456
-0.001538
0.006806
0.004098
0.000826
-0.006952
-0.002383
-0.003147
-0.001503
0.006667
0.007254
-0.001458
0.004444
0.000110
0.000973
0.003054
-0.008851
0.003908
-0.000833
0.019310
-0.043077
0.030000
-0.003226
0.016364
0.000000
-0.005600
0.012941
0.007273
-0.005000
-0.007333
-0.012174
0.032000
-0.002963
0.027778
0.016020
0.004975
0.000578
0.001455
0.005833
-0.009091
0.003636
-0.025000
0.017778
0.044000
0.031333
-0.008000
-0.008182
0.011429
0.005556
-0.010000
-0.006250
0.026667
-0.032000
0.002222
-0.008021
-0.004221
0.003978
-0.014144
0.011176
0.012000
0.005000
0.005517
-0.052381
-0.008696
-0.006667
0.005714
-0.010435
0.026000
0.000645
0.043750
-0.005714
0.002000
0.008387
0.002667
-0.010680
-0.004190
0.007552
0.008182
0.005340
-0.008185
-0.010000
0.006154
-0.010233
0.002558
0.006784
-0.000415
-0.000866
-0.005591
0.002755
0.008812
-0.003985
0.005285
0.001100
0.004958
-0.006094
0.003496
0.005872
-0.002648
0.008333
-0.014118
0.003333
-0.001111
-0.005200
0.007547
-0.016875
-0.005714
-0.018000
0.004074
0.012093
-0.012308
0.038750
0.018095
-0.016000
0.020000
0.052222
-0.001250
0.007059
-0.018824
-0.000364
-0.012632
-0.009697
0.016316
-0.021818
0.054118
0.003333
0.018571
0.034583
0.006800
0.012121
-0.013333
-0.014444
-0.007059
0.013488
-0.013778
-0.060000
0.026667
0.020000
-0.015385
0.036250
-0.014737
0.018667
0.007059
0.026909
-0.006154
0.009091
0.044500
0.003128
0.003154
0.004524
0.000000
0.008531
0.003256
0.002252
-0.002846
0.011287
-0.000391
0.005089
0.003168
-0.002441
-0.002480
-0.003579
-0.000090
-0.005174
0.002661
-0.001765
-0.008734
0.003658
-0.005306
-0.006974
-0.007983
0.017742
-0.014815
-0.000909
0.006383
-0.006667
-0.007619
-0.021333
-0.003750
0.003077
0.021429
0.010909
0.020000
0.000385
0.029811
0.013103
-0.015882
-0.000727
0.024906
0.033636
-0.005306
-0.050909
-0.030000
-0.018000
0.016923
0.002034
0.026486
-0.026207
-0.009756
0.000000
-0.015238
0.028000
0.020000
-0.045333
0.002000
-0.005333
-0.010000
0.021967
-0.007368
0.025294
0.004103
0.023404
-0.002917
0.007500
-0.011333
0.003636
-0.014286
-0.028000
-0.030769
0.000410
0.006058
0.002072
0.016129
-0.005833
-0.010837
0.001341
-0.000562
0.017098
0.007839
0.012429
0.008743
-0.001935
0.008358
-0.002989
0.012179
0.024444
-0.014000
-0.005000
0.000000
0.025833
-0.004000
0.001379
0.009000
-0.042105
-0.020000
-0.070000
-0.004615
0.008000
0.021538
0.002500
-0.008750
-0.006489
0.011823
-0.007753
-0.015169
0.015000
-0.029091
-0.013333
0.016571
-0.006000
0.008800
0.015000
0.041538
-0.031765
0.064000
-0.014839
-0.007692
-0.002000
-0.002000
0.004000
-0.013750
0.004249
0.003960
-0.004615
0.007022
-0.004000
-0.028000
-0.001875
-0.011538
0.027619
0.018000
-0.002424
-0.018462
-0.011515
0.029091
-0.018824
-0.006897
-0.030526
-0.039200
-0.015294
0.008750
-0.006051
-0.000332
-0.018381
0.006082
-0.004976
-0.011574
-0.004713
-0.019818
-0.001726
-0.005362
-0.014013
-0.004172
0.001887
0.001400
-0.009524
-0.006667
0.000000
0.004660
-0.008911
0.000594
-0.001091
0.006931
0.010093
-0.004247
0.003585
0.006275
-0.003827
0.003787
-0.000562
0.001780
-0.001451
0.005140
0.002606
-0.003434
-0.006563
0.005198
0.028235
0.044348
-0.020769
0.010000
0.002857
0.032857
0.001724
-0.028679
-0.038462
0.011852
0.013143
0.018286
0.011200
0.045000
-0.037143
0.003846
-0.005517
0.003750
-0.003030
-0.008571
0.042667
-0.016364
-0.028667
0.013333
0.007692
0.006349
0.001882
0.017808
0.005152
0.010154
0.002118
-0.012647
-0.012821
0.010000
0.002286
0.012973
-0.005195
-0.010645
-0.005882
0.015402
0.010303
0.028333
-0.001379
0.008108
-0.005974
0.006769
0.003284
0.002588
0.015429
0.004058
-0.003059
0.001818
-0.003889
-0.004000
-0.012857
0.000274
-0.017632
0.020857
-0.008837
0.022727
-0.020000
0.043000
-0.018182
0.033667
0.003030
0.005000
-0.030323
0.010811
0.015309
-0.001613
-0.000606
-0.006667
-0.008611
0.010154
0.002410
-0.001978
0.020000
0.014848
0.007765
0.008169
-0.010244
-0.004516
-0.012093
0.001348
0.010769
0.012727
-0.010769
-0.016393
0.018718
0.001875
0.005672
-0.010698
0.032903
0.028000
-0.041429
0.004375
-0.002041
0.008293
-0.016000
-0.013770
0.016327
0.008095
-0.017736
-0.009000
-0.004167
-0.021702
0.010508
-0.004478
-0.024314
-0.005000
0.008519
-0.014098
0.011852
0.013636
0.022258
-0.006970
0.008936
0.014000
-0.006000
0.016000
-0.000476
-0.005000
-0.006753
0.004250
-0.026000
0.013333
0.030909
-0.009333
-0.016000
-0.054545
0.023636
0.030000
-0.016000
0.018571
0.012727
-0.012727
0.019000
0.000000
-0.025000
0.014667
0.032791
-0.005319
0.010423
0.003133
-0.008333
-0.045455
0.023636
-0.030000
-0.030000
-0.021818
0.043636
0.030000
-0.030000
0.029231
-0.002857
-0.026250
-0.050000
-0.004000
0.000000
-0.040000
-0.015111
0.003171
0.007937
-0.005833
-0.024000
-0.001333
0.002667
0.041429
-0.031250
0.002609
-0.038750
-0.038000
-0.009091
-0.004000
0.043077
-0.025333
-0.006000
0.010000
-0.036364
-0.026000
0.002308
0.010732
-0.001765
0.004722
0.004000
0.040000
-0.003636
-0.044000
0.000000
0.007273
-0.004000
0.034667
-0.016842
0.021667
-0.013333
0.003636
0.018000
-0.025333
-0.056667
-0.018182
0.001282
-0.021220
0.022154
-0.000845
0.048000
0.000000
-0.002500
0.086154
-0.021176
0.024000
0.060000
-0.031667
0.022000
-0.034000
-0.023636
0.040000
0.018000
0.072000
0.036364
0.044615
0.004444
-0.014684
0.007667
0.007273
0.001333
-0.002500
-0.041818
-0.003333
-0.018182
-0.010769
-0.024000
0.018333
0.044000
-0.004000
-0.005455
-0.025455
0.009091
0.002000
-0.030909
-0.040000
-0.048000
0.016923
-0.025714
0.018462
0.025185
-0.012727
0.007273
0.006364
0.016000
-0.018462
0.037143
-0.036364
0.058000
0.002000
-0.060000
-0.027273
0.026000
0.047273
0.001538
0.002857
0.015833
0.049231
0.023077
0.002000
-0.014545
0.022000
-0.040000
0.054000
0.003333
0.004286
-0.010000
0.018000
-0.048333
0.021667
-0.030000
0.006000
0.065455
-0.024000
0.016000
-0.044000
-0.006000
-0.040000
0.014000
-0.024615
0.007500
0.024000
0.032308
0.005000
-0.026154
0.008000
-0.005882
0.029565
-0.009091
0.020000
-0.062000
0.007692
0.018000
0.042000
-0.007273
0.012727
-0.054000
-0.007692
0.026000
-0.036667
-0.054000
0.006154
0.028000
0.030769
-0.054000
0.038182
0.024000
-0.052000
0.003571
-0.025000
0.030000
-0.022857
-0.042000
-0.038182
0.016000
0.031667
0.052000
-0.006000
-0.016000
-0.062000
0.020000
-0.028333
-0.045000
-0.024000
-0.005000
0.036667
0.008235
0.006000
-0.024000
0.020000
-0.038000
-0.001538
-0.016330
-0.025794
-0.018974
-0.016440
-0.015857
-0.015632
-0.020538
-0.015207
-0.016124
-0.025719
-0.020299
-0.023786
-0.013167
-0.021109
-0.017729
-0.018290
-0.014878
-0.018095
-0.015608
-0.012908
-0.022109
-0.028571
-0.021117
-0.024654
0.002086
0.004630
-0.002448
-0.001008
-0.002476
-0.007228
-0.000084
0.009903
0.010515
-0.000740
0.000577
0.007384
0.006632
0.007273
0.006759
0.005036
-0.000475
-0.010490
-0.002526
-0.001230
0.006552
0.003252
-0.006190
-0.007943
0.006332
0.003541
-0.003913
0.002303
0.011304
0.003692
-0.013824
-0.006957
0.013235
0.016061
-0.007246
0.001449
0.001789
0.004270
0.000316
0.002379
-0.003143
0.002609
-0.016164
0.008308
-0.005152
-0.008923
-0.003077
-0.006462
-0.005127
-0.007282
-0.010863
-0.003627
-0.025882
-0.006154
-0.002090
-0.000923
-0.018235
-0.018235
-0.004242
0.003030
-0.013182
-0.003636
-0.006038
0.005714
0.040000
-0.018571
-0.035000
-0.056364
0.041818
-0.016923
-0.008000
-0.028000
-0.034000
0.025714
-0.026000
-0.021538
0.006000
-0.012632
0.030667
-0.003636
0.006957
-0.013600
-0.000377
0.022400
0.009091
0.007273
-0.011667
-0.007692
0.034000
-0.008571
0.008000
-0.016364
-0.032000
-0.018889
0.025333
0.034000
-0.030000
-0.013846
-0.042000
0.018182
-0.015102
0.007391
-0.009412
0.007541
0.024000
-0.045714
-0.012000
0.029091
0.024000
0.016471
0.020000
-0.014000
0.005455
-0.038182
-0.033333
0.010000
0.054000
0.040000
-0.036000
0.046000
-0.005909
-0.025652
0.012281
0.017447
-0.032000
0.014000
-0.004000
0.034000
-0.049091
0.058182
-0.025455
0.010909
0.038182
-0.055789
0.017333
-0.008000
-0.050909
0.004615
-0.032000
0.040000
-0.022222
-0.014043
-0.019273
0.016226
-0.034000
0.010000
-0.026000
-0.004615
-0.030909
0.005556
0.048889
-0.052000
0.012000
0.002000
0.000000
-0.002000
-0.007273
-0.007273
-0.034545
0.010000
-0.012609
-0.006667
-0.027925
-0.003750
-0.036000
-0.014118
-0.007143
0.011250
-0.018182
-0.007692
-0.012000
0.058182
0.034000
0.042000
-0.010000
-0.001818
-0.029091
-0.032000
-0.005000
0.052308
-0.009091
0.035385
-0.033846
-0.022857
0.018000
-0.023636
0.018000
0.046000
0.060000
-0.006154
0.062000
-0.018333
0.003158
0.024000
-0.016000
-0.012222
-0.004000
-0.004615
-0.007692
0.003333
0.056364
0.028000
-0.050000
0.029091
-0.015000
-0.006000
0.018182
0.006000
0.022000
-0.018462
0.036000
0.072000
-0.012000
0.008333
-0.004000
-0.016000
-0.036250
-0.058571
-0.010769
0.026316
0.004000
-0.043077
-0.011667
-0.017143
-0.010000
-0.008000
0.002000
0.018182
0.012727
0.016364
-0.018000
0.016364
0.052727
-0.033333
0.020000
-0.036364
-0.034667
0.002000
-0.030000
-0.011579
-0.032000
-0.083333
-0.010000
-0.005000
0.080000
0.015385
0.010000
0.025000
0.051765
0.027143
0.018667
-0.035000
0.000000
0.008000
0.004000
-0.028333
0.000000
-0.008333
-0.016667
0.068333
0.010667
-0.030909
0.036923
0.020000
0.034000
0.003333
0.006000
-0.010000
-0.016000
0.034000
0.020000
0.026154
0.020000
-0.050000
0.006154
-0.013333
-0.012105
0.016364
-0.010000
0.010256
-0.002000
-0.015152
0.021724
-0.015789
-0.006087
-0.000526
0.002500
-0.039259
-0.013659
0.013125
0.008727
-0.006667
-0.004878
-0.006471
0.013929
-0.001695
-0.017000
-0.001176
0.005769
0.014595
-0.000769
-0.004000
-0.011842
0.007356
-0.020270
-0.001481
0.007368
-0.003448
0.012000
0.003235
0.001127
0.019241
-0.002000
0.009091
0.005882
0.021379
-0.012533
0.013529
-0.013623
-0.011250
-0.001961
0.007647
-0.024444
-0.006667
0.006176
-0.011566
0.015065
0.017838
-0.003333
0.001351
-0.012055
0.003478
-0.007347
0.009268
0.023448
-0.002545
0.000732
-0.014118
-0.005882
-0.014217
0.010000
-0.012059
0.016119
0.009487
-0.002041
0.019412
0.004211
-0.001429
-0.041690
-0.001892
-0.008533
-0.011594
-0.014085
0.013590
-0.023014
0.005135
0.000000
-0.007273
-0.022069
0.005263
-0.007470
-0.010685
-0.001750
-0.006024
0.001961
-0.014286
-0.035556
-0.001569
0.009500
0.000635
0.008235
0.007895
0.004091
0.005600
-0.003314
-0.006629
0.003200
0.001264
0.001839
0.003543
-0.013526
-0.002989
0.010114
-0.000909
-0.005660
0.013524
-0.019038
0.000400
-0.009912
0.006415
-0.007207
-0.011141
-0.000734
-0.030588
0.008319
0.019208
0.000410
0.006058
0.002072
0.016129
-0.005833
-0.010837
0.001341
-0.000562
0.017098
0.007839
0.012429
0.008743
-0.001935
0.008358
-0.002989
0.012179
0.024444
-0.014000
-0.005000
0.000000
0.025833
-0.004000
0.001379
0.009000
-0.042105
-0.020000
-0.070000
-0.004615
0.008000
0.021538
0.002500
-0.008750
-0.006489
0.011823
-0.007753
-0.015169
0.015000
-0.029091
-0.013333
0.016571
-0.006000
0.008800
0.015000
0.041538
-0.031765
0.064000
-0.014839
-0.007692
-0.002000
-0.002000
0.004000
-0.013750
0.004249
0.003960
-0.004615
0.007022
-0.004000
-0.028000
-0.001875
-0.011538
0.027619
0.018000
-0.002424
-0.018462
-0.011515
0.029091
-0.018824
-0.006897
-0.030526
-0.039200
-0.015294
0.008750
-0.010680
-0.004190
0.007552
0.008182
0.005340
-0.008185
-0.010000
0.006154
-0.010233
0.002558
0.006784
-0.000415
0.001047
0.007432
0.000652
-0.002169
0.001789
0.010615
0.000114
0.002963
-0.000866
-0.005591
0.002755
0.008812
-0.008902
0.000000
-0.009497
-0.006867
0.003298
-0.014731
-0.013488
-0.007081
-0.003985
0.005285
0.001100
0.004958
0.008743
-0.008370
-0.009043
0.000000
0.003229
-0.001486
0.002233
-0.002955
-0.006094
0.003496
0.005872
-0.002648
-0.017143
0.010000
-0.005000
0.014286
-0.013600
0.015200
-0.017778
-0.025000
0.014545
0.028750
0.063000
0.040000
0.007143
-0.013750
0.006154
-0.035556
0.058889
0.013750
0.000667
0.019130
0.024615
-0.020833
-0.020833
-0.022400
0.005806
-0.007586
0.005882
-0.009630
0.036250
0.008000
-0.010667
0.004211
0.013600
-0.010476
0.012857
-0.024348
-0.010000
0.035556
0.028276
0.028889
0.037778
-0.040000
0.003529
0.015294
-0.001379
-0.014074
0.013548
-0.021481
-0.025600
-0.016800
0.005385
0.027586
-0.018462
-0.006429
0.004444
0.006923
0.014545
0.034667
0.041818
-0.006667
0.015000
0.039394
-0.013846
-0.054815
-0.005600
-0.007692
-0.007200
0.034783
0.017692
-0.011200
-0.000769
-0.014074
0.025000
-0.015152
-0.002857
0.013077
0.000000
-0.027273
-0.009091
0.015000
-0.021290
-0.044545
-0.010370
-0.012500
0.010667
0.008000
-0.005385
-0.020000
0.025000
0.014286
-0.005000
0.005882
-0.001481
0.020769
0.026667
0.016923
-0.030000
-0.047692
-0.020000
-0.042500
0.014074
0.071852
0.021290
0.005600
0.022778
0.011852
-0.000606
-0.038750
0.000000
0.003333
0.009333
0.014667
0.015862
-0.016000
-0.020000
-0.006429
0.016000
-0.018000
-0.036000
0.030000
0.048000
-0.012000
-0.002000
0.020000
0.004000
-0.024000
0.080000
-0.054000
-0.028333
-0.084000
0.024000
-0.016000
0.001333
0.021053
0.008333
-0.017500
-0.038000
-0.010000
0.008000
0.020000
0.052000
-0.006000
0.036000
-0.042000
0.008000
-0.028000
-0.050000
-0.030000
-0.044000
0.020000
0.068000
0.006000
-0.020833
-0.002500
-0.001538
-0.026923
0.000000
-0.060000
-0.006000
-0.012000
-0.040000
-0.029091
0.000000
-0.028000
-0.002000
-0.002000
-0.028000
-0.012727
-0.002000
-0.008000
-0.034000
-0.054000
0.014783
-0.015652
-0.009474
-0.024800
0.028000
0.016000
-0.026000
0.028000
-0.022000
-0.034000
0.010000
0.036000
0.016000
-0.024000
-0.022000
-0.026000
0.000000
-0.022000
0.026000
0.010000
-0.008000
-0.052000
0.013750
-0.017500
-0.006857
0.010000
0.005714
-0.009677
0.000000
0.008000
0.007273
-0.031667
-0.014074
0.016923
-0.016667
-0.013043
-0.005833
0.006957
0.026667
0.043478
-0.050000
-0.036000
0.016000
-0.014000
-0.018000
-0.031667
0.020000
0.026000
-0.034000
-0.054000
-0.018000
0.008000
-0.010000
-0.028000
0.016000
0.016000
-0.001667
0.002143
-0.032414
0.029630
0.012000
-0.016364
0.042000
0.062000
0.026000
0.014000
0.000000
-0.006000
0.004000
-0.070000
0.046000
-0.038000
-0.061818
-0.050909
0.004000
-0.072000
-0.040714
-0.020714
0.012800
-0.023077
-0.003636
-0.030000
-0.022000
-0.020000
-0.010000
-0.038000
0.002000
0.040000
0.004000
0.030000
0.028000
-0.064000
-0.018000
0.024000
-0.034000
-0.016000
0.005000
-0.019000
-0.001000
-0.006364
-0.012000
-0.030000
0.032000
-0.022000
0.018000
-0.002000
0.064000
0.010000
-0.020000
0.022000
-0.022000
0.012000
0.066000
-0.060000
-0.010000
-0.020000
0.010345
-0.008276
0.029697
0.007097
-0.032000
-0.016364
-0.022000
0.032727
-0.034286
-0.016471
-0.005333
0.066250
0.007429
0.017143
-0.040800
-0.014667
0.048750
0.016000
0.010370
0.041739
0.008000
-0.028000
-0.022000
-0.032000
0.028000
-0.034000
-0.012000
0.030000
0.016000
-0.008000
-0.036000
-0.032000
0.006000
0.026000
0.016000
-0.014000
-0.006207
0.010667
-0.004000
0.015385
-0.056000
-0.020000
-0.048000
-0.012000
-0.016667
0.056000
0.018000
-0.020000
-0.006000
-0.004000
-0.026000
0.050000
0.048000
-0.006000
-0.028000
-0.074000
0.000800
-0.013333
0.023333
-0.021290
-0.036000
-0.028000
0.012000
-0.008000
0.008000
-0.006000
0.008000
0.002000
0.018000
0.002000
0.044000
0.010000
-0.020000
-0.001667
-0.016000
0.006000
0.007826
-0.000870
-0.002308
0.005185
-0.044000
0.072000
-0.006000
-0.058000
-0.004000
0.016000
0.012000
-0.040000
-0.030000
-0.009091
0.000000
0.016000
0.020000
-0.060000
-0.038000
-0.024000
0.003128
0.003154
0.004524
0.000000
0.008531
0.003256
0.002252
-0.002846
0.011287
-0.000391
0.005089
0.003168
-0.008671
0.012299
0.011290
-0.006503
-0.002000
-0.004971
0.021548
0.004337
-0.002441
-0.002480
-0.003579
-0.000090
-0.005587
0.008677
-0.008394
0.008780
-0.002577
-0.001461
0.001481
0.000462
-0.005174
0.002661
-0.001765
-0.008734
-0.001609
-0.002174
-0.004792
-0.004578
-0.006882
0.018621
-0.001839
0.005988
0.003658
-0.005306
-0.006974
-0.007983
-0.029412
0.007500
0.004000
0.006957
0.016429
-0.017692
0.001905
0.010833
-0.020667
0.015333
0.004000
-0.017931
0.043333
-0.022667
0.017143
-0.025000
0.004828
0.020000
-0.017692
0.011333
0.008696
0.006667
0.033636
-0.000833
0.016667
-0.008333
0.034737
0.012857
0.000667
-0.015882
0.001538
0.003704
-0.013077
-0.026667
-0.010000
0.035200
0.007407
0.002308
-0.002143
-0.002143
0.028667
-0.001714
-0.008333
-0.003077
-0.021818
-0.041667
0.060000
0.014286
0.008000
0.020000
0.000714
0.005556
0.014000
0.020000
-0.012381
0.007273
-0.041379
0.013077
0.020000
-0.040000
0.008750
-0.010000
-0.026667
0.012500
0.000000
-0.003810
-0.031818
0.036667
0.030667
-0.029412
-0.040000
0.007778
0.028000
-0.029333
0.000000
0.011250
-0.012000
-0.033600
0.009677
-0.024000
0.019231
-0.013077
-0.040833
0.030714
-0.000741
0.026154
-0.009630
0.020667
0.024828
0.017647
-0.019286
0.038333
-0.014545
0.032308
-0.010000
0.025714
0.005556
0.036923
-0.004000
-0.019412
0.017333
0.011111
-0.025333
0.022857
-0.010000
-0.005455
0.012222
0.023077
-0.011200
-0.021379
0.037692
0.010000
0.012800
-0.000870
-0.008000
0.011200
0.004000
-0.004000
0.000000
0.004000
-0.016000
-0.006000
0.016000
0.018000
-0.004000
-0.012000
0.040000
0.004000
-0.020000
0.028000
0.022000
-0.018182
0.002727
-0.040000
0.006316
0.004800
0.010000
-0.028333
0.028000
0.022000
0.042000
0.000000
-0.040000
0.012000
-0.010000
-0.052000
0.028000
-0.002000
0.010000
0.048000
-0.032000
-0.018000
-0.016000
-0.005714
-0.002400
-0.019200
0.004000
0.014000
-0.016000
0.040000
0.056000
-0.042000
-0.030000
-0.028000
0.032000
-0.042000
-0.014000
-0.014000
-0.022000
0.034000
0.026000
0.046000
-0.005000
0.045263
0.001000
0.007200
0.018000
0.016000
-0.050000
-0.016000
0.002000
0.036000
0.034000
-0.016000
-0.006000
-0.006000
-0.004000
0.014000
-0.032000
-0.002000
-0.072000
0.042000
0.015556
0.011724
-0.021290
0.010323
0.002000
-0.038000
-0.054000
0.000000
0.013143
-0.000769
-0.029630
-0.009333
-0.014667
0.012632
-0.048000
-0.013333
-0.011250
0.003333
0.028571
0.012308
0.032000
-0.052000
0.032000
0.012000
-0.018000
0.028000
0.004000
-0.010000
0.008000
-0.002000
0.058000
-0.050000
-0.008000
-0.070000
0.016000
-0.006000
0.024444
-0.002759
-0.010000
-0.014167
0.014000
-0.020000
0.016000
-0.012000
-0.024000
0.054000
0.036000
-0.026000
0.010000
-0.058000
0.040000
-0.030000
0.004000
-0.008000
-0.016000
0.006000
-0.012308
-0.003846
0.008000
-0.006429
-0.056000
0.010000
0.024000
-0.014545
-0.070000
0.030000
0.032000
-0.028000
-0.030000
0.008000
-0.012000
0.004000
0.048000
0.064000
0.030000
0.038000
-0.008000
-0.001600
-0.005714
-0.006452
0.028000
0.010000
0.056000
0.032000
0.018000
0.018000
-0.032000
-0.064000
0.020000
0.050909
0.090000
-0.030000
-0.024000
-0.020000
0.016000
0.016000
-0.011429
0.040000
0.045714
0.006667
-0.014286
0.003704
0.035556
0.017333
0.025000
-0.009655
-0.021379
0.000000
-0.048000
-0.006000
0.022000
-0.038182
0.004211
-0.008000
0.001818
0.023333
-0.016000
0.004000
0.014000
0.042000
-0.014000
-0.008333
-0.026000
0.012000
-0.012000
-0.040000
0.006000
-0.004000
0.050000
-0.046000
0.018000
0.000000
-0.024615
0.004444
0.003704
0.010714
-0.004000
-0.034000
-0.010000
0.010000
-0.012000
-0.060000
0.026000
-0.016923
-0.010000
-0.014000
0.002000
0.016000
0.002000
0.028000
-0.018000
0.002000
0.054667
-0.013000
0.018095
0.033600
-0.026000
-0.012000
-0.034000
-0.042000
0.010000
0.048000
-0.034000
0.006000
0.008000
0.022000
0.004000
0.042000
0.018000
-0.004000
0.058000
0.002000
-0.002222
0.010000
0.012308
0.010833
-0.007273
0.024000
-0.042000
0.032000
0.008000
-0.026000
0.030000
0.020000
0.018000
-0.010000
0.020000
-0.014000
0.042000
0.060000
0.014000
0.058000
0.006806
0.004098
0.000826
-0.006952
-0.002383
-0.003147
-0.001503
0.006667
0.007254
-0.001458
0.004444
0.000110
0.000973
0.003054
-0.008851
0.003908
-0.000833
0.019310
-0.043077
0.030000
-0.003226
0.016364
0.000000
-0.005600
0.012941
0.007273
-0.005000
-0.007333
-0.012174
0.032000
-0.002963
0.027778
0.016020
0.004975
0.000578
0.001455
0.005833
-0.009091
0.003636
-0.025000
0.017778
0.044000
0.031333
-0.008000
-0.008182
0.011429
0.005556
-0.010000
-0.006250
0.026667
-0.032000
0.002222
-0.008021
-0.004221
0.003978
-0.014144
0.011176
0.012000
0.005000
0.005517
-0.052381
-0.008696
-0.006667
0.005714
-0.010435
0.026000
0.000645
0.043750
-0.005714
0.002000
0.008387
0.002667
0.001887
0.001400
-0.009524
-0.006667
0.000000
0.004660
-0.008911
0.000594
-0.001091
0.006931
0.010093
-0.004247
-0.008439
0.006742
-0.001117
-0.002629
0.011860
0.000571
0.008268
-0.008000
0.002428
0.003886
-0.003146
-0.002614
0.003585
0.006275
-0.003827
0.003787
-0.000562
0.001780
-0.001451
0.005140
0.002606
-0.003434
-0.006563
0.005198
-0.016330
-0.025794
-0.018974
-0.016440
-0.015857
-0.015632
-0.020538
-0.015207
-0.016124
-0.025719
-0.020299
-0.023786
-0.013167
-0.021109
-0.017729
-0.018290
-0.014878
-0.018095
-0.015608
-0.012908
-0.022109
-0.028571
-0.021117
-0.024654
-0.000769
-0.004000
-0.011842
0.007356
-0.020270
-0.001481
0.007368
-0.003448
-0.002041
0.008293
-0.016000
-0.013770
0.012000
0.003235
0.001127
0.019241
0.016327
0.008095
-0.017736
-0.009000
-0.012533
0.013529
-0.013623
-0.011250
0.006176
-0.011566
0.015065
0.017838
-0.003333
0.001351
-0.012055
0.003478
-0.004167
-0.021702
0.010508
-0.004478
0.000732
-0.014118
-0.005882
-0.014217
-0.024314
-0.005000
0.008519
-0.014098
0.010000
-0.012059
0.016119
0.009487
-0.041690
-0.001892
-0.008533
-0.011594
-0.014085
0.013590
-0.023014
0.005135
0.011852
0.013636
0.022258
-0.006970
-0.007470
-0.010685
-0.001750
-0.006024
0.008936
0.014000
-0.006000
0.016000
0.009500
0.000635
0.008235
0.007895
0.017647
0.002090
0.006176
0.000000
-0.002388
0.017568
0.003438
0.006667
0.001918
0.019322
-0.006562
0.022857
-0.003077
0.017455
0.001017
-0.014074
-0.007188
0.002857
0.003279
-0.012500
-0.014545
0.016667
-0.001587
-0.002069
-0.015224
-0.002000
-0.011077
-0.018261
0.044000
-0.044000
-0.005455
0.016000
-0.044000
0.014000
0.068000
-0.001667
-0.008000
-0.009231
0.000000
0.022000
0.030000
-0.000909
0.012000
-0.001818
0.015714
0.003944
0.016250
0.008235
-0.006000
-0.020000
0.018000
-0.010000
-0.028000
-0.016923
-0.040000
0.054000
0.033333
0.000000
-0.001538
-0.018000
-0.002000
0.004000
0.032727
-0.036000
0.028000
-0.020000
0.028000
-0.036364
0.005000
-0.009091
0.003636
-0.052000
0.020000
0.040000
0.015714
0.012727
0.008000
0.038000
0.016364
0.035385
-0.054000
-0.004000
-0.012000
-0.054545
0.010000
0.038000
0.030000
-0.005000
-0.052000
0.044000
0.042000
0.020000
0.020000
0.010000
0.012000
0.002000
-0.030000
-0.047273
0.052000
-0.001818
-0.016667
0.032000
-0.007273
-0.040000
0.027273
0.027273
0.003077
0.001538
-0.012000
-0.008000
0.014545
-0.007143
-0.012000
0.014000
0.074545
0.001667
0.014545
-0.054000
-0.060000
0.006000
-0.064000
-0.018182
-0.008000
-0.016000
0.008000
0.038182
-0.056000
-0.026000
-0.014648
0.017910
-0.016129
0.017193
-0.040000
-0.037143
0.011250
-0.045000
0.010000
0.010526
-0.026250
0.000000
0.020000
-0.052000
0.044000
0.042000
-0.004000
0.034000
-0.028000
0.042000
-0.003810
0.021471
0.013793
-0.005965
0.012000
-0.042000
0.018000
-0.041667
0.006000
0.034000
0.012727
0.026000
0.032941
-0.049000
-0.022000
-0.025455
-0.034000
-0.007059
0.010909
-0.012000
0.010000
0.006000
0.012727
-0.004000
0.040000
0.049091
0.022000
0.000000
-0.044000
-0.005455
0.016000
0.044000
0.012727
0.024000
-0.010000
0.008000
-0.024000
0.001667
-0.024000
0.024000
-0.022000
0.000000
0.027273
0.036000
0.016364
-0.020000
-0.034545
-0.021667
0.022400
0.010000
-0.044615
0.046154
-0.027273
0.021667
0.001818
0.008333
-0.042000
-0.020000
-0.018000
0.014000
-0.006087
-0.046000
0.031250
-0.014286
0.007273
-0.016000
0.016364
-0.007273
-0.004000
-0.008000
-0.007273
0.029231
-0.012727
-0.050000
0.034000
0.042000
-0.004000
0.018000
0.094000
0.016000
-0.016000
-0.018000
0.014000
0.006000
0.003429
-0.001818
-0.011525
-0.000345
-0.046000
0.011429
0.045000
0.012727
-0.052500
-0.045263
0.040000
-0.008571
-0.002000
0.032000
0.018000
-0.045455
-0.026000
0.008000
0.038182
-0.056000
-0.007429
0.017778
0.007619
0.005614
0.062500
0.014737
-0.060000
-0.016000
-0.072000
-0.021538
-0.008000
0.034000
-0.020000
0.078182
-0.078000
-0.016364
0.006000
-0.016000
-0.018000
0.014000
0.016364
-0.001818
0.012000
0.002000
-0.020000
0.001818
-0.016000
-0.023333
-0.020000
0.018000
-0.010000
-0.006000
0.000000
0.006000
0.000000
-0.070000
-0.045455
-0.008000
-0.025455
0.028000
-0.048000
0.043333
-0.004000
-0.040000
-0.029167
-0.012000
0.020000
-0.010000
0.038182
-0.028000
0.046000
0.043636
0.024000
0.042000
0.003636
0.011667
0.032727
-0.012000
-0.006000
0.000000
-0.002000
0.040000
-0.026000
0.000000
0.034000
0.012727
0.026000
0.006000
-0.003333
-0.014000
0.000000
0.026667
0.004000
-0.016364
0.006000
0.026000
-0.002500
-0.010000
0.007059
0.032941
0.063636
0.020000
-0.024000
0.060000
0.002086
0.004630
-0.002448
-0.001008
0.010515
-0.000740
0.000577
0.007384
-0.000475
-0.010490
-0.002526
-0.001230
0.005307
0.009254
0.005307
0.009254
0.006332
0.003541
-0.003913
0.002303
0.007692
0.006349
0.001882
0.017808
0.005152
0.010154
0.002118
-0.012647
0.011304
0.003692
-0.013824
-0.006957
-0.005195
-0.010645
-0.005882
0.015402
0.013235
0.016061
-0.007246
0.001449
-0.005974
0.006769
0.003284
0.002588
0.000365
0.000361
0.000365
0.000361
0.001789
0.004270
0.000316
0.002379
0.015429
0.004058
-0.003059
0.001818
-0.003889
-0.004000
-0.012857
0.000274
-0.003143
0.002609
-0.016164
0.008308
-0.017632
0.020857
-0.008837
0.022727
-0.005152
-0.008923
-0.003077
-0.006462
0.015309
-0.001613
-0.000606
-0.006667
-0.004459
-0.000496
-0.004459
-0.000496
-0.005127
-0.007282
-0.010863
-0.003627
-0.008611
0.010154
0.002410
-0.001978
0.020000
0.014848
0.007765
0.008169
-0.025882
-0.006154
-0.002090
-0.000923
-0.010244
-0.004516
-0.012093
0.001348
-0.018235
-0.018235
-0.004242
0.003030
0.018718
0.001875
0.005672
-0.010698
-0.007077
-0.010000
-0.020351
0.013333
0.004242
0.006176
0.012203
-0.000328
-0.012381
-0.008148
-0.001017
0.024828
-0.013016
0.004906
0.027407
-0.032203
-0.016000
0.010769
-0.002143
0.014386
-0.002857
-0.008889
0.001379
-0.015862
0.007302
0.015161
0.002456
-0.027547
0.020000
0.026000
0.003636
-0.032000
-0.030909
-0.018000
0.006000
-0.042000
-0.020000
-0.004000
0.028000
0.018000
0.006000
-0.011000
-0.046154
-0.026154
-0.014603
0.003492
0.004643
-0.001154
-0.048000
0.056000
0.096000
0.014000
-0.004000
-0.042000
0.000000
0.042000
-0.025455
0.001111
-0.033846
-0.038182
-0.026000
0.038000
-0.006000
-0.036000
0.008000
-0.048000
0.008000
-0.048000
0.004000
0.000000
-0.052000
-0.006000
-0.036000
0.004000
-0.003333
-0.004000
0.000000
-0.030000
0.014545
0.040000
-0.031250
0.006154
-0.030000
-0.053333
-0.006000
0.002000
0.014000
-0.042000
0.089091
0.040000
0.012000
0.016000
0.013846
-0.024000
0.049091
-0.012857
-0.004000
-0.036000
-0.004000
-0.036000
-0.018000
-0.038000
0.018000
0.044000
-0.002000
-0.026000
-0.043333
-0.020000
-0.018000
-0.014000
0.003636
0.016000
0.012000
0.020000
-0.048000
0.018000
-0.042667
-0.040000
-0.000909
0.022353
-0.018333
0.009091
-0.043636
0.014286
-0.038182
0.002000
-0.022000
0.008000
-0.012647
0.026557
0.008966
-0.004478
-0.002000
-0.022000
-0.001667
-0.012000
0.000000
0.003810
0.037333
0.063333
-0.022000
-0.022000
0.000000
0.030000
0.014000
-0.028000
0.018000
-0.064000
-0.006269
0.000615
0.013091
-0.012000
-0.024000
-0.020000
0.018000
-0.020000
-0.020000
-0.008000
0.038000
0.038000
0.003636
-0.033684
0.004615
0.010000
-0.058000
-0.053333
0.044000
0.016000
-0.003529
-0.027143
-0.000870
-0.004444
0.026000
-0.004000
0.018000
-0.080000
-0.038182
-0.004000
-0.048000
0.010000
-0.022000
0.050000
-0.006154
-0.033333
-0.006000
0.048000
-0.006000
0.048000
-0.020000
0.016000
0.044000
0.038000
0.028000
-0.064000
0.003636
-0.030000
-0.010000
0.042000
-0.010000
0.008000
0.018000
0.044000
-0.018000
-0.038000
0.023636
0.012000
0.023636
0.012000
-0.062000
0.018000
-0.020000
0.048000
-0.070000
-0.008000
-0.038182
-0.032000
-0.002000
-0.032000
-0.036000
-0.016000
-0.001429
-0.005882
-0.033913
-0.005333
0.023636
0.030000
-0.064615
0.002222
-0.030000
-0.026000
-0.004000
-0.008000
-0.002899
0.032121
0.002105
0.014167
-0.044000
-0.009091
0.014545
-0.062000
0.004000
-0.004211
-0.007059
0.005000
0.068000
0.022000
-0.042000
0.014000
0.008000
-0.032000
0.040000
-0.014000
-0.016563
-0.007937
0.011429
0.020769
-0.018000
0.022000
-0.010000
0.029333
0.068000
0.052727
-0.060000
-0.038000
0.000000
0.016000
-0.070909
-0.006000
0.066000
-0.006000
0.010000
0.044000
0.015000
-0.011250
0.008182
0.015789
-0.026000
-0.012000
0.002000
0.058000
0.052727
0.036000
-0.036000
-0.009091
0.001538
-0.007143
-0.047692
0.006250
0.044000
0.038000
-0.020000
0.016000
-0.064000
-0.036000
-0.064000
-0.036000
0.040000
-0.002000
-0.064000
-0.004000
-0.046000
0.030000
-0.034545
-0.010000
-0.008000
-0.078000
-0.010000
-0.026000
-0.012000
-0.032857
0.012381
-0.020000
-0.046667
-0.020000
0.006667
0.007143
0.006000
-0.018000
-0.003636
-0.008000
-0.052000
-0.006000
0.004000
0.000000
-0.032000
0.014000
-0.032000
0.014000
-0.052000
0.034000
0.060000
0.022000
-0.030000
-0.032000
0.020000
0.044000
-0.005660
0.013524
-0.019038
0.000400
-0.009912
0.006415
-0.007207
-0.011141
-0.000734
-0.030588
0.008319
0.019208
0.001047
0.007432
0.000652
-0.002169
0.001789
0.010615
0.000114
0.002963
-0.008902
0.000000
-0.009497
-0.006867
0.003298
-0.014731
-0.013488
-0.007081
0.008743
-0.008370
-0.009043
0.000000
0.003229
-0.001486
0.002233
-0.002955
-0.041600
0.020606
-0.020000
-0.022400
-0.006400
0.028667
-0.012414
0.028462
-0.078000
-0.024615
-0.005556
0.008750
-0.002667
0.029333
-0.017647
-0.016000
0.011429
0.020000
0.021333
0.034118
-0.021290
0.011200
-0.004242
-0.032308
0.002857
-0.029333
-0.005333
-0.008750
0.024000
-0.007692
0.007143
-0.011429
0.002143
0.009630
-0.005217
-0.012258
0.036250
-0.005333
-0.001333
-0.024286
-0.020000
-0.022400
-0.041600
0.020606
-0.005385
-0.013333
0.024242
-0.002857
-0.018000
0.021600
0.009375
0.025806
-0.016000
-0.002667
0.029333
-0.017647
-0.020000
0.024615
0.035000
-0.008000
-0.024286
0.036250
-0.005333
-0.001333
0.009231
0.011250
-0.003571
0.006897
-0.009630
0.002424
-0.008000
-0.006667
-0.010000
-0.022667
-0.018000
-0.027273
-0.002667
0.046667
-0.024706
-0.022667
-0.008462
-0.025882
0.007273
0.008235
-0.003571
0.006897
0.009231
0.011250
-0.012414
0.028462
-0.006400
0.028667
-0.026667
0.034667
-0.017333
0.025714
-0.005217
-0.012258
0.002143
0.009630
0.019167
-0.004375
-0.020800
0.025833
0.020000
0.021333
0.034118
0.011429
-0.012727
0.030909
-0.014000
0.034545
-0.017241
0.000000
0.005161
-0.008462
-0.022667
-0.002667
0.046667
-0.024706
-0.017143
0.003077
-0.038571
0.014667
0.025714
-0.026667
0.034667
-0.017333
-0.029333
-0.005333
-0.008750
0.002857
-0.008000
-0.006667
-0.009630
0.002424
-0.011538
0.007143
-0.013125
-0.024118
-0.020800
0.025833
0.019167
-0.004375
-0.008671
0.012299
0.011290
-0.006503
-0.002000
-0.004971
0.021548
0.004337
-0.005587
0.008677
-0.008394
0.008780
-0.002577
-0.001461
0.001481
0.000462
-0.001609
-0.002174
-0.004792
-0.004578
-0.006882
0.018621
-0.001839
0.005988
-0.013333
-0.017500
0.005714
0.012000
0.014839
0.012000
-0.018065
-0.003077
0.008000
-0.040000
0.001429
-0.004000
0.017333
-0.030769
0.032857
-0.024615
0.012593
-0.005806
-0.007857
0.026400
-0.032000
0.015172
0.010000
-0.021600
-0.020000
0.015000
-0.031111
0.045000
-0.016000
0.001429
-0.008000
0.000000
-0.007857
0.026400
0.012593
-0.005806
0.005000
0.016429
-0.021429
0.016000
-0.029286
0.036800
0.030000
0.027097
0.003750
-0.034286
-0.005333
-0.018667
0.030000
0.027097
-0.029286
0.036800
-0.040741
-0.014118
-0.000714
-0.007200
-0.017500
0.005714
0.012000
-0.013333
0.018000
-0.016000
-0.029091
-0.003636
0.022857
0.048750
-0.021429
-0.002667
0.051852
0.026400
-0.020645
-0.025385
-0.024000
-0.007500
-0.064286
0.014667
0.009333
-0.012308
-0.020000
-0.004615
-0.040000
0.001429
-0.004000
0.008000
0.043125
-0.044138
-0.041538
0.014839
-0.000714
-0.007200
-0.040741
-0.014118
0.036522
-0.010370
0.015484
-0.010625
0.016552
0.002400
0.023750
-0.004516
0.000000
-0.016000
0.001429
-0.008000
-0.001429
0.021538
0.025714
0.008571
-0.018667
0.003750
-0.034286
-0.005333
-0.041538
0.014839
0.043125
-0.044138
0.013571
-0.030000
0.028000
-0.022069
0.048750
-0.021429
-0.002667
0.022857
-0.020000
0.052000
-0.009091
0.013333
-0.010435
0.006667
0.002424
0.020625
0.028000
-0.022069
0.013571
-0.030000
-0.007500
-0.064286
0.014667
-0.024000
0.010000
-0.021600
-0.032000
0.015172
0.001887
0.001400
-0.009524
-0.006667
0.000000
0.004660
-0.008911
0.000594
-0.001091
0.006931
0.010093
-0.004247
0.003585
0.006275
-0.003827
0.003787
-0.000562
0.001780
-0.001451
0.005140
0.002606
-0.003434
-0.006563
0.005198
-0.010278
-0.008750
0.018082
-0.000923
0.014722
-0.004848
-0.018261
-0.011212
0.018082
-0.000923
-0.010278
-0.008750
-0.009014
0.004923
0.006087
-0.003939
-0.018261
-0.011212
0.014722
-0.004848
0.006087
-0.003939
-0.009014
0.004923
0.005307
0.009254
0.005307
0.009254
0.000365
0.000361
0.000365
0.000361
-0.004459
-0.000496
-0.004459
-0.000496
0.026562
0.010159
0.026562
0.010159
0.019048
-0.003077
0.019048
-0.003077
0.010159
0.026562
0.010159
0.026562
-0.013846
-0.000317
-0.013846
-0.000317
-0.003077
0.019048
-0.003077
0.019048
-0.000317
-0.013846
-0.000317
-0.013846
