-0.010982
-0.001588
-0.012285
-0.006658
-0.004829
-0.010342
-0.007966
-0.005851
-0.012929
-0.013956
-0.005804
-0.003719
-0.009267
-0.005445
-0.007064
-0.001876
-0.010600
0.002041
-0.009510
-0.009311
-0.011534
-0.011701
-0.003156
-0.002260
-0.004737
-0.010303
-0.023103
-0.012308
-0.011500
-0.003030
-0.006552
0.007895
-0.030870
0.025789
0.019643
0.025185
-0.011220
-0.016250
-0.008000
-0.009048
0.002927
-0.039412
0.002500
-0.006102
-0.003500
-0.019412
0.009231
0.020000
0.017200
-0.024242
0.006471
0.005517
0.011765
0.001176
-0.015556
-0.024815
0.006531
-0.012683
0.001724
0.001091
0.010612
-0.009412
-0.003158
-0.015714
0.004706
0.000000
-0.011034
-0.003860
0.000000
0.007429
0.020000
0.015294
0.009308
-0.002655
0.002593
-0.001565
0.002344
0.001237
-0.003210
0.000031
-0.003265
-0.001145
-0.000619
0.003170
0.001576
-0.003234
0.006425
0.000000
0.017647
-0.006957
-0.010769
-0.013929
0.012571
-0.031429
-0.015862
-0.026415
-0.001993
-0.000105
-0.005061
0.003571
0.014615
0.022222
-0.008571
0.030857
-0.019200
0.015000
0.008571
0.013077
-0.003877
0.001364
0.004508
0.000072
0.017241
-0.005000
-0.004242
-0.025000
0.012667
0.028182
-0.008000
-0.007778
0.000513
-0.016667
0.006857
0.031892
0.013939
-0.010000
0.020000
0.038378
-0.006857
-0.025000
-0.016000
-0.012000
0.034545
0.018333
0.004516
0.005946
-0.029744
0.003636
0.011538
-0.005574
0.001290
-0.022000
0.003571
0.036250
0.006604
-0.005143
-0.009231
0.005600
0.009204
-0.006226
0.005225
-0.009262
-0.002752
-0.003922
-0.002832
0.000198
0.003030
0.000252
0.002264
0.009333
0.014600
0.006135
-0.002564
0.017852
0.009038
0.002963
0.008538
-0.010498
-0.004712
-0.000976
0.011468
-0.008128
0.010570
-0.004162
-0.018150
-0.002186
0.010777
0.003646
-0.001754
-0.003757
0.001838
0.000985
-0.002184
-0.003103
-0.014167
0.011034
0.001538
0.058333
0.000645
-0.020000
-0.012632
0.008000
0.004706
0.025455
-0.031875
0.013333
0.006087
-0.032000
0.013333
0.042222
-0.002755
-0.005970
-0.002890
-0.003909
0.001667
-0.047273
-0.021212
-0.016000
-0.006667
0.000000
-0.041333
0.002667
0.000000
0.030714
-0.040000
-0.011111
0.018750
0.031667
0.022667
0.005185
0.003316
0.003920
-0.010055
0.002099
-0.008235
-0.038000
0.001875
0.009655
-0.011429
0.000000
0.004444
-0.022857
0.022609
-0.024000
-0.028387
-0.002500
-0.004286
0.008000
0.015484
0.002667
0.004563
0.003636
-0.002241
0.001010
-0.004854
0.002008
0.006075
0.002872
-0.007349
0.006822
0.007313
0.006639
-0.004409
-0.001732
0.000408
0.005644
-0.000613
-0.004715
0.003500
0.002521
-0.002422
-0.006260
0.005362
-0.000639
0.016667
0.011765
0.025000
-0.017778
0.005600
-0.001132
0.038125
-0.002857
-0.007333
0.016667
-0.002326
-0.015897
0.025000
0.034286
0.000000
0.000000
0.041111
-0.036250
-0.017647
-0.002353
-0.028727
-0.006842
0.040606
-0.004737
0.038182
0.014118
-0.040000
-0.017143
-0.001250
-0.001600
-0.016970
0.007407
0.021111
0.004314
-0.012558
-0.021333
0.012727
-0.023333
0.029091
-0.032308
-0.031250
0.026316
-0.030667
0.032941
0.010909
0.009744
0.019394
-0.004000
0.005024
-0.007462
0.002857
0.001485
-0.003223
0.012326
0.012342
0.002846
0.000990
0.006406
-0.000089
0.004752
0.003622
-0.001120
-0.013368
0.004434
-0.004324
-0.005484
-0.001008
-0.010480
0.003346
-0.005143
-0.005846
-0.000924
0.006129
0.014444
0.005909
-0.007660
-0.005556
-0.047619
0.012000
-0.037500
-0.016923
0.018571
0.008182
0.020000
-0.020000
0.008679
-0.017241
-0.011765
0.007636
0.007547
-0.010909
0.017143
-0.005455
-0.002857
0.022000
0.001538
0.009492
-0.004865
0.013793
0.000000
0.045000
-0.008571
-0.004000
0.021176
0.037333
0.020000
0.008000
0.023750
-0.024262
-0.002632
-0.015294
0.008205
0.008085
0.007500
0.000000
-0.008000
0.052727
-0.025714
-0.028000
0.023077
-0.005333
-0.007981
-0.010901
-0.003118
-0.005208
-0.001970
0.006480
0.002472
0.013161
-0.000101
0.012090
-0.002623
-0.010215
-0.001194
-0.015632
-0.010726
-0.027778
-0.038000
0.020625
0.007143
0.009167
-0.062000
0.017241
-0.002000
0.006316
-0.027333
0.057143
-0.049231
-0.004000
-0.024615
-0.032500
0.014375
0.011702
-0.013695
-0.011011
0.003146
-0.008889
0.001818
-0.005455
-0.008571
0.005000
-0.001600
-0.009000
0.055385
-0.008235
-0.024000
-0.005806
0.027692
0.025000
0.040000
-0.007200
0.016250
0.011813
-0.002277
-0.004945
0.008978
0.008800
-0.012000
0.005000
-0.016154
-0.005714
0.050000
-0.009697
0.000000
0.019394
-0.009091
0.000000
0.008966
-0.023158
0.015200
0.016471
-0.003750
-0.001333
0.000913
-0.002571
0.002339
-0.014634
0.000681
-0.015287
-0.002182
0.011472
-0.000085
-0.015287
0.007607
-0.009057
-0.002000
0.001143
-0.002157
0.013211
0.003689
-0.012475
0.002376
0.005273
0.001782
-0.001308
-0.004247
0.009308
-0.002655
0.002593
-0.001565
0.002344
0.001237
-0.003210
0.000031
-0.003265
-0.001145
-0.000619
0.003170
0.017647
-0.006957
-0.010769
-0.013929
0.012571
-0.031429
-0.015862
-0.026415
0.014615
0.022222
-0.008571
0.030857
-0.019200
0.015000
0.008571
0.013077
0.017241
-0.005000
-0.004242
-0.025000
0.012667
0.028182
-0.008000
-0.007778
0.009846
-0.008254
-0.008235
-0.001644
-0.002424
0.002154
-0.011059
-0.017353
0.000513
-0.016667
0.006857
0.031892
-0.006494
-0.019677
0.014118
0.015402
0.013939
-0.010000
0.020000
0.038378
-0.011688
-0.014462
0.007761
-0.013412
-0.006571
-0.011304
0.004471
-0.008409
-0.021111
-0.008000
-0.017619
-0.011233
0.006579
-0.010286
-0.010930
0.022045
-0.006857
-0.025000
-0.016000
-0.012000
0.034545
0.018333
0.004516
0.005946
0.003210
-0.019355
0.000303
-0.002529
-0.008333
-0.000923
0.015181
-0.001538
0.017353
0.005455
-0.018118
0.000282
0.012683
0.005161
-0.004651
0.015056
-0.029744
0.003636
0.011538
-0.005574
-0.005385
0.005938
0.000597
-0.017442
0.001290
-0.022000
0.003571
0.036250
0.000816
0.032195
-0.004000
0.008525
0.008980
0.000000
-0.001509
0.003333
-0.005833
-0.000851
0.003729
-0.020896
0.012157
-0.016500
-0.005926
-0.004262
0.008889
0.032273
0.007419
-0.013333
0.023830
-0.020000
0.008000
-0.013333
0.001905
0.018043
0.008312
-0.007750
-0.060000
-0.030000
-0.020000
-0.008000
0.018000
0.020000
0.020000
-0.012000
-0.058000
0.010000
0.005455
-0.029091
0.006000
0.017037
-0.003333
0.030667
-0.000465
-0.014255
0.010986
0.001205
0.026667
0.036364
0.040000
0.001250
0.020000
0.009091
-0.029091
-0.028000
-0.004000
-0.027692
-0.020000
-0.031250
-0.046000
-0.053333
0.045455
-0.016364
0.009556
0.017561
-0.003492
-0.001389
-0.034000
-0.001333
-0.026667
-0.010000
-0.018750
-0.025217
0.008750
0.016000
0.003636
-0.012000
0.020000
-0.010667
-0.042000
-0.006000
-0.027273
0.034000
-0.005128
0.002439
0.000882
0.013889
0.016000
-0.023636
-0.003636
0.024000
0.032727
0.036364
0.016000
-0.001333
0.020000
0.022500
-0.002667
0.029091
-0.008000
-0.001333
0.038333
-0.012727
0.002308
-0.001707
-0.001231
-0.002817
-0.010000
0.001667
-0.027500
-0.023077
-0.009412
0.000800
0.004211
0.035000
-0.028000
-0.022000
-0.025455
0.026000
0.036000
0.054000
0.020000
0.030769
-0.027901
0.012405
-0.003667
0.011688
-0.022667
0.020833
0.007273
-0.066667
0.034545
-0.029231
0.000000
0.026667
-0.040000
0.072000
0.067273
-0.049091
-0.061818
-0.016000
-0.025455
-0.012308
-0.036000
-0.007692
0.031429
0.047692
-0.000741
0.054545
-0.029091
-0.013636
0.044000
-0.026154
-0.032857
0.000000
0.030000
0.004000
-0.030000
0.027273
-0.018000
0.050909
0.030769
-0.035714
0.011667
-0.021538
-0.012308
0.010000
0.034545
0.016000
0.000000
0.032000
-0.018333
0.022857
0.000000
0.008000
0.055000
-0.015000
0.030000
0.016000
0.040000
-0.074000
0.044000
-0.010000
-0.002000
0.040000
0.020000
-0.043077
-0.003750
-0.001333
-0.026154
0.018000
-0.010000
0.014000
0.010588
0.030435
-0.012727
-0.012000
0.016000
0.000000
0.004000
0.000000
-0.043636
0.000000
0.028000
-0.021538
0.002000
0.025000
0.068000
-0.015385
0.008000
0.004615
-0.010000
0.009091
-0.042000
-0.030000
0.002857
0.003750
-0.068750
0.023810
-0.046000
-0.045455
0.060000
0.026667
0.032000
0.022000
-0.014000
0.006000
0.016364
0.030000
0.013333
-0.012000
0.030714
0.015000
0.016471
0.002000
-0.044000
0.000000
0.028000
0.009231
-0.010982
-0.001588
-0.012285
-0.006658
-0.004829
-0.010342
-0.007966
-0.005851
-0.012929
-0.013956
-0.005804
-0.003719
-0.009267
-0.005445
-0.007064
-0.001876
-0.010600
0.002041
-0.009510
-0.009311
-0.011534
-0.011701
-0.003156
-0.002260
-0.001564
0.000252
-0.005591
-0.008672
0.001576
-0.003234
0.006425
0.000000
0.004150
0.002315
0.003294
0.002921
-0.001993
-0.000105
-0.005061
0.003571
-0.004786
-0.001043
0.000410
-0.004290
-0.003877
0.001364
0.004508
0.000072
0.004444
-0.004561
0.000590
-0.002416
0.023188
-0.000308
-0.005882
-0.013623
-0.005588
0.000303
-0.003478
0.009275
0.002492
0.000963
0.004139
0.001310
0.006286
0.018841
-0.012055
0.019077
0.016364
-0.020923
0.004308
0.000615
0.003671
-0.001424
-0.009169
-0.002971
-0.018235
0.008615
-0.011940
-0.005538
-0.012941
0.015588
0.010000
0.010909
0.007727
-0.008364
0.013962
-0.006531
-0.007273
0.015714
0.001667
0.003636
0.045455
-0.041538
0.034000
0.016000
-0.024000
0.034286
0.028000
0.001538
0.046000
0.008421
0.002667
-0.054545
0.004348
-0.015600
-0.002642
0.011200
0.018182
0.005455
0.010000
-0.004615
0.008000
-0.030000
0.006000
0.023636
-0.022000
-0.044444
0.013333
0.076000
0.062000
0.029231
-0.028000
0.005455
-0.004082
-0.011739
-0.019216
0.006230
0.008000
-0.038571
0.020000
0.009091
0.028000
-0.009412
-0.003529
-0.014000
0.034545
0.032727
-0.026667
0.035000
0.038000
-0.007692
-0.018000
-0.026000
0.017727
-0.003043
0.017193
-0.018723
0.006000
-0.022000
0.002000
-0.014000
-0.047273
0.005455
0.001818
-0.016364
-0.014545
-0.031579
0.058667
0.048000
-0.007273
0.024615
-0.012000
-0.061667
0.016444
0.007234
0.006182
0.000377
-0.014000
0.008333
0.034000
-0.003077
-0.023636
-0.038889
-0.004444
-0.018000
-0.022000
0.016000
-0.026000
0.046000
0.052727
-0.043636
-0.038182
0.040000
0.020870
-0.006667
-0.001132
-0.035833
0.010000
-0.029412
0.078571
0.001250
-0.060000
-0.006154
-0.064000
-0.023636
0.024000
0.002000
-0.066000
-0.005455
0.045455
0.018000
-0.021667
0.023077
-0.005455
0.047692
0.036923
-0.022857
-0.052000
-0.050909
-0.008000
0.048000
-0.008000
0.044615
0.060000
-0.016667
-0.034737
0.046000
0.012000
0.018889
0.004000
0.064615
0.010769
-0.001667
0.034545
0.004000
0.030000
0.030909
0.008750
-0.030000
0.020000
0.014000
-0.060000
0.000000
0.008000
0.038000
-0.038000
-0.011667
0.026000
0.010000
0.002500
0.008571
0.020000
-0.027368
0.014000
-0.030769
-0.013333
0.054286
-0.042000
0.062000
0.066000
-0.012727
-0.025455
-0.049091
-0.010000
-0.016364
-0.025455
0.050000
-0.013333
0.080000
-0.014667
0.024000
-0.055000
0.018947
0.050000
0.045000
0.014000
0.005000
0.018000
-0.006154
-0.008000
0.000000
-0.037647
0.001429
0.033333
-0.011250
-0.020000
0.032000
-0.002000
-0.006667
-0.064000
0.035000
0.010000
0.026667
-0.006667
0.012727
0.009231
0.042105
0.036000
-0.008333
0.016000
0.014000
-0.036000
-0.040000
0.014545
0.040000
-0.018182
-0.006667
-0.013846
-0.025000
-0.004737
-0.010303
-0.023103
-0.012308
-0.011500
-0.003030
-0.006552
0.007895
-0.030870
0.025789
0.019643
0.025185
-0.011220
-0.016250
-0.008000
-0.009048
0.002927
-0.039412
0.002500
-0.006102
-0.003500
-0.019412
0.009231
0.020000
0.004872
0.008267
0.008421
-0.008736
0.014054
0.002963
0.003421
-0.017931
0.003294
-0.002353
-0.001972
0.012152
0.017200
-0.024242
0.006471
0.005517
0.009333
-0.006471
-0.000870
0.012250
0.011765
0.001176
-0.015556
-0.024815
0.015882
-0.030602
0.018961
-0.012162
0.013056
0.012432
0.007671
0.004928
0.006531
-0.012683
0.001724
0.001091
0.004634
-0.003529
-0.004235
0.002169
-0.019737
0.010588
0.015522
0.004103
0.010612
-0.009412
-0.003158
-0.015714
-0.002817
0.005405
0.009333
0.002609
-0.010141
0.003077
0.007671
0.010541
0.004706
0.000000
-0.011034
-0.003860
0.014699
0.000548
-0.012250
-0.005783
0.000000
0.007429
0.020000
0.015294
-0.006750
-0.014921
-0.007941
-0.001579
0.002500
0.000229
-0.002629
-0.003886
-0.004114
-0.008046
-0.002644
0.004571
0.008439
0.010575
0.001364
-0.000568
0.006604
-0.005143
-0.009231
0.005600
0.009204
-0.006226
0.005225
-0.009262
-0.002752
-0.003922
-0.002832
0.000198
-0.005333
-0.007981
-0.010901
-0.003118
-0.005208
-0.001970
0.006480
0.002472
0.013161
-0.000101
0.012090
-0.002623
-0.010215
-0.001194
-0.015632
-0.010726
-0.027778
-0.038000
0.020625
0.007143
0.009167
-0.062000
0.017241
-0.002000
0.006316
-0.027333
0.057143
-0.049231
-0.004000
-0.024615
-0.032500
0.014375
0.011702
-0.013695
-0.011011
0.003146
-0.008889
0.001818
-0.005455
-0.008571
0.005000
-0.001600
-0.009000
0.055385
-0.008235
-0.024000
-0.005806
0.027692
0.025000
0.040000
-0.007200
0.016250
0.011813
-0.002277
-0.004945
0.008978
0.008800
-0.012000
0.005000
-0.016154
-0.005714
0.050000
-0.009697
0.000000
0.019394
-0.009091
0.000000
0.008966
-0.023158
0.015200
0.016471
-0.003750
0.004563
0.003636
-0.002241
0.001010
-0.004854
0.002008
0.006075
0.002872
-0.007349
0.006822
0.007313
0.006639
0.002674
0.002404
-0.010761
0.004699
-0.004316
0.016983
0.007886
0.016667
-0.004409
-0.001732
0.000408
0.005644
0.012254
0.001209
-0.002235
0.003012
-0.006170
0.006108
0.002442
0.001615
-0.000613
-0.004715
0.003500
0.002521
-0.001093
-0.002065
0.000638
0.007596
-0.020208
0.008000
-0.003535
-0.005909
-0.002422
-0.006260
0.005362
-0.000639
0.030714
-0.000769
0.010714
0.024286
-0.015200
0.001600
0.002222
0.048333
0.012727
0.021250
-0.025000
-0.018750
0.011429
0.010000
-0.026154
-0.005185
-0.011111
-0.010000
0.010667
0.027826
-0.012308
-0.010000
-0.011667
0.031200
0.002581
0.006897
0.002941
0.005185
-0.036250
-0.005333
-0.002667
-0.043158
0.007200
-0.014286
0.015714
0.013043
0.060000
-0.044444
0.026897
-0.032222
0.028889
-0.008571
0.017647
0.011765
0.035172
0.000000
0.004516
0.000000
-0.023200
0.011200
0.006154
0.004828
-0.030769
0.041429
-0.050370
0.012308
0.025455
-0.036000
-0.076364
-0.006667
-0.012857
-0.000606
0.014615
-0.000741
-0.012800
0.006923
-0.034400
0.016522
0.004615
-0.008800
-0.016923
-0.009630
-0.071429
0.000606
-0.012000
-0.025385
-0.022000
0.005455
0.049091
0.010000
0.023871
0.009091
0.000000
0.000000
0.028000
0.026667
0.002308
0.024211
0.006250
0.005714
0.018750
-0.025882
0.015556
0.013077
0.017333
-0.006923
0.050000
0.061538
0.010000
0.022500
0.008148
0.009630
-0.009677
0.024000
-0.002222
0.004444
0.002424
-0.006875
-0.010667
-0.011111
-0.018667
-0.018667
-0.020690
-0.015333
-0.005385
0.018571
0.026000
-0.010000
0.028000
0.026000
-0.004000
-0.010000
0.036000
-0.046000
0.000000
0.020000
0.004000
0.010000
0.015000
0.036000
0.046000
0.036000
0.000000
-0.004211
0.038333
-0.020833
0.024000
-0.048000
0.000000
0.026000
0.014000
0.000000
0.004000
0.020000
-0.010000
-0.018000
-0.022000
0.006000
-0.014000
-0.006000
0.002000
-0.026000
-0.010000
-0.001667
0.032308
0.004615
0.016000
0.006000
0.030000
-0.022000
-0.004000
0.005455
0.000000
0.014000
0.018000
-0.006000
0.014000
0.021818
0.008000
0.032000
-0.010000
-0.016000
-0.017391
0.001739
-0.028421
-0.016800
0.000000
0.012000
-0.008000
-0.012000
0.044000
0.014000
-0.024000
-0.042000
0.012000
0.032000
0.026000
-0.028000
-0.048000
-0.024000
-0.024000
0.018000
0.004000
0.040000
-0.025000
0.026250
0.009143
-0.005000
-0.000714
0.000645
0.060000
-0.021333
-0.005455
0.018333
-0.003704
-0.010769
0.015333
-0.019130
0.002500
-0.036522
-0.008889
-0.018261
0.022000
0.004000
0.012000
-0.034000
0.014000
-0.008333
-0.064000
0.030000
-0.014000
0.096000
-0.030000
-0.018000
-0.038000
-0.046000
-0.006000
0.020000
0.003333
-0.010000
0.024138
0.030370
-0.042000
-0.018182
-0.028000
-0.018000
-0.024000
0.012000
0.012000
0.046000
-0.020000
0.040000
0.016000
0.020000
-0.001818
0.025455
-0.014000
0.020000
-0.000714
-0.008571
-0.002400
-0.003077
-0.014545
-0.048000
-0.040000
0.016000
-0.014000
0.006000
0.008000
0.036000
0.008000
0.038000
-0.004000
-0.014000
0.006000
-0.016000
0.024000
0.010000
0.003750
0.013000
0.045000
-0.017273
-0.004000
0.008000
0.012000
-0.032000
0.008000
0.012000
-0.018000
0.006000
-0.068000
-0.022000
0.012000
0.022000
-0.018000
-0.030000
0.010000
-0.048000
-0.005517
-0.001379
-0.015758
-0.017419
0.030000
0.003636
0.006000
-0.030909
0.017143
-0.037647
0.006667
0.031250
-0.045714
-0.003571
0.027200
-0.023333
0.001250
-0.012000
0.022963
0.034783
0.032000
0.000000
-0.008000
0.004000
-0.046000
0.102000
0.000000
0.020000
0.014000
-0.010000
-0.070000
-0.008000
0.034000
-0.008000
0.004000
0.042000
0.015172
-0.004000
-0.009600
0.022308
0.012000
-0.010000
0.028000
-0.038000
-0.016667
-0.004000
0.030000
-0.028000
0.000000
0.044000
-0.018000
0.000000
0.000000
-0.014000
0.050000
0.012000
-0.034400
0.028333
-0.052222
-0.005806
0.032000
-0.062000
0.006000
-0.024000
-0.022000
-0.004000
0.016000
0.026000
-0.008000
-0.006000
-0.016000
0.034000
-0.020000
0.068333
-0.006000
-0.028000
-0.002609
0.015652
0.013846
-0.009630
-0.014000
0.012000
0.050000
0.018000
0.028000
0.040000
0.018000
-0.050000
0.004000
0.001818
0.032000
-0.028000
0.002000
0.020000
0.072000
0.006000
0.005024
-0.007462
0.002857
0.001485
-0.003223
0.012326
0.012342
0.002846
0.000990
0.006406
-0.000089
0.004752
-0.010751
0.001390
0.007312
-0.000736
0.005579
0.000925
0.003214
-0.007108
0.003622
-0.001120
-0.013368
0.004434
-0.005698
0.000423
0.005596
-0.005756
0.002371
-0.003146
-0.001204
-0.009017
-0.004324
-0.005484
-0.001008
-0.010480
-0.007471
0.001630
-0.000417
-0.006506
-0.004301
-0.001954
-0.000230
-0.002275
0.003346
-0.005143
-0.005846
-0.000924
-0.001176
0.013750
0.019333
0.012174
-0.032143
-0.000769
0.024762
0.010833
-0.016000
-0.004667
-0.017714
0.006207
-0.005556
0.010667
0.001429
0.010000
0.011724
-0.004000
-0.031538
0.018000
0.014783
0.003333
-0.008182
-0.025000
-0.003333
0.018333
-0.036842
0.028571
-0.003333
0.042941
-0.029231
-0.006667
-0.014615
-0.014167
-0.015833
-0.013600
0.002222
0.016154
0.006429
-0.007143
0.000000
0.020571
-0.003333
0.050000
-0.001818
-0.051667
-0.012000
0.025714
-0.009333
-0.016250
0.003571
-0.044444
0.002000
0.025455
0.027619
-0.006364
0.038621
-0.006923
-0.004848
-0.018519
-0.011250
0.017143
-0.018667
0.001250
0.023333
0.002857
0.009091
-0.008333
-0.001333
-0.035294
0.002222
-0.014444
-0.037333
0.025333
-0.025000
-0.038750
-0.022000
0.042400
-0.001935
0.000800
-0.001538
-0.043846
0.000833
0.010714
-0.030370
0.010000
-0.028148
0.031333
-0.008276
-0.012941
0.006429
-0.005000
-0.032727
0.015385
0.022000
-0.030000
-0.022222
0.007692
0.013714
-0.008235
0.009333
-0.025556
0.021333
-0.028571
-0.026000
0.030909
-0.027778
0.007692
0.005600
0.015862
-0.040769
0.036429
0.028800
-0.012174
0.012000
-0.000800
-0.008000
-0.022000
-0.016364
-0.034000
0.006000
0.024000
-0.058000
0.022000
0.044000
-0.022000
-0.032000
0.030000
-0.002000
-0.002000
-0.006000
0.036364
0.000000
-0.004800
0.014737
0.015200
-0.020000
-0.028333
-0.078000
0.024000
0.048000
-0.036000
-0.002000
0.078000
0.036000
0.002000
0.036000
0.012000
0.020000
0.064000
-0.002000
-0.022000
-0.008000
0.005714
0.039200
-0.024000
0.044000
-0.040000
0.004000
0.010000
-0.060000
0.026000
-0.042000
0.036000
0.030000
-0.008000
-0.024000
0.010000
-0.042000
0.056000
-0.018000
-0.036000
0.003750
-0.015789
0.031000
0.009600
-0.012000
-0.032000
0.010000
-0.008000
0.020000
0.034000
0.012000
0.018000
-0.016000
-0.044000
-0.002000
-0.014000
0.032000
0.024000
-0.058000
-0.042000
0.010370
-0.032414
-0.011613
-0.000645
-0.020000
0.022000
0.004000
0.022000
-0.020571
-0.001538
-0.015556
0.002000
-0.009333
-0.030526
0.010667
-0.037333
-0.018750
-0.027500
0.007619
-0.035385
0.010000
0.018000
0.026000
0.054000
0.046000
0.046000
-0.036000
-0.006000
-0.008000
-0.024000
0.030000
-0.012000
0.002000
-0.020000
0.006000
0.000000
-0.008148
0.040000
0.013846
0.025000
-0.012000
0.006000
-0.026000
-0.012000
0.020000
-0.006000
0.006000
-0.034000
-0.038000
0.008000
-0.008000
-0.064000
0.050000
0.014000
-0.008000
-0.018000
-0.003846
0.005385
-0.008000
0.010000
0.008000
-0.038000
-0.028000
0.038182
0.030000
0.024000
0.008000
-0.018000
-0.040000
-0.012000
0.008000
-0.002000
-0.028000
-0.006000
0.008000
0.046000
-0.002400
-0.008000
-0.009524
-0.031613
-0.022000
0.058000
0.022000
0.014000
0.008000
0.008000
0.012000
0.036000
0.032000
-0.001818
-0.054000
0.000000
0.036000
0.068000
-0.032000
0.008000
-0.021429
-0.009412
0.005714
-0.010667
0.017714
-0.005926
0.014815
-0.024667
-0.015833
0.002759
0.028276
0.016154
0.034000
-0.010000
-0.020000
0.036364
-0.045263
0.032800
0.027273
0.005833
-0.030000
-0.002000
0.008000
-0.062000
0.034000
0.041667
-0.044000
0.002000
-0.042000
-0.024000
0.044000
-0.054000
0.008000
-0.016000
-0.002000
0.038000
-0.021538
0.004444
-0.022963
0.029286
0.016000
-0.048000
-0.010000
-0.040000
0.006000
0.030000
-0.008000
-0.029231
-0.014000
0.078000
-0.018000
-0.028000
-0.028000
0.020000
-0.020000
-0.024000
0.000000
-0.022000
-0.013333
-0.002400
-0.030000
0.032000
-0.002000
0.028000
-0.012000
0.036000
0.000000
0.030000
0.008000
-0.028000
0.020000
-0.048000
0.056000
-0.008000
-0.010000
-0.024000
0.007407
-0.006429
-0.002308
0.012500
-0.009091
-0.032000
-0.030000
-0.020000
-0.020000
-0.004000
0.032000
-0.024000
0.002000
0.004000
-0.032000
0.002000
0.034000
-0.012000
0.008000
0.018000
-0.004712
-0.000976
0.011468
-0.008128
0.010570
-0.004162
-0.018150
-0.002186
0.010777
0.003646
-0.001754
-0.003757
0.001838
0.000985
-0.002184
-0.003103
-0.014167
0.011034
0.001538
0.058333
0.000645
-0.020000
-0.012632
0.008000
0.004706
0.025455
-0.031875
0.013333
0.006087
-0.032000
0.013333
0.042222
-0.002755
-0.005970
-0.002890
-0.003909
0.001667
-0.047273
-0.021212
-0.016000
-0.006667
0.000000
-0.041333
0.002667
0.000000
0.030714
-0.040000
-0.011111
0.018750
0.031667
0.022667
0.005185
0.003316
0.003920
-0.010055
0.002099
-0.008235
-0.038000
0.001875
0.009655
-0.011429
0.000000
0.004444
-0.022857
0.022609
-0.024000
-0.028387
-0.002500
-0.004286
0.008000
0.015484
0.002667
-0.009057
-0.002000
0.001143
-0.002157
0.013211
0.003689
-0.012475
0.002376
0.005273
0.001782
-0.001308
-0.004247
-0.004740
-0.001685
0.008268
-0.005943
0.008140
-0.009029
0.012402
0.011200
-0.012601
-0.001829
0.007079
0.002955
0.009308
-0.002655
0.002593
-0.001565
0.002344
0.001237
-0.003210
0.000031
-0.003265
-0.001145
-0.000619
0.003170
-0.010982
-0.001588
-0.012285
-0.006658
-0.004829
-0.010342
-0.007966
-0.005851
-0.012929
-0.013956
-0.005804
-0.003719
-0.009267
-0.005445
-0.007064
-0.001876
-0.010600
0.002041
-0.009510
-0.009311
-0.011534
-0.011701
-0.003156
-0.002260
0.004872
0.008267
0.008421
-0.008736
0.014054
0.002963
0.003421
-0.017931
0.000816
0.032195
-0.004000
0.008525
0.003294
-0.002353
-0.001972
0.012152
0.008980
0.000000
-0.001509
0.003333
0.009333
-0.006471
-0.000870
0.012250
0.015882
-0.030602
0.018961
-0.012162
0.013056
0.012432
0.007671
0.004928
-0.005833
-0.000851
0.003729
-0.020896
0.004634
-0.003529
-0.004235
0.002169
0.012157
-0.016500
-0.005926
-0.004262
-0.019737
0.010588
0.015522
0.004103
-0.002817
0.005405
0.009333
0.002609
-0.010141
0.003077
0.007671
0.010541
0.008889
0.032273
0.007419
-0.013333
0.014699
0.000548
-0.012250
-0.005783
0.023830
-0.020000
0.008000
-0.013333
-0.006750
-0.014921
-0.007941
-0.001579
0.009706
0.020000
0.012353
-0.020357
0.006269
0.024865
-0.020938
0.022333
0.003836
-0.017627
0.008125
0.014286
0.018769
0.025818
0.024746
0.008519
-0.001875
-0.002857
-0.017377
-0.015357
0.020606
0.003000
0.004444
0.009310
-0.012239
-0.001143
0.005231
0.001739
-0.014000
-0.090000
-0.025455
0.014000
0.012000
0.068000
0.014000
0.008333
-0.012000
-0.023077
-0.002000
0.016000
0.016667
-0.042727
0.038000
0.025455
-0.003429
-0.017465
0.015312
0.003235
-0.036000
-0.002000
0.056000
0.054000
-0.012000
-0.027692
0.000000
0.024000
-0.010000
0.020952
0.044615
-0.002000
0.050000
-0.017333
0.021818
-0.006000
-0.012000
-0.067273
-0.010000
0.060000
-0.026667
0.020000
-0.029091
-0.014000
0.027273
0.033846
0.022857
-0.012727
0.026400
-0.048000
-0.005455
-0.010769
0.002000
-0.006000
0.002000
-0.056364
-0.014000
-0.034000
0.016000
0.048333
-0.006000
0.012000
0.030000
0.010000
0.008000
-0.028000
-0.044000
-0.006000
-0.058000
-0.009091
0.024000
0.052727
-0.041667
0.014000
-0.014545
-0.002000
-0.056364
-0.001818
0.021538
-0.021538
-0.007200
-0.030000
-0.047273
-0.011429
0.000000
-0.052000
-0.016364
-0.071667
0.016364
-0.022000
-0.040000
0.012000
-0.048000
-0.003636
-0.046000
0.008000
-0.012000
-0.072727
0.020000
0.022000
0.029577
0.013134
0.014839
-0.010175
0.030000
-0.040000
-0.027500
-0.016667
0.025000
0.026316
0.002500
-0.004000
0.010000
-0.006000
0.012000
0.030000
-0.002000
0.020000
0.000000
-0.020000
-0.016190
0.021176
0.006207
0.007368
-0.008000
0.040000
-0.024000
0.005000
-0.022000
0.028000
-0.021818
-0.046000
0.036471
0.006000
0.026000
-0.021818
-0.032000
0.018824
0.025455
-0.038000
-0.038333
0.036000
-0.012727
0.028000
-0.020000
0.025455
-0.028000
0.006667
-0.090000
-0.025455
0.014000
-0.014000
0.032727
-0.024000
-0.002000
0.012000
-0.050000
-0.043333
-0.040000
-0.002000
-0.012000
-0.005455
0.003636
-0.048000
-0.034545
0.016364
-0.020000
0.030000
-0.028800
0.022000
-0.030769
0.046154
0.012727
-0.020000
-0.025455
0.016667
0.036000
0.010909
0.002000
-0.034000
-0.021739
-0.014000
0.007500
0.015714
-0.023636
0.026000
-0.027273
-0.038182
-0.024000
-0.012000
0.014545
0.016923
0.020000
-0.008000
-0.006000
0.058000
0.024000
-0.060000
0.012000
-0.028000
-0.022000
0.024000
-0.006000
0.012000
-0.030000
0.002727
0.002373
-0.020345
0.068000
-0.001429
-0.012500
-0.054545
0.001250
0.033684
-0.049333
0.014286
-0.004000
-0.008000
0.044000
0.054545
0.022000
-0.012000
-0.072727
0.020000
0.009714
-0.002222
0.000952
0.013333
-0.035000
-0.021053
0.000000
-0.002000
0.044000
0.012308
-0.024000
0.024000
-0.018000
-0.049091
0.024000
-0.034545
0.012000
-0.022000
0.024000
-0.006000
0.047273
0.023636
-0.014000
0.016000
-0.002000
-0.034545
-0.004000
-0.046667
-0.002000
0.056000
0.054000
-0.036000
-0.018000
0.066000
0.004000
-0.040000
-0.003636
-0.028000
-0.047273
-0.008000
-0.068000
-0.023333
0.012000
-0.024000
-0.000833
-0.004000
-0.015000
0.021667
-0.027273
-0.006000
0.000000
-0.027273
-0.012000
0.000000
0.085455
-0.001667
0.005455
-0.040000
0.004000
0.022000
0.014000
0.054000
0.000000
0.004000
0.028000
-0.021818
-0.046000
-0.022000
-0.025000
0.028000
0.023636
-0.038333
-0.048000
0.058182
-0.004000
0.030000
0.001667
-0.020000
-0.015294
0.015294
0.020000
0.040000
-0.020000
-0.043333
-0.001564
0.000252
-0.005591
-0.008672
0.004150
0.002315
0.003294
0.002921
-0.004786
-0.001043
0.000410
-0.004290
-0.003516
-0.000232
-0.003516
-0.000232
0.004444
-0.004561
0.000590
-0.002416
0.009846
-0.008254
-0.008235
-0.001644
-0.002424
0.002154
-0.011059
-0.017353
0.023188
-0.000308
-0.005882
-0.013623
-0.006494
-0.019677
0.014118
0.015402
-0.005588
0.000303
-0.003478
0.009275
-0.011688
-0.014462
0.007761
-0.013412
0.006103
-0.002069
0.006103
-0.002069
0.002492
0.000963
0.004139
0.001310
-0.006571
-0.011304
0.004471
-0.008409
-0.021111
-0.008000
-0.017619
-0.011233
0.006286
0.018841
-0.012055
0.019077
0.006579
-0.010286
-0.010930
0.022045
0.016364
-0.020923
0.004308
0.000615
0.003210
-0.019355
0.000303
-0.002529
-0.007554
-0.003140
-0.007554
-0.003140
0.003671
-0.001424
-0.009169
-0.002971
-0.008333
-0.000923
0.015181
-0.001538
0.017353
0.005455
-0.018118
0.000282
-0.018235
0.008615
-0.011940
-0.005538
0.012683
0.005161
-0.004651
0.015056
-0.012941
0.015588
0.010000
0.010909
-0.005385
0.005938
0.000597
-0.017442
0.018462
-0.005000
0.024561
0.000000
0.010303
-0.010294
-0.003729
0.008525
0.008571
-0.002963
-0.006102
-0.021379
0.001587
0.007547
0.014074
-0.004068
-0.007692
-0.013462
0.002143
0.000000
-0.003810
0.001111
0.003103
0.015172
0.007619
-0.002258
-0.010877
0.030943
-0.036000
0.006000
-0.052727
0.020000
0.025455
-0.026000
0.024000
0.022000
0.008000
-0.026000
0.032000
-0.024000
0.050000
0.007000
0.033846
0.024615
0.014286
-0.033016
-0.020000
0.000769
-0.060000
0.028000
0.034000
0.004000
0.006000
0.014000
0.012000
0.028000
-0.063636
0.017778
-0.003077
0.030909
0.010000
0.024000
-0.044000
-0.018000
-0.056000
-0.024000
-0.056000
-0.024000
0.058000
0.016000
0.012000
-0.022000
0.016000
-0.042000
-0.020000
-0.010000
0.052000
-0.020000
0.016364
0.058000
0.035000
0.003077
-0.030909
-0.050667
0.054000
0.032000
0.044000
0.034000
-0.054545
-0.040000
-0.002000
0.034000
-0.010769
-0.006000
0.018182
0.028571
0.020000
0.022000
0.020000
0.022000
-0.016000
-0.022000
-0.054000
0.010000
-0.032000
0.052000
0.073333
-0.030000
-0.006000
0.002000
0.010909
0.004000
0.028000
0.026000
0.052000
-0.024000
-0.008000
-0.043333
-0.030000
0.020000
-0.006667
0.014545
0.007273
-0.012857
-0.003636
-0.024000
-0.022000
-0.012000
0.009118
-0.001311
0.003448
-0.017313
-0.010000
0.012000
0.066667
0.052000
-0.026667
0.004762
0.018667
-0.020000
0.002000
0.004000
-0.016000
-0.030000
0.012000
0.002000
0.022000
0.028000
-0.011343
0.006769
0.006182
0.034182
0.006000
-0.008000
0.004000
0.030000
-0.004000
0.004000
-0.042000
0.024000
-0.012727
-0.011579
-0.058462
-0.025000
0.012000
-0.013333
0.000000
-0.022000
0.010588
-0.057143
0.013913
0.003333
0.052000
-0.010000
0.036000
0.008000
-0.001818
-0.022000
-0.048000
-0.010000
-0.012000
0.021429
0.046154
-0.016000
-0.010000
-0.022000
-0.010000
-0.022000
-0.072000
0.004000
0.026000
0.018000
-0.050000
0.004000
-0.012727
0.026000
-0.086000
0.060000
-0.030000
-0.034000
-0.054000
0.010000
-0.016000
-0.022000
0.021818
-0.006000
0.021818
-0.006000
-0.002000
-0.002000
-0.002000
0.010000
0.028000
0.030000
0.040000
0.004000
0.008000
0.018000
0.048000
-0.006000
0.017143
0.024706
-0.009565
0.010667
0.052727
0.022000
0.004615
0.003333
0.004000
-0.030000
0.024000
-0.034000
0.017101
0.006364
0.008421
-0.010000
0.026000
-0.036364
-0.021818
-0.014000
0.016000
0.024211
-0.018824
0.038333
0.004000
0.032000
-0.044000
0.054000
0.054000
0.038000
0.012000
0.064000
0.001563
0.008571
-0.007143
0.007308
-0.014000
0.002000
-0.088333
-0.002667
-0.002000
0.021818
-0.002000
-0.068000
0.000000
0.008000
-0.032727
-0.044000
0.044000
-0.054000
-0.018000
0.020000
-0.028750
-0.001250
0.003636
0.014737
-0.020000
0.048000
-0.004000
-0.012000
0.025455
0.024000
0.042000
0.000000
0.007692
0.014286
0.006154
0.041250
0.026000
0.018000
-0.072000
0.004000
-0.010000
0.072000
-0.010000
0.072000
-0.046000
0.014000
-0.008000
-0.028000
-0.014000
-0.004000
-0.010909
0.020000
0.010000
0.010000
-0.004000
0.018000
-0.018667
0.038571
0.018095
0.017647
0.045000
-0.038000
-0.011667
0.020000
0.006000
0.032000
0.001818
-0.026000
0.012000
-0.022000
0.058000
0.016000
0.004000
-0.040000
0.004000
-0.040000
0.008000
-0.038000
0.014000
-0.016000
-0.034000
-0.032000
0.003333
0.076000
0.006604
-0.005143
-0.009231
0.005600
0.009204
-0.006226
0.005225
-0.009262
-0.002752
-0.003922
-0.002832
0.000198
0.002674
0.002404
-0.010761
0.004699
-0.004316
0.016983
0.007886
0.016667
0.012254
0.001209
-0.002235
0.003012
-0.006170
0.006108
0.002442
0.001615
-0.001093
-0.002065
0.000638
0.007596
-0.020208
0.008000
-0.003535
-0.005909
0.007200
0.000000
0.005185
-0.030400
0.013600
-0.052000
-0.014483
-0.011538
0.004000
-0.030769
-0.012222
-0.026250
-0.022667
0.021333
-0.024706
-0.020000
0.001429
-0.026667
0.032000
0.028235
0.017419
-0.004000
0.028485
-0.001538
-0.007143
-0.009333
0.016000
0.031250
-0.005333
0.036923
0.044286
0.034286
0.007857
-0.006667
0.039130
0.000645
-0.025000
0.032000
0.009333
-0.021429
0.005185
-0.030400
0.007200
0.000000
0.018462
-0.008889
-0.030909
-0.022857
-0.012000
0.010400
-0.029375
0.020645
-0.020000
-0.022667
0.021333
-0.024706
-0.008000
0.056923
-0.028750
-0.028000
-0.021429
-0.025000
0.032000
0.009333
0.010769
-0.009375
0.005000
-0.015862
0.017778
0.000606
-0.019333
-0.027333
-0.016000
-0.018667
-0.016000
0.007273
0.013333
0.061333
-0.041176
-0.008000
-0.003846
0.007647
-0.006667
0.019412
0.005000
-0.015862
0.010769
-0.009375
-0.014483
-0.011538
0.013600
-0.052000
-0.016000
0.062667
0.010667
0.017143
0.039130
0.000645
0.007857
-0.006667
-0.045833
-0.036875
0.027200
0.054167
-0.026667
0.032000
0.028235
0.001429
-0.052727
0.018182
0.078000
0.005455
-0.023448
-0.020800
-0.027742
0.003077
-0.008000
0.013333
0.061333
-0.041176
-0.020000
0.007692
-0.004286
-0.014667
0.017143
-0.016000
0.062667
0.010667
-0.009333
0.016000
0.031250
-0.007143
-0.019333
-0.027333
0.017778
0.000606
-0.001538
-0.006429
-0.005000
0.014706
0.027200
0.054167
-0.045833
-0.036875
-0.010751
0.001390
0.007312
-0.000736
0.005579
0.000925
0.003214
-0.007108
-0.005698
0.000423
0.005596
-0.005756
0.002371
-0.003146
-0.001204
-0.009017
-0.007471
0.001630
-0.000417
-0.006506
-0.004301
-0.001954
-0.000230
-0.002275
-0.017333
-0.028750
-0.037143
-0.006667
0.003871
-0.040800
-0.000645
0.006154
0.005333
-0.007500
0.054286
-0.029333
-0.018667
0.033846
0.034286
0.026154
-0.025185
0.029032
0.006429
-0.010400
-0.020000
-0.022069
-0.018000
0.008800
0.038000
0.018333
0.005556
0.041667
0.004000
-0.008571
-0.005333
0.040000
0.006429
-0.010400
-0.025185
0.029032
-0.015833
0.003571
0.022143
-0.006000
-0.005000
-0.028800
-0.013846
0.005161
0.026250
0.005714
0.029333
0.002667
-0.013846
0.005161
-0.005000
-0.028800
0.016296
0.005882
-0.017143
-0.001600
-0.028750
-0.037143
-0.006667
-0.017333
0.028000
-0.006000
0.025455
-0.041818
-0.004286
-0.031250
-0.008571
-0.016000
0.004444
-0.007200
-0.015484
-0.011538
0.021333
-0.010000
0.020000
0.034667
-0.065333
0.013846
-0.033333
0.033846
-0.007500
0.054286
-0.029333
0.005333
-0.001250
0.039310
-0.005385
0.009032
-0.017143
-0.001600
0.016296
0.005882
0.005217
-0.004444
-0.011613
-0.001875
0.012414
0.013600
-0.012500
-0.007742
0.040000
0.004000
-0.008571
-0.005333
-0.018571
-0.035385
0.010000
-0.005714
0.002667
0.026250
0.005714
0.029333
-0.005385
0.009032
-0.001250
0.039310
-0.013571
0.025294
-0.000800
-0.002069
-0.031250
-0.008571
-0.016000
-0.004286
-0.038000
0.010000
0.009091
0.005000
-0.030435
0.032727
-0.030303
-0.009375
-0.000800
-0.002069
-0.013571
0.025294
-0.010000
0.020000
0.034667
0.021333
-0.018000
0.008800
-0.020000
-0.022069
-0.009057
-0.002000
0.001143
-0.002157
0.013211
0.003689
-0.012475
0.002376
0.005273
0.001782
-0.001308
-0.004247
0.009308
-0.002655
0.002593
-0.001565
0.002344
0.001237
-0.003210
0.000031
-0.003265
-0.001145
-0.000619
0.003170
0.000278
-0.004687
0.005753
0.009846
0.002222
0.004242
0.003768
-0.015455
0.005753
0.009846
0.000278
-0.004687
-0.001690
-0.015077
0.014203
-0.006667
0.003768
-0.015455
0.002222
0.004242
0.014203
-0.006667
-0.001690
-0.015077
-0.003516
-0.000232
-0.003516
-0.000232
0.006103
-0.002069
0.006103
-0.002069
-0.007554
-0.003140
-0.007554
-0.003140
0.001250
0.011746
0.001250
0.011746
0.020317
0.004308
0.020317
0.004308
0.011746
0.001250
0.011746
0.001250
-0.013538
0.026984
-0.013538
0.026984
0.004308
0.020317
0.004308
0.020317
0.026984
-0.013538
0.026984
-0.013538
