-0.159602
-0.152265
-0.153477
-0.155027
-0.149896
-0.145557
-0.154454
-0.143934
-0.117870
-0.116830
-0.117015
-0.124422
-0.117598
-0.123563
-0.119307
-0.124855
-0.101718
-0.108095
-0.112867
-0.109647
-0.173387
-0.164082
-0.160112
-0.167454
-0.027895
-0.044848
-0.048966
-0.054359
-0.053500
-0.041818
-0.065862
-0.064211
-0.056087
-0.030526
-0.057857
-0.078889
-0.031220
-0.065000
-0.057091
-0.056667
-0.017561
-0.025294
-0.023214
-0.036610
-0.064000
-0.027647
-0.049231
-0.041081
-0.040800
-0.048485
-0.044118
-0.036897
-0.045882
-0.008235
-0.041667
-0.036296
-0.028980
-0.017073
-0.029310
-0.041455
-0.022041
-0.027059
-0.024737
-0.012143
0.043922
0.020000
0.014483
0.008772
0.037255
0.035429
0.025000
-0.001176
0.058742
0.046697
0.055802
0.049640
0.051437
0.053183
0.059290
0.043146
-0.021915
-0.022620
-0.012012
-0.018669
0.047588
0.047327
0.052514
0.052851
0.013529
0.019130
0.032308
0.038929
0.038857
0.036429
0.046897
0.027925
0.041100
0.045559
0.049740
0.050286
0.024615
0.014815
0.014857
0.048571
-0.016000
0.043750
0.040000
0.077692
-0.014614
-0.009825
-0.012665
-0.016208
0.024138
0.008750
0.051515
0.078571
0.046000
0.007273
0.033333
0.041667
0.014872
-0.020000
-0.006857
-0.014054
-0.013333
0.000000
-0.009655
0.015676
-0.009714
0.019000
0.011273
0.011000
0.005455
-0.043333
0.007742
0.017838
0.003590
0.017273
-0.007692
0.000000
0.032903
0.010000
0.013571
0.015000
-0.029811
-0.024381
-0.018846
-0.043400
-0.062832
-0.045472
-0.043964
-0.047785
-0.036697
-0.047059
-0.037168
-0.032277
0.017980
0.021597
0.027453
0.030909
0.039500
0.047092
0.056667
0.047651
0.067308
0.046420
0.062456
0.050950
-0.046806
-0.071805
-0.052477
-0.055508
0.027461
0.026802
0.023468
0.021639
0.006839
0.011979
-0.000351
0.017459
-0.002270
-0.000887
-0.008851
0.002184
-0.004167
0.000000
-0.016923
0.008333
-0.052903
0.027273
-0.031579
-0.050400
-0.034118
0.058182
0.014375
0.048667
0.000000
0.004000
0.002222
0.031111
-0.017857
-0.012836
-0.002890
-0.016636
-0.037500
-0.045455
-0.007879
-0.009000
0.002222
-0.006000
-0.035333
-0.037333
0.006364
-0.030714
0.016667
0.046667
-0.010000
-0.023333
0.014667
-0.016296
0.046738
0.041005
0.044862
0.050055
0.020588
0.046000
0.046250
0.036552
0.015238
-0.024348
0.006667
0.040000
-0.000870
0.078000
0.049032
0.007500
-0.048571
0.020000
0.001935
0.005333
-0.001650
-0.009486
-0.011535
-0.003131
-0.013495
-0.023012
-0.021495
-0.013949
0.045023
0.059612
0.048458
0.052946
-0.055276
-0.039921
-0.036122
-0.055149
0.011877
0.017398
0.011900
0.008739
0.010313
-0.005772
0.006553
-0.009406
0.001667
0.020000
-0.022500
0.020000
-0.040800
-0.027170
-0.048750
-0.005000
0.038333
0.053704
0.073023
0.042564
-0.027500
0.000000
-0.034667
-0.066667
-0.024444
0.006250
-0.067059
-0.031765
-0.010909
-0.024211
-0.023030
-0.008947
0.041818
0.022353
-0.045000
-0.047143
-0.016667
0.020800
-0.019394
-0.026667
-0.005185
0.007843
0.016279
0.021778
0.001818
-0.021667
0.018182
-0.050769
0.057500
0.020000
0.033333
0.034118
0.021818
-0.038462
-0.032727
0.042000
0.024076
0.017000
0.006587
0.009208
0.001043
0.003101
0.010450
0.009593
-0.057426
-0.054375
-0.043304
-0.051683
-0.027953
-0.016400
-0.035684
-0.024615
0.040463
0.051371
0.044118
0.047773
0.002646
0.006367
-0.006462
-0.008487
0.023871
0.027778
0.029545
0.032340
0.033333
0.058095
0.024000
0.003750
-0.020000
0.025714
-0.011818
0.010000
-0.010385
0.007547
0.001379
0.020000
0.044364
0.030566
0.030000
0.024082
-0.040000
-0.028571
0.070000
-0.012308
-0.044746
-0.048649
-0.020000
-0.020000
-0.002500
0.013333
0.005333
-0.007059
-0.013333
-0.014000
-0.028000
-0.020000
-0.025574
-0.014211
0.020000
0.004615
0.000851
-0.026667
0.000625
-0.024000
-0.014545
-0.002857
-0.012000
0.001538
-0.019487
-0.016635
-0.032523
-0.006237
0.041250
0.039310
0.032067
0.063708
-0.001554
-0.021407
-0.013446
0.000437
0.004194
0.018806
0.029770
0.023352
0.036667
0.022000
-0.016875
0.017857
0.012500
0.064000
0.020000
0.029000
0.029474
-0.038000
0.024286
-0.032308
0.023429
0.024615
0.001250
0.033125
-0.006064
0.001182
-0.000787
-0.002022
0.016667
0.010909
0.066667
0.025143
0.003000
0.024800
0.017000
0.035385
-0.043529
0.004000
-0.050968
-0.018462
-0.026000
0.046000
0.025600
0.010000
-0.039689
-0.056238
-0.033407
-0.051644
0.004000
-0.022000
-0.022500
-0.070000
-0.020952
-0.016000
0.002424
0.015385
-0.035758
-0.067273
-0.008235
-0.041379
0.011579
0.026400
0.011765
-0.030000
-0.040718
-0.048548
-0.036762
-0.042690
-0.015317
-0.023064
-0.033121
-0.032636
-0.054518
-0.053277
-0.057962
-0.052515
0.070755
0.056400
0.064190
0.083333
0.011743
0.021748
0.012277
0.019604
0.027455
0.048119
0.055514
0.038356
0.058742
0.046697
0.055802
0.049640
0.051437
0.053183
0.059290
0.043146
-0.021915
-0.022620
-0.012012
-0.018669
0.013529
0.019130
0.032308
0.038929
0.038857
0.036429
0.046897
0.027925
0.024615
0.014815
0.014857
0.048571
-0.016000
0.043750
0.040000
0.077692
0.024138
0.008750
0.051515
0.078571
0.046000
0.007273
0.033333
0.041667
-0.017538
-0.007619
-0.007059
-0.009863
-0.056364
-0.031077
-0.010353
-0.037941
0.014872
-0.020000
-0.006857
-0.014054
-0.029610
-0.022581
-0.027941
-0.021839
-0.013333
0.000000
-0.009655
0.015676
-0.030130
-0.033538
-0.034925
-0.014353
-0.028286
-0.013913
-0.012235
-0.007500
-0.022778
-0.013231
-0.025000
-0.039178
-0.021842
-0.028857
-0.022326
-0.018409
-0.009714
0.019000
0.011273
0.011000
0.005455
-0.043333
0.007742
0.017838
-0.036049
-0.016129
-0.021818
-0.037471
0.073333
0.054769
0.026024
0.072088
0.043529
0.069091
0.060706
0.046197
0.009512
0.044516
0.021860
0.038202
0.003590
0.017273
-0.007692
0.000000
0.018718
0.036875
0.022687
0.060698
0.032903
0.010000
0.013571
0.015000
-0.023265
-0.018049
-0.038909
-0.017377
0.026939
0.016667
0.057736
0.047667
0.007500
-0.005106
-0.022712
-0.013134
0.038824
0.058000
0.052222
0.040000
0.026296
-0.009091
-0.002258
0.010000
0.016596
0.007000
-0.014400
-0.000333
-0.010476
0.007609
-0.024675
-0.028000
-0.064000
-0.075000
-0.065455
-0.057333
0.058000
-0.034545
0.009091
0.024000
-0.044000
-0.021429
-0.049091
-0.023636
0.001000
0.012593
-0.013333
-0.001333
0.022791
0.039574
0.037465
0.026265
0.085000
0.041818
0.032727
0.048750
0.040000
0.021818
0.021818
0.004000
-0.030000
0.003846
0.002857
0.017500
0.082000
0.018667
0.032727
0.005455
-0.020667
-0.025854
-0.018095
-0.016667
-0.078000
-0.076000
-0.066667
-0.011429
-0.033750
-0.010435
-0.001250
0.004000
-0.089091
-0.012000
-0.075385
-0.034667
-0.004000
-0.024000
-0.029091
0.016000
0.038718
0.033902
0.030294
0.036389
-0.006000
0.040000
0.080000
0.066000
0.050909
0.049091
-0.020000
0.048000
-0.028421
-0.023333
-0.026667
-0.020000
0.002000
-0.036000
0.003333
0.009091
0.006154
-0.011463
0.028308
-0.003380
0.044000
0.023333
0.048750
0.035385
0.067059
0.049600
0.006316
-0.033333
0.008000
-0.070000
-0.045455
0.032000
0.026000
0.060000
-0.010909
0.001538
0.010617
0.003291
0.008333
0.001818
0.020000
0.039167
0.094545
0.026667
0.041818
0.041538
0.040000
0.006667
0.004000
0.040000
0.005455
-0.025455
0.000000
0.042000
0.014545
0.075385
0.002000
-0.064615
-0.011429
-0.016923
-0.021481
-0.025455
-0.007273
-0.010000
-0.030000
-0.030769
-0.037143
-0.018182
0.032000
-0.014000
0.062000
-0.041818
0.082000
0.058182
0.075385
0.030000
-0.000833
0.007692
0.001538
-0.001000
-0.049091
0.004000
-0.036000
-0.026000
0.028333
0.045714
0.015000
0.018000
-0.078333
-0.053333
-0.050000
-0.050000
-0.036364
0.016000
0.008000
-0.014000
-0.054000
0.007273
-0.094000
-0.012308
-0.007500
0.030667
0.007692
-0.034000
0.017692
-0.060000
0.028235
-0.019130
0.007273
-0.024000
0.040000
-0.043077
-0.040000
-0.038000
-0.076364
-0.056364
0.028000
0.046154
0.032000
-0.008333
0.004000
0.012308
0.094000
-0.013846
0.028000
0.056364
-0.016000
-0.022000
0.008571
0.017500
0.006250
0.015238
0.022000
0.020000
-0.080000
-0.008333
0.030000
0.024000
0.012000
-0.014000
0.040000
0.033333
0.028333
0.022000
0.012857
-0.003333
-0.017647
0.023000
-0.012000
-0.010000
-0.010000
-0.020000
-0.159602
-0.152265
-0.153477
-0.155027
-0.149896
-0.145557
-0.154454
-0.143934
-0.117870
-0.116830
-0.117015
-0.124422
-0.117598
-0.123563
-0.119307
-0.124855
-0.101718
-0.108095
-0.112867
-0.109647
-0.173387
-0.164082
-0.160112
-0.167454
0.051104
0.045039
0.038915
0.051786
0.047588
0.047327
0.052514
0.052851
0.045866
0.030000
0.033888
0.048668
0.041100
0.045559
0.049740
0.050286
-0.081997
-0.079937
-0.072218
-0.077413
-0.014614
-0.009825
-0.012665
-0.016208
0.048980
0.041499
0.035280
0.037949
0.033043
0.057231
0.039118
0.053043
-0.044412
-0.032727
-0.051014
-0.054493
0.032812
0.026806
0.035008
0.025000
0.045714
0.053333
0.055890
0.042769
-0.041515
-0.035692
-0.030769
-0.047692
-0.065854
-0.067411
-0.062716
-0.064352
-0.021176
-0.044000
-0.028657
-0.011692
-0.043235
-0.034706
-0.050303
-0.026061
0.052273
0.064364
0.063019
0.042449
-0.027273
-0.028571
0.038333
0.007273
0.041818
0.024615
-0.014000
0.004000
0.058000
0.038571
0.070000
-0.055385
-0.016000
0.017895
0.062667
-0.060000
-0.027826
-0.029200
-0.045660
-0.045600
-0.034545
-0.054545
-0.043333
-0.063077
-0.024000
-0.008571
0.026000
-0.007273
-0.008000
-0.005556
-0.012000
0.028000
0.058000
-0.016923
0.062000
0.014545
0.060408
0.067391
0.051765
0.024590
0.026000
0.020000
0.054000
0.060000
0.060000
-0.010588
0.024706
0.038000
0.020000
0.032727
0.016667
0.001667
-0.012000
-0.041538
-0.012000
-0.036000
-0.023636
-0.026087
-0.040351
-0.011915
-0.038000
-0.036000
-0.030000
-0.044000
-0.089091
-0.080000
-0.080000
-0.047273
-0.054545
0.010526
0.020000
0.030667
-0.012727
-0.015385
0.004000
0.023333
-0.052444
-0.058723
-0.015273
-0.050189
-0.104000
0.005000
0.022000
-0.004615
0.007273
-0.028889
-0.061111
0.048000
-0.024000
0.004000
-0.060000
-0.014000
0.054545
-0.023636
-0.050909
0.056667
-0.037391
-0.067111
-0.014717
-0.049583
-0.048000
-0.002353
-0.008571
-0.032500
0.005455
-0.030769
-0.058000
0.012727
0.020000
-0.062000
0.010000
-0.005455
-0.001818
-0.008000
-0.013333
0.029231
0.101818
0.026154
0.003077
0.044286
0.092000
0.070909
0.044000
0.022000
-0.008000
0.027692
0.028000
0.035000
0.032632
0.008000
0.022000
-0.002222
0.008000
-0.004615
-0.075385
-0.070000
-0.058182
-0.038000
-0.010000
-0.052727
0.002500
-0.036000
0.010909
0.026000
0.002000
0.033846
0.020000
0.036000
0.072000
0.090000
0.056000
0.042000
0.031250
0.051429
0.061538
0.070526
0.046000
0.027692
0.015000
0.011429
0.016000
0.060000
0.004000
-0.023636
-0.065455
-0.029091
0.040000
-0.009091
-0.050909
0.030000
-0.035000
-0.034545
0.010667
0.088000
0.025000
0.002105
-0.006000
-0.006667
-0.016000
-0.018333
-0.002000
-0.021538
0.020000
-0.016667
-0.010588
-0.057143
-0.005333
-0.023750
-0.038000
0.002000
-0.012000
-0.021667
0.022000
0.053333
0.015000
0.021667
0.009333
0.043636
-0.009231
0.003158
-0.030000
-0.020000
-0.032000
0.040000
-0.018000
0.024000
0.000000
-0.018462
-0.010909
0.030000
0.023077
0.071667
-0.027895
-0.044848
-0.048966
-0.054359
-0.053500
-0.041818
-0.065862
-0.064211
-0.056087
-0.030526
-0.057857
-0.078889
-0.031220
-0.065000
-0.057091
-0.056667
-0.017561
-0.025294
-0.023214
-0.036610
-0.064000
-0.027647
-0.049231
-0.041081
-0.008205
0.005333
-0.014211
-0.014943
0.045135
0.024938
0.032105
0.043678
-0.014588
0.012941
-0.009014
-0.000253
-0.040800
-0.048485
-0.044118
-0.036897
-0.019467
-0.015294
-0.018551
-0.019250
-0.045882
-0.008235
-0.041667
-0.036296
-0.010588
0.010120
-0.010909
-0.011081
0.025000
0.021622
0.012055
0.019710
-0.028980
-0.017073
-0.029310
-0.041455
0.000244
-0.006765
0.007529
-0.003373
-0.007895
-0.020294
-0.006567
-0.020769
-0.022041
-0.027059
-0.024737
-0.012143
-0.028169
-0.033243
-0.027200
-0.036812
-0.037183
-0.034615
-0.037534
-0.045405
0.043922
0.020000
0.014483
0.008772
0.012289
0.035342
0.030750
0.007470
0.037255
0.035429
0.025000
-0.001176
0.036000
0.034286
0.045294
0.021842
-0.010227
-0.002057
-0.009829
-0.011886
-0.007771
-0.015402
-0.014943
-0.009371
0.004509
-0.004138
-0.001364
-0.002614
-0.029811
-0.024381
-0.018846
-0.043400
-0.062832
-0.045472
-0.043964
-0.047785
-0.036697
-0.047059
-0.037168
-0.032277
-0.019487
-0.016635
-0.032523
-0.006237
0.041250
0.039310
0.032067
0.063708
-0.001554
-0.021407
-0.013446
0.000437
0.004194
0.018806
0.029770
0.023352
0.036667
0.022000
-0.016875
0.017857
0.012500
0.064000
0.020000
0.029000
0.029474
-0.038000
0.024286
-0.032308
0.023429
0.024615
0.001250
0.033125
-0.006064
0.001182
-0.000787
-0.002022
0.016667
0.010909
0.066667
0.025143
0.003000
0.024800
0.017000
0.035385
-0.043529
0.004000
-0.050968
-0.018462
-0.026000
0.046000
0.025600
0.010000
-0.039689
-0.056238
-0.033407
-0.051644
0.004000
-0.022000
-0.022500
-0.070000
-0.020952
-0.016000
0.002424
0.015385
-0.035758
-0.067273
-0.008235
-0.041379
0.011579
0.026400
0.011765
-0.030000
-0.001650
-0.009486
-0.011535
-0.003131
-0.013495
-0.023012
-0.021495
-0.013949
0.045023
0.059612
0.048458
0.052946
-0.012326
0.000546
-0.010326
-0.021687
-0.000737
-0.003911
0.005600
-0.022963
-0.055276
-0.039921
-0.036122
-0.055149
0.009595
0.005934
-0.004916
-0.011325
0.006596
0.008383
0.014884
0.011677
0.011877
0.017398
0.011900
0.008739
0.013443
0.006739
0.018191
0.006635
0.027604
0.030743
0.017023
0.012045
0.010313
-0.005772
0.006553
-0.009406
-0.020714
-0.033077
-0.022143
-0.017143
-0.033600
-0.027200
0.002222
-0.029167
0.018182
0.001250
0.004000
-0.028750
-0.004286
-0.006875
-0.003077
-0.043704
0.024444
0.015000
0.002667
0.002609
0.062308
0.024167
0.050833
0.022400
-0.012903
0.045517
0.005294
-0.002222
0.003750
0.016000
0.014667
0.020000
-0.055200
-0.036190
-0.017857
-0.026957
-0.003750
0.003333
-0.039310
-0.037778
-0.044444
-0.044286
0.028235
-0.009412
-0.040000
0.018519
-0.012258
-0.043704
-0.060000
-0.017600
-0.001538
0.004828
0.016154
0.009286
0.040741
0.030769
0.010909
-0.037333
0.021818
-0.031667
0.015714
-0.030303
-0.006154
-0.007407
0.009600
-0.030000
0.005600
-0.033913
-0.016923
0.033600
0.020769
0.018519
0.002143
0.001212
0.015429
0.005385
0.012000
0.065455
-0.009091
-0.015000
-0.002581
-0.030000
0.000000
0.006667
0.004000
0.058667
0.012308
0.051579
0.053750
0.045714
0.045000
-0.008235
0.008889
0.013846
0.030000
0.041538
0.040000
-0.004615
0.044000
-0.020000
-0.005926
-0.002963
-0.011613
0.061600
-0.011667
0.000741
0.006667
0.010000
-0.025333
0.013333
-0.032000
-0.002667
-0.000690
0.004000
0.033846
0.009286
0.004000
-0.084000
0.000000
-0.030000
0.052000
0.010000
0.016000
0.002000
-0.018000
-0.014000
-0.044000
-0.018000
-0.018333
-0.054000
-0.084000
-0.038000
-0.010667
-0.021053
0.005833
-0.026667
-0.058000
0.024000
0.036000
0.006000
0.002000
-0.076000
0.044000
-0.002000
-0.002000
0.006000
0.034000
-0.020000
0.018000
-0.050000
-0.044000
-0.054000
-0.009167
0.036667
0.021538
0.000769
-0.006000
0.016000
-0.034000
-0.010000
0.000000
0.034545
0.070000
0.080000
-0.002000
-0.018000
-0.048000
-0.034545
-0.010000
0.064000
0.018000
0.000000
-0.026087
-0.040870
-0.017895
-0.012800
0.020000
-0.042000
0.024000
-0.014000
-0.030000
-0.044000
-0.048000
-0.048000
0.028000
0.052000
-0.024000
0.048000
0.004000
-0.016000
-0.032000
-0.018000
0.013333
-0.001333
-0.005000
0.020000
0.025714
0.022857
0.030000
-0.010968
0.088000
-0.002667
-0.021818
-0.003333
-0.008148
-0.015385
0.008667
0.015652
-0.052500
-0.041739
-0.001111
-0.017391
-0.016000
-0.020000
-0.046000
-0.064000
-0.058000
0.016667
-0.022000
-0.026000
-0.034000
0.048000
-0.004000
0.068000
0.068000
-0.022000
-0.018000
-0.048000
-0.016667
0.005714
-0.008276
0.032593
0.004000
-0.036364
0.008000
-0.052000
0.026000
0.014000
0.036000
0.040000
-0.022000
-0.040000
-0.006000
-0.014000
-0.025455
-0.010909
-0.008000
0.002000
-0.002857
-0.025000
-0.044000
0.015385
0.030909
-0.012000
0.046000
0.006000
0.002000
-0.030000
-0.036000
0.000000
0.048000
0.038000
0.016000
0.018000
0.070000
0.020000
-0.016000
-0.004000
0.026250
-0.014000
0.021000
-0.017273
0.018000
-0.012000
-0.014000
0.000000
-0.038000
-0.030000
-0.020000
-0.014000
0.022000
-0.014000
0.086000
0.048000
0.020000
0.018000
-0.034000
0.042000
-0.018621
-0.032414
-0.030303
-0.020000
0.034000
0.016364
0.008000
0.038182
-0.018571
0.008235
-0.022667
0.028750
0.033143
0.029286
0.039200
0.016000
0.035000
0.051200
0.017778
-0.006087
-0.024000
-0.036000
-0.044000
-0.016000
0.062000
0.056000
-0.022000
0.008000
-0.026000
-0.002000
-0.036000
-0.008000
0.044000
0.028000
-0.020000
0.030000
0.033103
0.011333
0.033600
0.026923
0.026000
0.022000
0.018000
0.028000
-0.003333
-0.012000
-0.072000
0.022000
-0.030000
-0.032000
0.012000
0.000000
0.082000
-0.026000
0.006000
-0.030000
0.002400
-0.027500
-0.007778
-0.003226
-0.020000
-0.036000
0.010000
-0.038000
-0.006000
0.030000
0.020000
-0.010000
-0.020000
0.046000
0.012000
-0.006000
0.058000
0.006667
0.018000
0.042000
-0.010435
-0.007826
0.011538
0.003704
0.044000
0.024000
-0.018000
0.030000
0.032000
-0.012000
-0.030000
-0.034000
0.050000
-0.007273
-0.004000
-0.026000
-0.010000
-0.002000
0.028000
-0.020000
0.024076
0.017000
0.006587
0.009208
0.001043
0.003101
0.010450
0.009593
-0.057426
-0.054375
-0.043304
-0.051683
0.004855
-0.004278
0.004194
-0.008344
-0.014000
-0.018150
-0.015119
-0.019157
-0.027953
-0.016400
-0.035684
-0.024615
0.014860
0.002011
0.001865
0.001073
0.009175
0.010674
0.008704
-0.007052
0.040463
0.051371
0.044118
0.047773
-0.005747
0.012391
-0.015417
-0.025422
-0.003441
-0.025287
-0.016667
-0.008263
0.002646
0.006367
-0.006462
-0.008487
0.031765
0.017500
0.054667
0.004348
0.006429
0.033846
0.017143
0.059167
-0.020667
0.022667
-0.022286
-0.009655
0.021111
0.045333
-0.031429
-0.002500
0.021379
0.002000
0.000769
0.034000
-0.054783
-0.014167
-0.043636
-0.005000
0.006667
-0.030000
0.034737
0.037143
0.022667
0.038235
0.018462
-0.018519
0.027692
0.045000
0.051667
0.049600
0.021481
0.017692
-0.002143
0.028571
0.053333
-0.036000
0.026667
0.000000
-0.020000
0.040000
-0.032000
-0.011429
0.026667
-0.025000
0.028571
-0.037778
-0.042000
-0.026364
-0.018095
-0.013636
0.004828
-0.000769
0.007273
-0.015556
-0.015000
0.027143
0.012000
0.058750
0.011333
0.023810
0.020909
-0.010000
-0.053333
-0.034118
-0.040741
0.005556
-0.022667
0.000000
-0.011250
-0.030000
0.002000
0.002400
-0.052258
-0.032000
-0.010000
0.016923
-0.013333
0.026429
-0.001481
-0.001538
-0.037037
0.015333
0.020690
0.005882
-0.015000
-0.060833
-0.003636
0.012308
0.024000
-0.001429
-0.057222
-0.032308
-0.017714
0.000588
-0.038667
-0.001111
-0.012000
0.022857
0.002000
-0.020000
-0.011111
0.021538
0.030400
-0.009655
0.023846
0.012857
-0.016800
0.015652
0.007200
-0.018400
0.000000
0.100000
0.040000
0.018000
0.048000
0.000000
-0.024000
0.020000
-0.024000
0.028000
-0.044000
-0.014000
0.014000
0.014000
0.032000
0.000000
0.016364
0.020800
0.006316
-0.003200
-0.006000
0.036667
0.020000
0.010000
0.062000
0.026000
0.002000
-0.032000
-0.028000
0.018000
0.032000
0.010000
-0.056000
0.004000
0.022000
0.006000
0.016000
0.025000
0.029600
0.060000
-0.034000
-0.044000
0.018000
-0.036000
-0.050000
-0.024000
-0.008000
-0.038000
0.038000
-0.012000
-0.014000
0.010000
0.010000
0.016000
0.000000
-0.020000
0.005000
0.013684
0.005000
0.004000
0.030000
0.062000
-0.002000
0.002000
-0.002000
0.030000
-0.002000
0.084000
-0.060000
-0.022000
-0.010000
-0.062000
-0.022000
0.038000
-0.016000
-0.018000
0.002963
-0.053793
0.012903
-0.011613
-0.016000
-0.018000
-0.074000
0.016000
-0.010286
0.029231
-0.020741
-0.021333
-0.024000
-0.050526
-0.001333
0.002667
-0.041250
-0.026667
0.006667
-0.023077
0.072000
-0.050000
-0.038000
0.012000
0.030000
0.040000
0.008000
0.004000
0.074000
0.018000
-0.030000
0.014000
0.010000
-0.004000
0.042000
-0.036000
-0.034074
0.011034
0.023846
-0.039167
-0.024000
-0.004000
0.010000
0.000000
0.032000
0.036000
0.044000
0.014000
-0.018000
0.034000
0.022000
0.008000
0.022000
-0.028000
-0.022000
-0.028000
-0.010000
0.004615
0.028000
0.021429
0.046000
-0.014000
0.046000
0.027273
-0.006000
0.010000
0.030000
-0.014000
-0.008000
0.032000
-0.048000
0.010000
-0.030000
0.002000
-0.026000
-0.026000
-0.044800
-0.003200
0.009524
-0.014194
0.020000
-0.002000
0.000000
0.040000
-0.052000
-0.058000
0.010000
0.022000
-0.004000
-0.030909
-0.042000
-0.040000
-0.042000
-0.006000
-0.048000
-0.016000
0.018571
0.005882
0.034286
-0.025333
-0.024571
0.001481
-0.022963
-0.023333
0.002500
-0.013103
-0.013103
-0.025385
0.024000
-0.080000
-0.028000
0.016364
-0.024211
-0.005600
-0.059091
-0.041667
-0.012000
0.050000
0.054000
0.026000
-0.018000
-0.016667
-0.062000
-0.014000
0.042000
0.014000
0.018000
0.088000
0.004000
0.024000
-0.004000
-0.014000
-0.024615
-0.017037
0.014815
0.032857
-0.016000
0.008000
0.036000
0.006000
-0.006000
0.016000
0.044000
0.006154
0.002000
-0.046000
0.044000
-0.020000
-0.074000
-0.044000
-0.012000
0.048000
-0.016000
-0.021000
-0.064762
-0.026400
-0.040000
-0.014000
0.030000
0.012000
-0.078000
-0.016000
-0.030000
0.006000
0.028000
-0.008000
-0.028000
-0.016000
0.014000
-0.030000
-0.024000
-0.108000
-0.001481
-0.047143
-0.000769
-0.002500
0.061818
0.036000
0.044000
-0.028000
-0.078000
-0.046000
0.034000
0.050000
-0.038000
0.032000
0.000000
-0.004000
0.068000
-0.038000
0.012000
-0.054000
-0.046806
-0.071805
-0.052477
-0.055508
0.027461
0.026802
0.023468
0.021639
0.006839
0.011979
-0.000351
0.017459
-0.002270
-0.000887
-0.008851
0.002184
-0.004167
0.000000
-0.016923
0.008333
-0.052903
0.027273
-0.031579
-0.050400
-0.034118
0.058182
0.014375
0.048667
0.000000
0.004000
0.002222
0.031111
-0.017857
-0.012836
-0.002890
-0.016636
-0.037500
-0.045455
-0.007879
-0.009000
0.002222
-0.006000
-0.035333
-0.037333
0.006364
-0.030714
0.016667
0.046667
-0.010000
-0.023333
0.014667
-0.016296
0.046738
0.041005
0.044862
0.050055
0.020588
0.046000
0.046250
0.036552
0.015238
-0.024348
0.006667
0.040000
-0.000870
0.078000
0.049032
0.007500
-0.048571
0.020000
0.001935
0.005333
0.070755
0.056400
0.064190
0.083333
0.011743
0.021748
0.012277
0.019604
0.027455
0.048119
0.055514
0.038356
0.019075
0.006067
0.021453
0.009829
0.001628
0.008457
0.002011
0.003429
0.002543
-0.002400
0.003820
0.003977
0.058742
0.046697
0.055802
0.049640
0.051437
0.053183
0.059290
0.043146
-0.021915
-0.022620
-0.012012
-0.018669
-0.159602
-0.152265
-0.153477
-0.155027
-0.149896
-0.145557
-0.154454
-0.143934
-0.117870
-0.116830
-0.117015
-0.124422
-0.117598
-0.123563
-0.119307
-0.124855
-0.101718
-0.108095
-0.112867
-0.109647
-0.173387
-0.164082
-0.160112
-0.167454
-0.008205
0.005333
-0.014211
-0.014943
0.045135
0.024938
0.032105
0.043678
-0.023265
-0.018049
-0.038909
-0.017377
-0.014588
0.012941
-0.009014
-0.000253
0.026939
0.016667
0.057736
0.047667
-0.019467
-0.015294
-0.018551
-0.019250
-0.010588
0.010120
-0.010909
-0.011081
0.025000
0.021622
0.012055
0.019710
0.007500
-0.005106
-0.022712
-0.013134
0.000244
-0.006765
0.007529
-0.003373
0.038824
0.058000
0.052222
0.040000
-0.007895
-0.020294
-0.006567
-0.020769
-0.028169
-0.033243
-0.027200
-0.036812
-0.037183
-0.034615
-0.037534
-0.045405
0.026296
-0.009091
-0.002258
0.010000
0.012289
0.035342
0.030750
0.007470
0.016596
0.007000
-0.014400
-0.000333
0.036000
0.034286
0.045294
0.021842
0.025882
-0.017612
0.005294
0.007857
0.012537
-0.007027
0.013437
0.037000
0.018630
0.016610
0.004687
-0.019286
0.021538
-0.000727
0.015254
0.005556
-0.008750
-0.021786
-0.033770
-0.024643
-0.026061
-0.012333
-0.043175
-0.039310
0.021791
0.026571
0.028615
0.019130
0.012000
-0.064000
0.029091
0.056000
0.020000
0.034000
0.024000
-0.035000
0.058000
-0.020000
0.044000
0.010000
0.008889
-0.004545
0.008000
-0.001818
0.006571
-0.006761
0.006250
-0.001765
-0.062000
0.036000
0.038000
-0.060000
-0.002000
-0.001538
-0.001818
-0.020000
-0.014444
-0.002857
-0.020000
-0.076000
-0.014000
0.020000
0.058182
0.014000
-0.010000
-0.010909
0.020000
-0.023636
-0.020000
0.016364
0.032727
-0.040000
-0.060000
0.001538
0.024286
0.029091
-0.005600
0.050000
-0.003636
0.035385
-0.012000
-0.038000
-0.010000
0.016364
-0.058000
-0.038000
0.052000
-0.025000
-0.044000
0.034000
0.040000
0.004000
-0.068000
0.008000
-0.028000
0.004000
0.034000
-0.020000
0.000000
-0.023636
0.015000
-0.010000
-0.021818
-0.008000
0.041818
-0.018182
-0.010769
-0.044615
0.013600
0.010000
0.027273
-0.048571
-0.014000
0.038000
0.052727
0.021667
-0.007273
0.036000
-0.068000
-0.024000
0.042000
-0.038182
0.040000
-0.016000
0.052000
0.003636
-0.004000
-0.038000
0.006197
0.005373
0.012903
0.009825
0.000000
0.015714
0.025000
0.080000
-0.016250
0.014737
-0.017500
-0.016000
0.004000
-0.044000
0.034000
0.040000
0.006000
0.030000
0.004000
-0.006000
0.011111
0.009706
0.000345
0.008070
-0.004000
0.060000
-0.008000
-0.021667
-0.018000
-0.026000
-0.007273
-0.036000
0.012941
-0.025000
-0.052000
0.000000
-0.010000
-0.004706
-0.025455
-0.024000
0.016667
-0.042000
0.034545
0.044000
-0.024000
-0.027273
-0.036000
-0.021667
-0.064000
0.029091
0.056000
0.012000
-0.040000
0.014000
-0.020000
0.030000
-0.020000
0.011667
0.026000
0.010000
-0.032000
0.078182
-0.023636
-0.090000
-0.038182
-0.036364
0.034545
0.016667
-0.008000
0.028000
0.030769
0.004615
0.034545
0.040000
-0.020000
-0.038333
0.020000
0.009091
0.000000
-0.058000
-0.035652
0.008000
-0.005000
0.002857
-0.005455
-0.002000
0.005455
-0.052727
0.014000
-0.022000
0.012727
-0.023077
-0.014545
-0.070000
-0.004000
-0.062000
0.054000
0.016000
0.044000
0.056000
0.024000
-0.008000
0.018000
-0.058000
-0.027714
-0.012121
-0.014915
-0.020000
0.034000
-0.002857
-0.028750
-0.085455
0.001250
-0.008421
-0.012000
0.075714
-0.024000
-0.016000
-0.018000
0.038182
-0.038000
0.052000
0.003636
-0.004000
0.002571
-0.019365
-0.043810
-0.013333
-0.038750
-0.015789
-0.022000
0.004000
0.048000
-0.016923
0.012000
-0.060000
0.024000
0.014545
0.004000
-0.065455
-0.058000
0.024000
-0.008000
0.018000
0.030909
-0.012727
0.054000
0.016000
-0.046000
0.016364
0.002000
-0.021667
0.036000
0.038000
-0.060000
-0.062000
0.018000
-0.008000
0.028000
0.040000
-0.018182
-0.004000
0.012727
-0.022000
-0.022000
-0.015000
-0.040000
-0.046000
-0.035000
0.028000
-0.041667
-0.015000
-0.032727
-0.018000
-0.018000
0.000000
0.014000
0.018000
0.038182
0.025000
0.040000
-0.012000
0.094000
-0.034000
-0.026000
0.066000
-0.064000
-0.036000
-0.026000
-0.007273
-0.036000
-0.018000
0.016667
0.032000
-0.020000
-0.005000
-0.028000
-0.007273
-0.018000
-0.034000
-0.015000
-0.074000
0.032941
-0.027059
0.036364
-0.010000
0.010000
0.010000
0.051104
0.045039
0.038915
0.051786
0.045866
0.030000
0.033888
0.048668
-0.081997
-0.079937
-0.072218
-0.077413
0.049154
0.057247
0.049154
0.057247
0.048980
0.041499
0.035280
0.037949
-0.017538
-0.007619
-0.007059
-0.009863
-0.056364
-0.031077
-0.010353
-0.037941
0.033043
0.057231
0.039118
0.053043
-0.029610
-0.022581
-0.027941
-0.021839
-0.044412
-0.032727
-0.051014
-0.054493
-0.030130
-0.033538
-0.034925
-0.014353
0.041692
0.042397
0.041692
0.042397
0.032812
0.026806
0.035008
0.025000
-0.028286
-0.013913
-0.012235
-0.007500
-0.022778
-0.013231
-0.025000
-0.039178
0.045714
0.053333
0.055890
0.042769
-0.021842
-0.028857
-0.022326
-0.018409
-0.041515
-0.035692
-0.030769
-0.047692
-0.036049
-0.016129
-0.021818
-0.037471
-0.023860
-0.021719
-0.023860
-0.021719
-0.065854
-0.067411
-0.062716
-0.064352
0.073333
0.054769
0.026024
0.072088
0.043529
0.069091
0.060706
0.046197
-0.021176
-0.044000
-0.028657
-0.011692
0.009512
0.044516
0.021860
0.038202
-0.043235
-0.034706
-0.050303
-0.026061
0.018718
0.036875
0.022687
0.060698
-0.011692
-0.022353
0.000351
0.006349
0.060000
0.046471
0.052203
0.043279
-0.007302
-0.018148
-0.033898
-0.000345
0.048254
0.025660
0.027037
0.018644
0.008923
-0.008077
-0.033929
-0.010175
0.012698
-0.018889
-0.021034
-0.011379
-0.022857
-0.008387
-0.048070
-0.051321
0.018000
-0.022000
0.016364
0.018000
-0.005455
-0.030000
-0.038000
-0.006000
-0.004000
-0.006000
0.042000
0.000000
-0.020000
0.013000
0.009231
0.029231
-0.018095
0.016190
0.004643
0.014231
0.028000
-0.016000
0.010000
0.088000
0.052000
0.032000
0.044000
-0.028000
0.023636
-0.023333
-0.018462
-0.054545
0.040000
0.030000
0.052000
0.036000
0.032000
0.028000
0.032000
0.028000
-0.014000
-0.006000
0.016000
0.012000
0.008000
0.040000
0.000000
0.040000
-0.004000
-0.078000
0.005455
0.012000
0.010000
0.047692
0.032727
0.044000
-0.004000
-0.004000
0.060000
0.000000
-0.018182
0.006000
0.034000
-0.010000
0.038462
-0.006000
-0.025455
-0.008571
0.016000
0.014000
0.016000
0.014000
-0.056000
-0.044000
0.052000
0.006000
-0.006000
0.038000
0.005000
0.022000
0.030000
-0.026000
0.038182
-0.014000
-0.018000
0.032000
0.060000
0.022000
0.026667
0.060000
0.038182
0.040000
0.053333
0.034545
-0.012727
0.012857
-0.018182
-0.012000
-0.056000
0.016000
-0.042059
-0.012459
-0.040345
-0.046269
-0.024000
0.004000
0.023333
0.010000
0.023333
-0.011429
-0.009333
-0.036667
-0.026000
0.016000
0.020000
0.006000
0.000000
0.050000
0.008000
0.022000
0.000299
-0.003692
0.009091
0.032727
0.028000
-0.008000
0.004000
0.008000
0.094000
-0.006000
-0.022000
0.060000
-0.009091
-0.030526
-0.032308
-0.022500
0.010000
-0.006667
-0.006000
-0.018000
0.068235
0.011429
-0.014783
0.003333
0.028000
-0.028000
-0.028000
-0.032000
0.016364
-0.038000
0.026000
-0.030000
0.018000
-0.002857
0.066154
-0.013333
0.008000
-0.022000
0.008000
-0.022000
0.032000
0.018000
0.024000
-0.012000
0.020000
-0.012000
-0.027273
0.002000
0.028000
-0.038000
-0.070000
0.012000
0.052000
0.006000
-0.056000
-0.044000
-0.014545
0.040000
-0.014545
0.040000
0.014000
-0.056000
-0.058000
-0.012000
0.012000
-0.058000
0.014545
0.026000
0.074000
0.022000
0.056000
-0.002000
0.038571
0.060000
0.031304
0.037333
0.034545
0.018000
0.046154
-0.023333
-0.032000
-0.038000
-0.040000
-0.036000
0.018841
0.025758
0.025614
0.021944
-0.014000
0.012727
-0.032727
0.034000
0.006000
-0.005263
-0.037647
-0.003333
0.002000
-0.010000
0.066000
0.008000
-0.040000
-0.028000
-0.022000
0.002000
0.019375
0.034286
0.008929
0.014615
-0.082000
0.020000
-0.016667
-0.012000
-0.030000
0.034545
-0.022000
0.008000
-0.018000
-0.016000
-0.043636
0.006000
-0.002000
-0.006000
-0.026000
-0.026000
0.073750
-0.045000
-0.001818
-0.013684
0.008000
-0.104000
0.016000
0.028000
0.047273
-0.034000
0.006000
0.043636
0.004615
-0.010000
-0.041538
-0.020000
0.024000
-0.012000
0.032000
0.018000
0.034000
0.012000
0.034000
0.012000
-0.018000
0.006000
-0.040000
0.020000
-0.042000
0.018000
0.023636
-0.030000
0.030000
-0.050000
0.008000
0.028000
0.020000
-0.007143
-0.029524
0.051765
-0.048333
-0.030000
-0.025000
-0.030000
0.046000
-0.012000
-0.001818
0.004000
0.016000
0.012000
-0.014000
-0.006000
0.028000
-0.036000
0.028000
-0.036000
-0.040000
0.022000
0.006000
0.080000
-0.010000
0.026000
-0.031667
0.058000
-0.029811
-0.024381
-0.018846
-0.043400
-0.062832
-0.045472
-0.043964
-0.047785
-0.036697
-0.047059
-0.037168
-0.032277
-0.012326
0.000546
-0.010326
-0.021687
-0.000737
-0.003911
0.005600
-0.022963
0.009595
0.005934
-0.004916
-0.011325
0.006596
0.008383
0.014884
0.011677
0.013443
0.006739
0.018191
0.006635
0.027604
0.030743
0.017023
0.012045
-0.014400
-0.029091
-0.016296
-0.042400
-0.007200
-0.008000
0.002759
-0.023846
-0.036000
0.018462
-0.025556
0.033750
0.025333
-0.049333
0.010588
0.006667
0.007143
-0.036000
-0.026667
0.050588
-0.029032
-0.009600
-0.038182
-0.058462
0.012857
0.018667
-0.009333
0.017500
-0.012000
-0.052308
-0.037143
-0.001429
-0.009286
-0.011852
0.018261
-0.029032
0.010000
0.008000
-0.017333
-0.021429
-0.016296
-0.042400
-0.014400
-0.029091
0.035385
-0.006667
-0.015152
0.030286
0.035333
-0.008000
0.002500
-0.006452
0.006667
0.025333
-0.049333
0.010588
-0.012000
-0.040000
-0.048750
0.006667
-0.021429
0.010000
0.008000
-0.017333
0.010000
0.002500
0.018571
0.000000
-0.045185
-0.031515
-0.004000
0.014000
-0.040000
0.008000
0.018000
-0.054545
-0.013333
0.014667
-0.002353
-0.029333
-0.033077
-0.011176
0.014545
-0.037647
0.018571
0.000000
0.010000
0.002500
0.002759
-0.023846
-0.007200
-0.008000
0.002667
-0.026667
-0.024000
-0.077143
0.018261
-0.029032
-0.009286
-0.011852
0.017500
-0.001875
0.016800
0.028333
-0.036000
-0.026667
0.050588
0.007143
-0.021818
-0.081818
0.022000
-0.020000
0.015862
-0.013600
0.012903
0.006923
-0.029333
-0.013333
0.014667
-0.002353
0.007143
0.033846
0.021429
0.002667
-0.077143
0.002667
-0.026667
-0.024000
0.018667
-0.009333
0.017500
0.012857
-0.004000
0.014000
-0.045185
-0.031515
-0.015385
-0.045714
-0.020625
0.020000
0.016800
0.028333
0.017500
-0.001875
0.004855
-0.004278
0.004194
-0.008344
-0.014000
-0.018150
-0.015119
-0.019157
0.014860
0.002011
0.001865
0.001073
0.009175
0.010674
0.008704
-0.007052
-0.005747
0.012391
-0.015417
-0.025422
-0.003441
-0.025287
-0.016667
-0.008263
-0.004000
-0.015000
-0.018571
-0.061333
0.011613
-0.016000
-0.035484
0.001538
-0.016000
0.011250
0.025714
-0.024000
0.033333
0.013846
0.060000
-0.032308
-0.031852
0.010323
-0.007143
-0.014400
0.026400
0.043448
0.000667
0.069600
0.018000
0.056667
-0.010000
0.015000
-0.010667
-0.012857
-0.002667
0.006667
-0.007143
-0.014400
-0.031852
0.010323
0.049167
0.005714
0.002857
0.009333
-0.028571
0.003200
-0.007692
-0.026452
0.022500
0.037143
-0.016000
0.002667
-0.007692
-0.026452
-0.028571
0.003200
0.031852
-0.034706
0.050000
0.023200
-0.015000
-0.018571
-0.061333
-0.004000
0.068000
0.000000
0.000000
-0.016364
-0.011429
-0.013750
0.047143
0.001333
0.027407
0.037600
-0.040645
-0.011538
0.010667
-0.036250
0.011429
-0.038667
0.044000
0.027692
0.041333
0.029231
0.011250
0.025714
-0.024000
-0.016000
0.011250
-0.002759
-0.023077
-0.029032
0.050000
0.023200
0.031852
-0.034706
0.024348
0.003704
0.032258
-0.004375
-0.020000
-0.027200
-0.060625
0.004516
0.006667
-0.010667
-0.012857
-0.002667
0.024286
0.061538
0.012857
0.032857
0.002667
0.022500
0.037143
-0.016000
-0.023077
-0.029032
0.011250
-0.002759
-0.021429
0.000000
0.000000
-0.006207
-0.013750
0.047143
0.001333
-0.011429
0.054000
-0.008000
0.058182
0.053333
-0.006957
0.018788
0.013333
-0.002500
0.000000
-0.006207
-0.021429
0.000000
-0.036250
0.011429
-0.038667
0.010667
0.000667
0.069600
0.026400
0.043448
0.070755
0.056400
0.064190
0.083333
0.011743
0.021748
0.012277
0.019604
0.027455
0.048119
0.055514
0.038356
0.058742
0.046697
0.055802
0.049640
0.051437
0.053183
0.059290
0.043146
-0.021915
-0.022620
-0.012012
-0.018669
0.003611
-0.003750
-0.009863
-0.018154
-0.005000
0.008485
0.015362
0.034242
-0.009863
-0.018154
0.003611
-0.003750
0.020000
0.001538
-0.000580
0.019697
0.015362
0.034242
-0.005000
0.008485
-0.000580
0.019697
0.020000
0.001538
0.049154
0.057247
0.049154
0.057247
0.041692
0.042397
0.041692
0.042397
-0.023860
-0.021719
-0.023860
-0.021719
0.030625
0.034286
0.030625
0.034286
-0.005714
-0.020615
-0.005714
-0.020615
0.034286
0.030625
0.034286
0.030625
0.024308
-0.013651
0.024308
-0.013651
-0.020615
-0.005714
-0.020615
-0.005714
-0.013651
0.024308
-0.013651
0.024308
