-0.010071
-0.016529
-0.010662
-0.007418
-0.008793
-0.003923
-0.010790
-0.013554
-0.011686
-0.017007
-0.012438
-0.011993
-0.004056
0.000538
-0.006482
-0.007283
-0.016888
-0.004388
-0.008531
-0.007966
-0.020607
-0.010850
-0.011229
-0.011265
-0.021053
-0.013939
0.003448
-0.024103
0.012000
-0.003636
0.003793
0.004211
0.030870
0.000000
-0.006429
0.005926
-0.003902
-0.012500
0.000000
0.008571
-0.038537
-0.011765
0.015357
-0.006780
-0.024000
0.024118
0.002308
0.035135
-0.019200
-0.000606
-0.018235
-0.025862
-0.015294
-0.013529
-0.001667
0.011481
0.023265
0.021463
0.007931
0.010182
0.017959
-0.007647
0.005263
0.003929
-0.012157
-0.005455
0.001724
0.001053
-0.007843
-0.005714
-0.017222
0.016078
0.000723
0.004646
-0.004228
-0.001377
0.010531
-0.001780
0.001296
0.003769
0.000973
0.010151
-0.002105
0.000539
0.002669
0.000099
0.003827
0.003727
-0.005882
-0.033913
0.001923
0.012143
0.013714
0.025714
-0.001379
0.003396
0.007491
-0.000315
0.008666
0.006393
-0.036154
-0.001481
0.050286
-0.010857
0.014400
0.001250
0.035714
0.005385
0.009605
0.003287
0.003148
0.000537
-0.012414
-0.041250
0.010303
-0.022857
-0.022000
0.040000
0.032000
-0.011111
-0.001026
0.040000
0.015429
0.013514
-0.052121
-0.010000
-0.002069
0.008649
0.012571
0.000000
0.019273
0.006667
-0.020606
-0.001667
0.010968
-0.027027
-0.003590
-0.001818
0.007692
-0.002951
0.032258
-0.024000
-0.010714
0.023125
-0.001698
-0.003810
-0.005962
0.007200
-0.004425
-0.009057
0.002342
0.006980
-0.002202
-0.000588
0.013805
0.006337
0.010404
-0.002857
-0.003868
-0.001333
-0.000900
0.005976
-0.004103
0.013960
-0.002788
0.007654
0.006433
-0.013303
-0.003246
-0.015512
0.008073
-0.010695
-0.003834
-0.008223
-0.015376
-0.001530
-0.000311
-0.009479
0.002690
-0.007845
-0.000324
0.007389
-0.002874
-0.001494
-0.031667
0.000000
0.006154
-0.055000
0.002581
0.029091
0.009474
-0.016800
0.014118
0.025455
0.004375
-0.029333
0.020870
0.046000
-0.020000
0.026667
-0.008265
0.000398
-0.013064
-0.006000
0.005833
-0.081818
0.009091
0.031000
-0.018889
0.056000
-0.020000
-0.037333
-0.008182
-0.012857
-0.081111
-0.007778
-0.016250
0.078333
-0.020000
0.000000
-0.008770
-0.009146
-0.008508
-0.009061
0.000000
-0.006000
0.015625
0.024828
0.014286
-0.027826
0.027778
0.035714
0.018261
-0.002000
-0.021935
-0.037500
-0.017143
0.002000
-0.019355
0.017333
-0.000777
0.000949
-0.002158
0.000202
-0.002039
-0.000309
-0.009907
0.000410
-0.002791
0.004729
-0.000264
-0.003237
0.001496
-0.001890
0.000816
0.010594
0.005287
-0.007642
-0.001200
-0.004874
-0.004844
-0.002033
-0.001191
0.007489
-0.058333
0.018824
0.008333
-0.017778
0.006000
0.010943
-0.005625
0.001429
0.000667
-0.018519
0.003256
0.003590
-0.010000
-0.006667
0.050667
0.026667
-0.041111
0.042500
-0.034118
-0.014118
-0.018909
-0.033684
0.001818
-0.017368
0.021818
0.010588
0.066667
0.045714
0.007083
0.005200
0.005455
0.034074
-0.002593
0.001569
0.012558
0.002667
0.045455
0.008333
-0.012727
-0.035385
0.017500
0.025263
0.020000
-0.001176
-0.010909
0.018462
0.028485
0.013500
-0.002844
-0.000769
-0.000397
0.007426
-0.000569
-0.001628
-0.008468
0.001951
0.009604
0.000547
-0.012143
0.003267
0.001890
-0.002640
0.000947
-0.002986
-0.005251
-0.000806
0.001261
0.006900
0.004591
-0.002122
0.002359
-0.007143
-0.012258
-0.021111
0.000455
0.007660
0.012222
0.008571
-0.021333
0.022500
-0.053846
-0.024286
-0.015455
-0.002500
-0.016538
0.017736
-0.005517
0.000588
-0.000364
0.009811
0.006818
-0.017143
-0.049091
0.041429
0.010000
-0.004615
0.015254
-0.005946
-0.002759
0.022439
-0.028750
0.052381
-0.018667
0.001176
0.057333
-0.032000
0.012000
0.001250
0.006230
-0.012105
-0.000588
-0.016923
-0.008511
0.005417
0.028750
-0.033333
-0.009091
0.011429
-0.024000
0.044615
0.006974
-0.004615
0.018829
0.003978
-0.001771
0.010345
0.006369
0.002921
0.000311
-0.001005
0.001130
-0.003497
-0.005591
-0.010746
0.000345
-0.000782
-0.014444
0.036000
0.007500
0.020714
-0.023333
0.002000
-0.020690
0.020000
-0.004211
-0.005333
0.025714
-0.003077
0.006857
0.006154
-0.023750
0.005000
0.003404
-0.001478
0.003034
0.001798
-0.017222
-0.010909
0.000000
0.004571
-0.015000
0.008000
0.018000
-0.033846
0.035294
-0.028000
-0.023226
0.067692
0.001000
0.000000
0.012800
0.033750
0.002383
0.009406
0.000659
-0.003644
0.028800
-0.010000
-0.051250
-0.007692
-0.009524
-0.052000
-0.021818
-0.027692
-0.003030
0.025455
0.000000
-0.009655
-0.015789
-0.000800
0.015294
0.001250
-0.003282
-0.001577
-0.002762
-0.006901
-0.004293
-0.013106
-0.010955
-0.006000
0.000508
-0.010979
0.006115
0.007117
0.019057
-0.021000
0.009333
0.004706
0.010092
0.003689
0.022574
-0.000198
0.008364
0.008515
0.000748
0.013014
0.000723
0.004646
-0.004228
-0.001377
0.010531
-0.001780
0.001296
0.003769
0.000973
0.010151
-0.002105
0.000539
-0.005882
-0.033913
0.001923
0.012143
0.013714
0.025714
-0.001379
0.003396
-0.036154
-0.001481
0.050286
-0.010857
0.014400
0.001250
0.035714
0.005385
-0.012414
-0.041250
0.010303
-0.022857
-0.022000
0.040000
0.032000
-0.011111
-0.006462
-0.004762
0.017882
-0.005205
0.009697
0.012308
0.014824
0.023529
-0.001026
0.040000
0.015429
0.013514
0.012468
0.005806
-0.015588
0.002299
-0.052121
-0.010000
-0.002069
0.008649
0.007792
0.025538
-0.008358
0.008235
0.000857
-0.015652
-0.008941
0.021136
-0.019722
0.001846
-0.005476
0.005753
-0.007895
-0.005714
-0.006977
0.001364
0.012571
0.000000
0.019273
0.006667
-0.020606
-0.001667
0.010968
-0.027027
0.011111
-0.006129
0.020606
-0.014713
-0.015278
-0.015077
0.010361
-0.004396
-0.010588
-0.014242
0.017176
0.003944
0.007561
0.001935
0.011860
0.010337
-0.003590
-0.001818
0.007692
-0.002951
-0.008462
-0.013437
0.013433
0.010930
0.032258
-0.024000
-0.010714
0.023125
-0.042041
0.002927
0.002545
-0.013770
0.003265
-0.005238
0.008679
-0.013667
0.016667
-0.008936
-0.005085
0.012836
-0.015294
-0.005000
0.003704
-0.002623
0.001852
0.008636
0.008387
-0.020606
0.015319
0.002500
-0.002000
-0.004000
0.001190
-0.001304
0.013506
-0.020000
-0.038000
0.000000
-0.074545
0.002667
-0.022000
-0.038182
-0.050909
-0.060000
0.032000
-0.037143
-0.052727
-0.036364
0.001000
0.009630
-0.008333
0.026667
0.020698
-0.003830
-0.009577
-0.015181
-0.010000
-0.023636
0.009091
-0.006250
0.012000
-0.029091
-0.050909
0.026000
0.004000
-0.017692
-0.018571
0.003750
0.008000
-0.029333
0.001818
-0.029091
-0.014222
-0.007317
-0.004762
0.001944
-0.038000
-0.021333
0.000000
-0.011429
0.006250
-0.057391
-0.003750
0.032000
0.050909
0.002000
-0.007692
0.009333
-0.032000
0.048000
0.007273
-0.052000
0.018462
-0.014146
0.019412
0.003889
-0.046000
0.014545
0.001818
0.000000
0.034545
-0.005455
0.000000
-0.010667
-0.023158
0.025833
0.010667
-0.030909
0.030000
-0.037333
0.003333
-0.012727
-0.007692
-0.015854
0.023077
0.011268
-0.010000
-0.028333
-0.012500
0.063077
-0.003529
0.004800
-0.009474
0.018333
-0.004000
0.036000
-0.023636
0.022000
-0.018000
-0.030000
0.018182
0.021538
0.000000
0.001266
0.006333
0.006234
-0.002667
-0.035833
-0.005455
-0.051667
-0.007273
-0.035385
0.014000
0.000000
0.024000
-0.004000
-0.018182
-0.001818
0.016364
-0.004000
0.032727
0.035385
0.016000
0.010769
-0.027143
-0.024615
-0.031111
0.029091
-0.030909
0.027273
0.054000
-0.018462
0.018571
-0.040000
0.016000
-0.006000
0.010000
-0.007273
0.020000
0.030909
0.015385
-0.002857
0.020833
-0.001538
-0.046154
-0.006000
-0.001818
-0.020000
0.014000
0.046000
0.020000
-0.080000
0.003333
-0.034000
0.021667
0.013333
-0.005000
-0.002000
0.020000
0.054000
0.020000
-0.004000
0.066000
-0.009091
0.012000
-0.032308
-0.019375
0.030667
0.004615
-0.004000
-0.014615
0.004000
0.022353
0.020000
0.007273
-0.044000
0.016000
0.024615
0.032000
0.010000
-0.100000
0.016364
-0.046000
0.004615
0.022000
-0.021667
-0.044000
0.084615
0.022000
0.056923
0.008000
-0.041818
0.020000
-0.042000
-0.043571
-0.002500
-0.003750
0.012381
0.008000
0.045455
0.008000
-0.045000
-0.024000
0.034000
0.078000
0.012000
0.036364
-0.015000
0.033333
0.058000
0.020000
-0.015000
0.007059
0.021000
0.002000
-0.006000
0.050000
0.006154
-0.010071
-0.016529
-0.010662
-0.007418
-0.008793
-0.003923
-0.010790
-0.013554
-0.011686
-0.017007
-0.012438
-0.011993
-0.004056
0.000538
-0.006482
-0.007283
-0.016888
-0.004388
-0.008531
-0.007966
-0.020607
-0.010850
-0.011229
-0.011265
0.002975
-0.001386
0.003922
0.002351
0.002669
0.000099
0.003827
0.003727
0.003120
0.003698
0.001766
-0.000161
0.007491
-0.000315
0.008666
0.006393
0.002092
0.003981
0.001263
0.005615
0.009605
0.003287
0.003148
0.000537
0.002283
-0.000734
-0.005373
0.005758
-0.004638
-0.016000
-0.012059
0.016812
-0.009412
0.000303
-0.006667
-0.009565
0.003962
0.006100
0.000190
0.004621
0.007714
0.008696
0.011781
0.015692
0.016970
0.005846
0.000615
0.006154
-0.000032
0.001424
-0.003099
-0.003696
-0.005588
0.028615
0.002985
0.012308
0.001176
0.001176
0.020000
0.011515
0.001364
-0.002545
0.020000
0.005714
-0.023636
-0.060000
0.031667
0.018182
-0.018182
0.001538
-0.002000
-0.040000
0.044000
0.031429
-0.004000
0.016923
-0.064000
-0.010526
-0.013333
-0.027273
-0.031304
-0.008400
-0.000377
0.014800
0.030909
-0.047273
-0.026667
0.035385
-0.010000
-0.034286
0.064000
-0.021818
0.002000
0.015556
-0.009333
-0.036000
-0.016000
-0.030769
0.088000
-0.016364
-0.015918
0.011304
0.012549
-0.028525
-0.034000
-0.017143
0.034000
-0.018182
0.068000
0.005882
0.004706
0.010000
-0.029091
0.038182
0.016667
0.015000
0.046000
-0.023077
-0.056000
-0.022000
0.003636
-0.003478
-0.009123
-0.024255
0.042000
0.004000
0.022000
-0.064000
-0.052727
-0.050909
-0.003636
0.036364
0.023636
0.017895
0.004000
0.017333
-0.040000
0.033846
-0.036000
-0.016667
-0.000889
0.015319
-0.007636
-0.009057
-0.020000
-0.025000
0.044000
0.015385
-0.069091
0.010000
-0.033333
0.016000
0.048000
0.038000
-0.026000
0.000000
-0.027273
0.054545
-0.005455
0.000000
-0.028261
0.022667
0.005283
0.011250
-0.002000
0.000000
0.052857
0.006250
-0.016364
-0.026154
0.012000
0.050909
0.026000
0.030000
-0.014000
-0.012727
-0.016364
-0.024000
0.023333
0.015385
0.007273
-0.049231
0.040000
-0.002857
-0.006000
-0.030909
-0.002000
-0.002000
-0.078000
0.036923
0.000000
-0.025000
-0.008421
0.024000
-0.004000
-0.031111
0.048000
-0.003077
-0.007692
-0.008333
-0.060000
0.044000
-0.052000
-0.010909
0.013750
0.002000
-0.005455
0.012000
-0.042000
-0.012308
0.020000
0.006000
0.004000
0.033333
-0.022000
-0.002000
-0.010000
0.012857
0.030769
-0.011579
-0.008000
0.018462
-0.001667
0.004286
-0.010000
0.006000
0.010000
0.023636
0.029091
-0.027273
0.014000
-0.032727
0.034545
-0.003333
-0.006667
0.001818
-0.042667
-0.008000
-0.045000
-0.004211
0.034000
-0.040000
0.036000
0.031667
-0.022000
0.027692
0.002000
-0.015000
0.005882
0.014286
0.062667
-0.018750
0.050000
-0.032000
0.032000
0.013333
-0.038000
-0.011667
-0.035000
0.030000
0.042667
0.000000
0.016923
0.021053
-0.024000
-0.008333
0.008000
-0.036000
0.034000
-0.008000
-0.041818
-0.023077
-0.005455
0.008333
0.009231
-0.045000
-0.021053
-0.013939
0.003448
-0.024103
0.012000
-0.003636
0.003793
0.004211
0.030870
0.000000
-0.006429
0.005926
-0.003902
-0.012500
0.000000
0.008571
-0.038537
-0.011765
0.015357
-0.006780
-0.024000
0.024118
0.002308
0.035135
0.006667
-0.003200
0.014474
0.010115
-0.002703
-0.010370
0.007632
-0.018621
0.012706
-0.000882
-0.003380
-0.008354
-0.019200
-0.000606
-0.018235
-0.025862
0.005333
-0.006471
0.017681
-0.013500
-0.015294
-0.013529
-0.001667
0.011481
0.005000
-0.007952
0.008571
-0.022973
0.017222
-0.015405
0.012329
0.011304
0.023265
0.021463
0.007931
0.010182
0.004878
0.020000
-0.021647
-0.005301
0.000789
0.015000
0.009851
0.002821
0.017959
-0.007647
0.005263
0.003929
-0.005070
-0.002432
0.023733
0.002609
-0.009014
-0.006667
-0.015068
0.012162
-0.012157
-0.005455
0.001724
0.001053
-0.000964
0.002740
-0.009750
-0.015663
-0.007843
-0.005714
-0.017222
0.016078
0.011250
-0.004762
-0.015882
-0.019737
-0.016818
0.005714
-0.003771
-0.003771
0.003543
0.000920
0.002644
-0.017486
0.002428
0.005632
-0.003864
-0.006477
-0.001698
-0.003810
-0.005962
0.007200
-0.004425
-0.009057
0.002342
0.006980
-0.002202
-0.000588
0.013805
0.006337
0.006974
-0.004615
0.018829
0.003978
-0.001771
0.010345
0.006369
0.002921
0.000311
-0.001005
0.001130
-0.003497
-0.005591
-0.010746
0.000345
-0.000782
-0.014444
0.036000
0.007500
0.020714
-0.023333
0.002000
-0.020690
0.020000
-0.004211
-0.005333
0.025714
-0.003077
0.006857
0.006154
-0.023750
0.005000
0.003404
-0.001478
0.003034
0.001798
-0.017222
-0.010909
0.000000
0.004571
-0.015000
0.008000
0.018000
-0.033846
0.035294
-0.028000
-0.023226
0.067692
0.001000
0.000000
0.012800
0.033750
0.002383
0.009406
0.000659
-0.003644
0.028800
-0.010000
-0.051250
-0.007692
-0.009524
-0.052000
-0.021818
-0.027692
-0.003030
0.025455
0.000000
-0.009655
-0.015789
-0.000800
0.015294
0.001250
-0.000777
0.000949
-0.002158
0.000202
-0.002039
-0.000309
-0.009907
0.000410
-0.002791
0.004729
-0.000264
-0.003237
0.009884
0.009180
-0.002065
-0.014096
-0.003263
0.009274
0.012800
0.001728
0.001496
-0.001890
0.000816
0.010594
-0.001618
-0.007033
0.006034
-0.001205
0.007021
-0.002874
-0.010814
-0.008199
0.005287
-0.007642
-0.001200
-0.004874
-0.004699
-0.005870
-0.002872
-0.001058
0.006458
-0.005714
-0.005023
-0.010795
-0.004844
-0.002033
-0.001191
0.007489
0.003571
-0.001538
-0.022143
0.003571
0.036800
0.028000
-0.031111
-0.004167
-0.009091
-0.038750
-0.004000
-0.013750
0.002143
0.019375
0.000769
-0.002963
-0.042222
-0.015000
-0.030000
-0.018261
0.006154
-0.016667
-0.028333
-0.000800
-0.029032
0.013793
-0.012941
-0.025926
0.016250
-0.012000
-0.020000
-0.030526
0.006400
0.020952
-0.002143
0.008696
0.008750
-0.007778
-0.000690
-0.021111
-0.002222
0.020000
-0.035294
-0.015294
0.001379
0.022963
-0.000645
0.006667
-0.012000
0.010400
-0.001538
-0.003448
0.000000
0.012143
0.017037
-0.046154
0.001818
0.028000
-0.029091
0.016667
0.007143
-0.006061
-0.006923
0.040000
-0.019200
0.002308
0.004800
-0.007826
0.020000
0.011200
0.006154
0.004444
0.029286
0.032121
0.036000
0.014615
-0.012000
0.049091
-0.040000
0.035000
0.007742
0.017273
-0.006667
-0.027500
-0.013333
0.034667
-0.008462
0.009474
0.003750
-0.007143
0.015000
0.027059
-0.014815
0.020000
0.028667
-0.006154
0.012000
-0.007692
0.028000
0.008750
0.017778
0.006667
-0.002581
-0.008800
-0.010556
0.010370
0.016364
-0.006250
0.032000
0.001111
-0.014667
-0.010667
0.028276
0.024000
0.014615
0.056429
0.020000
0.026000
-0.012000
-0.008000
-0.032000
0.032000
0.048000
0.012000
-0.058000
0.038000
0.002000
-0.002000
0.026667
-0.022000
-0.032000
-0.030000
0.004000
-0.014737
0.018333
-0.002500
-0.022000
-0.006000
0.028000
0.030000
0.018000
0.000000
-0.026000
-0.030000
0.002000
-0.018000
0.012000
-0.018000
-0.034000
-0.012000
0.008000
-0.002000
-0.005000
-0.010833
-0.029231
0.009231
-0.006000
-0.018000
-0.012000
-0.098000
0.080000
0.036364
-0.054000
0.022000
0.016000
-0.016000
0.026000
-0.007273
0.032000
-0.026000
0.002000
-0.100000
0.024348
-0.001739
0.015789
-0.018400
-0.006000
0.000000
-0.024000
0.018000
0.006000
0.026000
-0.002000
-0.010000
-0.110000
0.058000
0.020000
-0.048000
-0.026000
-0.014000
-0.022000
-0.010000
-0.004000
0.028000
0.013750
-0.016250
0.002857
0.015000
0.017857
0.009032
0.016000
0.025333
0.049091
0.015000
0.012593
-0.014615
-0.026000
-0.024348
-0.014167
-0.020870
0.020000
-0.006957
-0.006000
0.048000
-0.018000
0.036000
0.048000
-0.015000
0.040000
-0.010000
0.004000
-0.042000
0.010000
-0.020000
0.018000
-0.036000
0.022000
0.004000
-0.011667
-0.017857
-0.012414
0.004444
0.036000
0.012727
0.004000
-0.042000
0.008000
-0.018000
-0.008000
-0.040000
0.004000
-0.088000
-0.032000
-0.028000
0.063636
0.045455
0.008000
0.000000
0.027857
0.009286
0.009600
0.011538
-0.029091
0.012000
-0.030000
-0.052000
0.012000
-0.028000
0.020000
-0.026000
0.028000
0.000000
-0.046000
0.016000
-0.040000
0.032000
0.034000
0.030000
0.006250
-0.005000
0.002000
-0.009091
-0.042000
-0.008000
0.026000
-0.102000
-0.046000
0.052000
0.054000
0.062000
0.004000
-0.020000
0.020000
-0.012000
0.042000
0.068000
-0.066000
-0.008000
-0.011724
-0.008276
0.023030
0.027097
0.012000
-0.021818
0.004000
-0.016364
0.038571
-0.002353
-0.014667
-0.018750
-0.025143
-0.022857
-0.061600
-0.002667
0.027500
-0.029600
-0.002222
0.006087
-0.028000
-0.012000
0.020000
0.054000
0.010000
-0.008000
-0.040000
0.026000
0.006000
0.038000
0.012000
0.014000
-0.002000
-0.028000
-0.004000
-0.074000
0.017241
0.026000
-0.012800
-0.020000
0.010000
-0.038000
0.012000
-0.022000
0.018333
0.006000
0.002000
0.000000
-0.006000
-0.002000
0.030000
0.028000
0.034000
-0.010000
0.016000
0.016000
-0.005600
0.024167
-0.010000
0.005806
0.028000
0.006000
0.020000
-0.008000
0.014000
0.012000
-0.050000
0.024000
0.024000
0.076000
-0.026000
0.012000
-0.004000
0.020000
0.006000
-0.040000
-0.013043
-0.007826
0.005385
-0.037037
-0.052000
-0.042000
0.038000
0.030000
-0.016000
-0.040000
-0.010000
0.008000
-0.024000
0.005455
0.048000
0.052000
-0.052000
-0.050000
0.034000
0.008000
-0.002844
-0.000769
-0.000397
0.007426
-0.000569
-0.001628
-0.008468
0.001951
0.009604
0.000547
-0.012143
0.003267
-0.009711
0.009412
0.010000
-0.006626
-0.001789
0.004855
-0.001071
0.002771
0.001890
-0.002640
0.000947
-0.002986
0.003575
0.006032
-0.007565
0.006927
0.003711
-0.004045
0.000278
0.004046
-0.005251
-0.000806
0.001261
0.006900
0.002529
0.010543
-0.002917
-0.013012
0.002688
-0.014023
0.010920
0.004671
0.004591
-0.002122
0.002359
-0.007143
-0.028235
-0.030000
-0.001333
-0.030435
-0.022143
-0.036923
0.012381
0.003333
-0.003333
0.014667
0.022286
0.024828
0.014444
0.012000
-0.047143
0.025000
-0.007586
0.025333
0.031538
0.023333
-0.024348
-0.017500
-0.011818
-0.034167
0.016667
0.028333
-0.011579
0.050000
-0.002000
-0.030588
-0.026923
0.003704
0.006923
0.019167
0.006667
0.006400
-0.034074
0.002308
-0.032857
0.023571
-0.028667
-0.024000
-0.012778
0.010769
-0.010909
0.026667
-0.006000
-0.035714
0.005333
-0.018750
0.005000
-0.051111
-0.030000
0.015455
-0.022857
-0.010000
0.012414
-0.010769
0.001818
0.015556
-0.032500
0.041429
0.021333
-0.010000
0.010000
0.005714
-0.031818
0.003333
-0.017333
0.003529
-0.030370
-0.013333
0.013333
-0.077333
-0.033750
-0.036250
-0.006000
-0.020800
0.011613
-0.003200
0.004615
0.009231
-0.040000
0.009286
-0.020000
0.007692
0.017778
-0.040000
0.034483
0.014118
0.003571
0.003333
-0.007273
0.016923
-0.032000
-0.025714
0.000000
-0.004615
0.008571
0.002353
-0.001333
0.033333
0.000000
-0.002857
-0.038000
0.027273
0.045556
-0.046154
0.008000
0.011724
-0.002308
0.016429
0.002400
-0.047826
-0.002400
-0.014400
-0.038000
0.022000
-0.012727
-0.012000
-0.002000
0.000000
-0.048000
-0.030000
-0.026000
0.024000
-0.026000
0.044000
-0.006000
-0.038000
0.032000
0.000000
0.047273
0.005600
0.023158
0.008800
0.000000
-0.015000
-0.032000
0.050000
-0.016000
0.030000
-0.030000
0.052000
-0.004000
-0.034000
-0.030000
-0.036000
0.026000
-0.032000
0.006000
0.012000
-0.022000
0.035000
-0.010400
0.002400
-0.006000
0.024000
-0.002000
0.012000
0.052000
0.018000
0.008000
0.022000
-0.010000
-0.010000
-0.004000
-0.038000
0.032000
0.004000
0.048000
0.036000
0.036250
-0.001053
-0.009000
0.013600
-0.008000
0.014000
-0.028000
0.030000
-0.046000
-0.030000
-0.012000
0.010000
0.056000
0.020000
-0.004000
0.006000
0.032000
0.036000
0.004000
-0.014000
-0.006667
0.016552
0.027097
0.024516
-0.002000
-0.026000
-0.040000
0.058000
-0.006286
-0.012308
0.002222
-0.012000
0.014667
0.035789
-0.021333
0.065333
-0.018750
0.009167
-0.011429
-0.003846
-0.010000
-0.016000
-0.006000
-0.008000
-0.014000
0.000000
-0.018000
-0.038000
-0.006000
0.014000
-0.060000
0.010000
0.016000
-0.008000
-0.006000
0.046000
-0.009630
0.010345
-0.006923
0.020833
0.024000
-0.020000
-0.016000
0.006000
0.018000
0.058000
0.010000
0.028000
0.046000
0.040000
0.014000
-0.020000
-0.004000
-0.040000
-0.012000
0.020000
0.003077
-0.017692
0.008800
0.012857
-0.034000
0.018000
-0.016000
0.007273
0.022000
-0.008000
-0.020000
-0.004000
0.002000
-0.016000
0.014000
0.000000
-0.034000
-0.004000
-0.036000
-0.006000
-0.020000
0.026400
0.023810
0.021290
-0.004000
-0.014000
0.052000
-0.030000
0.014000
0.098000
-0.036000
0.008000
0.004000
0.040000
0.014000
-0.008000
0.010000
0.052000
-0.028000
0.008000
-0.047143
0.028235
-0.021429
-0.001333
0.003429
-0.011111
0.028148
-0.022667
0.002500
0.032414
-0.008276
-0.001538
-0.010000
0.030000
-0.016000
0.030909
0.017895
-0.002400
-0.009091
-0.036667
-0.042000
-0.020000
0.000000
-0.052000
0.006000
-0.020000
0.028000
0.014000
-0.012000
-0.038000
-0.006000
0.008000
-0.012000
-0.018000
0.004000
0.018000
0.016923
0.006667
0.002222
-0.002857
0.010000
-0.020000
0.022000
0.016000
0.014000
-0.046000
-0.038000
-0.043077
-0.016000
-0.020000
0.068000
-0.048000
0.026000
0.004000
0.006000
-0.034000
0.008000
-0.036000
0.011429
0.017600
0.006000
0.008000
0.016000
-0.028000
0.044000
0.016000
-0.036000
-0.002000
-0.010000
0.062000
0.020000
0.068000
-0.048000
-0.016000
-0.012000
-0.028000
0.004444
0.015714
-0.023846
0.039167
0.069091
0.058000
-0.020000
0.012000
-0.052000
-0.024000
0.002000
-0.014000
0.016000
0.036000
-0.034000
0.064000
0.018000
0.010000
-0.004000
0.020000
-0.003246
-0.015512
0.008073
-0.010695
-0.003834
-0.008223
-0.015376
-0.001530
-0.000311
-0.009479
0.002690
-0.007845
-0.000324
0.007389
-0.002874
-0.001494
-0.031667
0.000000
0.006154
-0.055000
0.002581
0.029091
0.009474
-0.016800
0.014118
0.025455
0.004375
-0.029333
0.020870
0.046000
-0.020000
0.026667
-0.008265
0.000398
-0.013064
-0.006000
0.005833
-0.081818
0.009091
0.031000
-0.018889
0.056000
-0.020000
-0.037333
-0.008182
-0.012857
-0.081111
-0.007778
-0.016250
0.078333
-0.020000
0.000000
-0.008770
-0.009146
-0.008508
-0.009061
0.000000
-0.006000
0.015625
0.024828
0.014286
-0.027826
0.027778
0.035714
0.018261
-0.002000
-0.021935
-0.037500
-0.017143
0.002000
-0.019355
0.017333
0.019057
-0.021000
0.009333
0.004706
0.010092
0.003689
0.022574
-0.000198
0.008364
0.008515
0.000748
0.013014
-0.004624
-0.012247
-0.006592
-0.006171
-0.007093
-0.008571
-0.000112
-0.002743
-0.011908
-0.001257
-0.005056
-0.003636
0.000723
0.004646
-0.004228
-0.001377
0.010531
-0.001780
0.001296
0.003769
0.000973
0.010151
-0.002105
0.000539
-0.010071
-0.016529
-0.010662
-0.007418
-0.008793
-0.003923
-0.010790
-0.013554
-0.011686
-0.017007
-0.012438
-0.011993
-0.004056
0.000538
-0.006482
-0.007283
-0.016888
-0.004388
-0.008531
-0.007966
-0.020607
-0.010850
-0.011229
-0.011265
0.006667
-0.003200
0.014474
0.010115
-0.002703
-0.010370
0.007632
-0.018621
-0.042041
0.002927
0.002545
-0.013770
0.012706
-0.000882
-0.003380
-0.008354
0.003265
-0.005238
0.008679
-0.013667
0.005333
-0.006471
0.017681
-0.013500
0.005000
-0.007952
0.008571
-0.022973
0.017222
-0.015405
0.012329
0.011304
0.016667
-0.008936
-0.005085
0.012836
0.004878
0.020000
-0.021647
-0.005301
-0.015294
-0.005000
0.003704
-0.002623
0.000789
0.015000
0.009851
0.002821
-0.005070
-0.002432
0.023733
0.002609
-0.009014
-0.006667
-0.015068
0.012162
0.001852
0.008636
0.008387
-0.020606
-0.000964
0.002740
-0.009750
-0.015663
0.015319
0.002500
-0.002000
-0.004000
0.011250
-0.004762
-0.015882
-0.019737
0.015588
0.011642
-0.005588
0.018571
0.017612
-0.006486
0.002500
0.010667
0.004384
0.007119
-0.009062
0.004643
-0.002154
-0.010545
0.010508
0.020000
0.002188
0.005714
-0.007869
0.000357
-0.004545
-0.000667
0.001270
0.001724
0.017612
0.022286
-0.007692
-0.004058
0.044000
0.028000
0.023636
-0.004000
-0.054000
0.016000
-0.020000
0.043333
0.046000
0.001538
-0.020000
-0.048000
-0.003333
0.019091
-0.038000
-0.054545
-0.004571
-0.009296
0.000000
-0.005294
0.028000
0.000000
-0.022000
-0.026000
-0.040000
-0.001538
-0.003636
0.012000
0.018889
0.029524
-0.003077
0.032000
-0.018000
0.008000
0.000000
0.036000
0.024000
0.012727
-0.020000
-0.016364
-0.018333
-0.021818
0.007273
0.008000
-0.041818
0.001538
0.004286
0.056364
-0.013600
-0.006000
-0.009091
-0.023077
0.004000
0.022000
0.000000
-0.007273
-0.026000
-0.050000
0.034000
-0.021667
0.016000
0.014000
0.034000
0.028000
0.016000
-0.010000
0.030000
0.032000
0.070000
-0.007273
0.074000
0.018182
-0.016667
-0.008000
0.000000
0.008000
-0.005455
0.009091
0.004615
0.000000
0.000000
-0.032000
0.034545
0.007143
0.022000
0.012000
-0.020000
0.043333
0.012727
0.016000
-0.072000
-0.012000
0.036000
-0.012727
0.034000
-0.032000
-0.030000
0.012727
-0.052000
0.032000
0.002254
0.000896
-0.003226
0.002105
-0.012000
-0.020000
-0.007500
-0.005000
-0.016250
-0.002105
-0.028750
-0.050000
0.028000
0.016000
0.014000
0.034000
-0.036000
-0.028000
-0.070000
0.032000
-0.001905
-0.012353
-0.015862
-0.009123
0.034000
-0.046000
0.032000
-0.046667
-0.038000
-0.006000
0.007273
0.016000
-0.015294
-0.040000
0.004000
-0.025455
0.050000
0.028235
0.034545
0.020000
0.010000
0.066000
0.065455
0.052000
-0.066000
-0.041818
0.072000
0.006667
0.028000
0.023636
-0.004000
0.044000
0.010909
0.012000
-0.002000
0.002000
0.038000
-0.008333
0.044000
-0.024000
-0.046000
0.036364
-0.025455
-0.028000
0.016364
-0.012727
-0.050909
0.016667
0.009600
-0.010000
0.036923
-0.036923
-0.009091
-0.026667
-0.012727
-0.056667
-0.008000
0.043636
0.050000
-0.070000
-0.021739
0.020000
0.020000
0.014286
0.020000
-0.028000
0.010909
-0.065455
0.044000
-0.012000
-0.025455
-0.006154
0.050909
-0.016000
0.028000
0.014000
0.020000
0.030000
0.000000
-0.016000
-0.002000
-0.008000
-0.040000
0.036000
-0.008286
0.016667
-0.004746
-0.001379
-0.038000
-0.012857
-0.007500
0.070909
-0.017500
-0.007368
0.028000
0.025714
0.028000
0.040000
0.000000
-0.009091
0.032000
-0.030000
0.012727
-0.052000
0.015714
-0.003175
-0.001270
-0.006316
0.033750
0.052632
-0.022000
0.020000
-0.040000
-0.033846
0.026000
0.010000
-0.016000
-0.047273
0.014000
-0.034545
0.036000
-0.002000
-0.008000
-0.040000
0.012727
-0.021818
0.002000
0.004000
0.018000
0.018182
-0.030000
0.028333
0.000000
-0.022000
-0.026000
0.028000
-0.036000
0.006000
0.014000
0.018000
-0.020000
-0.004000
0.000000
-0.002000
-0.010000
-0.023333
0.040000
0.000000
0.005833
-0.020000
0.006667
0.016667
0.018182
0.002000
0.042000
-0.065455
0.036000
-0.016000
-0.025455
-0.050000
-0.090909
0.004000
-0.072000
-0.040000
0.052000
-0.002000
-0.016000
-0.056000
-0.006000
0.007273
0.016000
-0.038000
-0.008333
-0.024000
-0.016364
-0.036667
0.002000
-0.003636
-0.010000
-0.054000
0.019167
0.008000
0.005882
-0.031765
0.052727
-0.008000
-0.028000
-0.028333
0.002975
-0.001386
0.003922
0.002351
0.003120
0.003698
0.001766
-0.000161
0.002092
0.003981
0.001263
0.005615
-0.004245
0.002056
-0.004245
0.002056
0.002283
-0.000734
-0.005373
0.005758
-0.006462
-0.004762
0.017882
-0.005205
0.009697
0.012308
0.014824
0.023529
-0.004638
-0.016000
-0.012059
0.016812
0.012468
0.005806
-0.015588
0.002299
-0.009412
0.000303
-0.006667
-0.009565
0.007792
0.025538
-0.008358
0.008235
0.003250
0.001215
0.003250
0.001215
0.003962
0.006100
0.000190
0.004621
0.000857
-0.015652
-0.008941
0.021136
-0.019722
0.001846
-0.005476
0.005753
0.007714
0.008696
0.011781
0.015692
-0.007895
-0.005714
-0.006977
0.001364
0.016970
0.005846
0.000615
0.006154
0.011111
-0.006129
0.020606
-0.014713
0.001797
-0.002645
0.001797
-0.002645
-0.000032
0.001424
-0.003099
-0.003696
-0.015278
-0.015077
0.010361
-0.004396
-0.010588
-0.014242
0.017176
0.003944
-0.005588
0.028615
0.002985
0.012308
0.007561
0.001935
0.011860
0.010337
0.001176
0.001176
0.020000
0.011515
-0.008462
-0.013437
0.013433
0.010930
0.026154
-0.004118
-0.005263
0.005079
0.002121
0.024706
-0.005085
0.006885
-0.004762
-0.011852
-0.011186
-0.002414
-0.000635
-0.022642
0.004444
-0.002373
-0.004308
-0.005000
0.011071
0.004912
0.014603
-0.006667
0.010000
0.001034
-0.005714
-0.002581
0.012281
0.006038
-0.038000
0.004000
0.010909
-0.096000
0.003636
0.006000
-0.032000
-0.002000
0.000000
-0.004000
-0.052000
-0.028000
0.012000
0.013000
-0.035385
0.026154
-0.036190
0.006984
-0.009643
0.008462
-0.012000
-0.034000
0.026000
0.020000
0.012000
-0.026000
0.036000
-0.024000
0.001818
0.033333
0.055385
0.036364
0.034000
0.054000
0.002000
-0.020000
-0.020000
-0.016000
-0.020000
-0.016000
-0.038000
-0.006000
-0.010000
0.020000
0.006000
0.024000
0.031667
-0.020000
0.080000
0.004000
0.018182
-0.016000
-0.001250
0.064615
0.017273
0.004000
-0.026000
0.034000
-0.026000
-0.002000
0.049091
-0.030000
0.018000
-0.010000
-0.024615
0.020000
0.045455
-0.020000
0.004000
0.006000
0.004000
0.006000
0.024000
0.020000
-0.046000
0.032000
-0.068000
-0.002000
0.028333
-0.018000
0.020000
-0.058000
0.007273
-0.038000
-0.032000
0.008000
0.040000
0.010000
0.017333
0.015000
-0.042727
-0.001176
0.053333
-0.036364
-0.023636
-0.005714
-0.025455
0.010000
0.012000
0.016000
-0.003235
0.009508
0.013793
0.025075
0.052000
-0.022000
0.013333
0.016000
0.005000
-0.017143
-0.006667
0.010000
0.036000
-0.004000
-0.028000
0.016000
0.018000
-0.034000
0.018000
-0.006000
0.007463
0.012923
0.001818
0.002909
-0.012000
-0.038000
-0.062000
-0.008000
-0.008000
0.014000
-0.024000
0.008000
0.020000
0.042105
0.044615
0.036250
-0.004000
-0.018333
-0.006000
0.040000
-0.048235
-0.038571
0.006087
-0.004444
0.034000
0.042000
0.000000
0.000000
-0.034545
0.018000
-0.002000
-0.032000
0.010000
-0.027143
0.024615
-0.056000
0.014000
-0.034000
0.014000
-0.034000
0.040000
-0.006000
0.018000
0.000000
0.022000
-0.030000
0.045455
0.010000
0.018000
0.056000
0.036000
-0.044000
-0.046000
0.032000
0.024000
0.020000
-0.021818
0.010000
-0.021818
0.010000
-0.006000
-0.002000
0.012000
0.014000
0.048000
0.024000
-0.018182
-0.002000
-0.026000
0.008000
0.032000
0.082000
0.015714
0.001176
-0.013913
0.013333
-0.016364
0.046000
-0.066154
0.010000
-0.014000
-0.020000
-0.042000
0.038000
0.005507
0.022424
-0.004561
-0.007500
0.014000
0.043636
-0.007273
0.030000
-0.042000
0.005263
0.042353
-0.010000
-0.024000
0.034000
-0.016000
-0.034000
0.048000
0.004000
0.078000
0.038000
-0.020000
-0.040000
0.007500
0.001154
-0.020000
0.002000
0.045000
0.005333
-0.036000
-0.010909
0.030000
-0.060000
-0.052000
0.012000
-0.016364
-0.012000
-0.070000
0.040000
0.036000
-0.024000
0.060000
-0.022500
-0.010000
0.015789
-0.018000
0.054000
-0.062000
-0.068000
-0.010909
-0.012000
-0.002000
-0.027273
-0.020000
-0.080000
-0.030769
0.000000
0.018000
0.000000
0.040000
-0.006000
0.010000
-0.060000
0.010000
-0.060000
0.004000
-0.052000
0.010000
-0.022000
0.018000
-0.022000
0.016364
-0.044000
-0.012000
0.034000
-0.050000
-0.036000
0.008000
0.010000
-0.025714
-0.035294
0.030000
-0.002000
0.028333
-0.008571
-0.030000
0.000000
-0.018182
-0.074000
-0.010000
0.020000
-0.038000
-0.006000
0.064000
-0.040000
0.064000
-0.040000
-0.028000
-0.012000
-0.004000
0.014000
-0.042000
0.016000
0.013333
-0.014000
-0.001698
-0.003810
-0.005962
0.007200
-0.004425
-0.009057
0.002342
0.006980
-0.002202
-0.000588
0.013805
0.006337
0.009884
0.009180
-0.002065
-0.014096
-0.003263
0.009274
0.012800
0.001728
-0.001618
-0.007033
0.006034
-0.001205
0.007021
-0.002874
-0.010814
-0.008199
-0.004699
-0.005870
-0.002872
-0.001058
0.006458
-0.005714
-0.005023
-0.010795
0.005600
0.008485
-0.005926
0.003200
-0.024800
0.011333
0.026897
-0.007692
-0.016000
-0.009231
0.021111
0.017500
0.024000
0.001333
-0.021176
-0.018667
0.012857
0.024000
-0.020000
0.009412
-0.033548
-0.014400
-0.011515
0.001538
-0.031429
-0.009333
0.026667
0.032500
0.006667
0.006154
-0.001429
0.021429
0.015000
-0.037037
-0.029565
-0.014194
-0.011250
-0.032000
0.020000
0.045714
-0.005926
0.003200
0.005600
0.008485
-0.013846
0.006667
-0.007879
0.009714
0.013333
0.052800
0.000000
-0.008387
-0.018667
0.024000
0.001333
-0.021176
0.045333
-0.003077
-0.007500
0.013333
0.045714
-0.011250
-0.032000
0.020000
0.010769
0.005000
-0.017143
-0.022069
0.031111
0.010909
-0.001333
0.008667
-0.056000
0.005333
-0.054000
0.001818
0.004000
-0.021333
0.007059
-0.016000
-0.026923
0.026471
-0.009697
0.008824
-0.017143
-0.022069
0.010769
0.005000
0.026897
-0.007692
-0.024800
0.011333
-0.008000
-0.016000
-0.012000
0.022857
-0.029565
-0.014194
0.015000
-0.037037
0.010000
-0.013750
0.000000
0.001667
0.024000
-0.020000
0.009412
0.012857
0.003636
0.001818
0.014000
-0.065455
-0.017931
0.026400
0.000000
0.010000
-0.016000
0.004000
-0.021333
0.007059
-0.042857
0.052308
-0.001429
-0.026667
0.022857
-0.008000
-0.016000
-0.012000
-0.009333
0.026667
0.032500
-0.031429
-0.001333
0.008667
0.031111
0.010909
0.022308
0.000000
-0.013750
-0.006471
0.000000
0.001667
0.010000
-0.013750
-0.009711
0.009412
0.010000
-0.006626
-0.001789
0.004855
-0.001071
0.002771
0.003575
0.006032
-0.007565
0.006927
0.003711
-0.004045
0.000278
0.004046
0.002529
0.010543
-0.002917
-0.013012
0.002688
-0.014023
0.010920
0.004671
0.009333
-0.008750
-0.065714
-0.024000
-0.016774
0.020000
0.029032
-0.018462
0.001333
0.021250
-0.020000
0.008000
-0.016000
-0.024615
-0.020000
-0.010769
0.020741
-0.009677
0.002857
0.022400
-0.022400
0.000690
-0.000667
0.009600
-0.018000
0.003333
0.004444
0.026667
0.052000
0.014286
0.002667
0.021333
0.002857
0.022400
0.020741
-0.009677
0.009167
-0.032143
0.024286
0.011333
0.023571
0.000000
-0.026923
0.024516
0.031250
0.007143
0.022667
-0.020000
-0.026923
0.024516
0.023571
0.000000
0.029630
0.016471
0.048571
0.005600
-0.008750
-0.065714
-0.024000
0.009333
0.022000
0.018000
0.020000
-0.032727
-0.014286
-0.020000
-0.001429
0.002667
0.012593
-0.036000
0.022581
-0.006923
-0.022667
-0.042500
-0.018571
0.009333
-0.008000
0.004615
-0.013333
-0.047692
0.021250
-0.020000
0.008000
0.001333
-0.025000
-0.001379
0.000000
0.003226
0.048571
0.005600
0.029630
0.016471
0.000870
-0.008889
0.028387
0.004375
-0.023448
-0.005600
0.002500
-0.001290
0.021333
0.052000
0.014286
0.002667
0.027143
0.032308
-0.017143
0.032857
-0.020000
0.031250
0.007143
0.022667
0.000000
0.003226
-0.025000
-0.001379
0.007143
-0.021176
-0.000800
0.013793
-0.020000
-0.001429
0.002667
-0.014286
0.016000
0.002000
-0.043636
-0.013333
-0.007826
0.019394
0.023636
-0.005000
-0.000800
0.013793
0.007143
-0.021176
-0.042500
-0.018571
0.009333
-0.022667
-0.000667
0.009600
-0.022400
0.000690
0.019057
-0.021000
0.009333
0.004706
0.010092
0.003689
0.022574
-0.000198
0.008364
0.008515
0.000748
0.013014
0.000723
0.004646
-0.004228
-0.001377
0.010531
-0.001780
0.001296
0.003769
0.000973
0.010151
-0.002105
0.000539
-0.011667
-0.015000
-0.039726
-0.002154
0.003056
-0.013030
0.006377
0.001515
-0.039726
-0.002154
-0.011667
-0.015000
-0.007606
0.016000
-0.008116
-0.017576
0.006377
0.001515
0.003056
-0.013030
-0.008116
-0.017576
-0.007606
0.016000
-0.004245
0.002056
-0.004245
0.002056
0.003250
0.001215
0.003250
0.001215
0.001797
-0.002645
0.001797
-0.002645
-0.030937
0.001905
-0.030937
0.001905
0.014286
-0.024000
0.014286
-0.024000
0.001905
-0.030937
0.001905
-0.030937
-0.000615
-0.001587
-0.000615
-0.001587
-0.024000
0.014286
-0.024000
0.014286
-0.001587
-0.000615
-0.001587
-0.000615
