-0.122475
-0.121647
-0.127152
-0.122554
-0.120209
-0.121516
-0.122857
-0.119603
-0.170533
-0.170726
-0.166169
-0.161474
-0.183900
-0.188706
-0.178116
-0.183697
-0.182496
-0.180408
-0.173734
-0.176370
-0.267157
-0.258197
-0.261872
-0.258988
-0.187368
-0.201212
-0.175517
-0.187179
-0.059000
-0.043636
-0.012414
-0.048421
-0.187826
-0.176842
-0.170714
-0.162593
-0.055122
-0.038750
-0.035273
-0.026190
0.073659
0.088824
0.101429
0.085085
0.081500
0.091176
0.117308
0.076216
-0.165200
-0.197576
-0.173529
-0.163793
-0.001569
0.000588
-0.013889
-0.008519
-0.173061
-0.189268
-0.136207
-0.159273
0.011429
0.018235
-0.020000
0.002857
0.081961
0.050909
0.055862
0.029474
0.090980
0.021714
0.058333
0.066275
0.105660
0.101237
0.104383
0.112989
0.095969
0.100392
0.097469
0.095016
-0.076013
-0.069548
-0.072353
-0.070903
0.100675
0.097459
0.096564
0.099944
0.157059
0.172174
0.154231
0.166786
-0.038286
-0.030714
-0.048621
-0.063774
0.093746
0.087867
0.089983
0.095571
0.140000
0.143704
0.173143
0.190857
-0.016800
-0.053750
-0.037143
-0.063077
-0.067581
-0.071538
-0.071342
-0.071306
-0.046897
-0.028750
-0.040000
-0.044286
-0.020667
-0.033636
-0.077333
-0.045000
0.120000
0.130000
0.100000
0.147027
-0.031515
0.001667
-0.052414
-0.043243
0.096571
0.098000
0.117455
0.111333
-0.015758
-0.026667
-0.027097
-0.023243
-0.031282
0.004545
-0.026923
-0.042295
-0.043871
-0.042000
-0.031429
-0.065000
-0.069811
-0.074286
-0.069615
-0.069200
0.038053
0.045849
0.041441
0.048456
-0.140367
-0.120784
-0.156637
-0.161386
0.056465
0.066050
0.058491
0.053091
0.147800
0.158008
0.140641
0.151544
-0.046923
-0.046255
-0.036608
-0.024163
-0.033089
-0.030927
-0.024037
-0.030053
0.070570
0.078071
0.070405
0.060546
0.063420
0.061458
0.056140
0.058122
0.023568
0.008966
0.035632
0.027586
-0.083333
-0.068966
-0.072308
-0.101667
-0.117419
-0.112727
-0.134737
-0.135200
0.081176
0.069091
0.073125
0.087333
-0.010435
-0.010000
-0.001481
-0.027778
-0.064082
-0.070050
-0.057572
-0.060818
-0.090000
-0.098182
-0.081818
-0.113000
-0.085556
-0.040000
-0.080667
-0.096000
0.061818
0.011429
0.056667
0.094444
-0.010000
0.011667
-0.022667
-0.000741
0.017754
0.034774
0.032155
0.019890
0.094706
0.012000
0.051875
0.017931
0.037143
-0.005217
0.023333
-0.010000
0.032174
0.022000
0.061290
0.055000
0.055714
0.036000
0.027742
0.024000
-0.058155
-0.072806
-0.052033
-0.047374
-0.065243
-0.063707
-0.052056
-0.070564
0.025209
0.038760
0.020352
0.041494
-0.021969
-0.024409
-0.029184
-0.025842
0.070498
0.064553
0.073900
0.076891
-0.010469
-0.030650
-0.028000
-0.029589
-0.085000
-0.071765
-0.090000
-0.041111
-0.070000
-0.067170
-0.050000
-0.080714
0.097333
0.131111
0.101860
0.100513
-0.048750
-0.003810
0.024000
0.012222
-0.052222
-0.030000
-0.067059
-0.025882
-0.039273
-0.049474
-0.023636
-0.053158
0.074545
0.112941
0.066667
0.028571
-0.020833
-0.030400
-0.005455
0.011111
0.061481
0.058431
0.084186
0.078667
-0.030909
-0.018333
-0.003636
-0.038462
0.136250
0.121053
0.109333
0.095294
0.007636
0.009744
0.005455
-0.000500
0.054218
0.048692
0.061270
0.069505
0.059336
0.047364
0.052883
0.047236
-0.037030
-0.039531
-0.025179
-0.044752
-0.080709
-0.082480
-0.074211
-0.060814
0.032664
0.025726
0.023277
0.031004
0.017432
0.035510
0.025026
0.019412
0.034194
0.059630
0.008636
0.032340
0.034444
0.064762
0.025333
0.063750
-0.021538
-0.091429
-0.092727
-0.068750
-0.013846
0.019245
0.008276
-0.000588
0.060000
0.095472
0.080455
0.062857
0.070909
0.075714
0.076000
0.047692
-0.103390
-0.091892
-0.122069
-0.099024
0.011250
-0.004762
0.026667
-0.018824
-0.072000
-0.080000
-0.105333
-0.120000
-0.021639
-0.010000
-0.009412
0.002051
-0.101277
-0.065417
-0.045625
-0.082667
0.058182
-0.010000
0.000000
0.013846
-0.066256
-0.056635
-0.056036
-0.057097
0.042188
0.037833
0.028939
0.028427
-0.050466
-0.061508
-0.057627
-0.049617
0.085376
0.083881
0.072069
0.065922
0.088889
0.084000
0.095000
0.089286
0.092500
0.100000
0.106897
0.097000
-0.064211
-0.107333
-0.074286
-0.056923
0.016000
-0.018462
-0.006250
0.033125
-0.020851
-0.021281
-0.020000
-0.004607
0.107778
0.083636
0.130909
0.126286
0.030000
0.059200
0.058000
0.072308
-0.028235
-0.106000
-0.112258
-0.064615
-0.039000
0.004000
0.030400
-0.041250
-0.020518
-0.017921
-0.014615
-0.018933
-0.033600
-0.062000
-0.057500
-0.061538
0.001905
0.024000
-0.022424
-0.006154
-0.084242
-0.018182
-0.077647
-0.059310
0.030526
-0.004000
-0.029412
-0.015000
-0.155487
-0.151120
-0.154667
-0.171813
-0.067512
-0.073787
-0.051847
-0.068091
0.026396
0.027064
0.039745
0.048712
-0.031132
-0.040200
-0.059048
-0.051373
0.066972
0.066408
0.075842
0.072277
0.170545
0.147525
0.148411
0.138356
0.105660
0.101237
0.104383
0.112989
0.095969
0.100392
0.097469
0.095016
-0.076013
-0.069548
-0.072353
-0.070903
0.157059
0.172174
0.154231
0.166786
-0.038286
-0.030714
-0.048621
-0.063774
0.140000
0.143704
0.173143
0.190857
-0.016800
-0.053750
-0.037143
-0.063077
-0.046897
-0.028750
-0.040000
-0.044286
-0.020667
-0.033636
-0.077333
-0.045000
0.065538
0.032063
0.041176
0.049589
-0.046667
-0.056308
-0.055059
-0.060294
0.120000
0.130000
0.100000
0.147027
-0.023896
-0.037742
-0.049412
-0.045287
-0.031515
0.001667
-0.052414
-0.043243
-0.035844
-0.040000
-0.019403
-0.025176
0.019429
0.034783
0.016941
0.050455
-0.063611
-0.056615
-0.069286
-0.047945
-0.038947
-0.032571
-0.016977
-0.021818
0.096571
0.098000
0.117455
0.111333
-0.015758
-0.026667
-0.027097
-0.023243
-0.019012
-0.026129
-0.016667
-0.026437
-0.010278
-0.008308
-0.009398
-0.013187
-0.033235
-0.019091
-0.027294
-0.024225
-0.006829
-0.012258
-0.014419
0.010112
-0.031282
0.004545
-0.026923
-0.042295
0.003590
0.010313
-0.009254
0.005349
-0.043871
-0.042000
-0.031429
-0.065000
0.063265
0.040976
0.070545
0.069180
0.046122
0.068571
0.052075
0.033000
0.070417
0.068085
0.030508
0.043284
0.091765
0.053500
0.053333
0.057705
0.054074
0.045000
0.044839
0.036970
0.024681
0.029000
0.043200
0.010667
0.052619
0.055435
0.060000
0.053500
0.024000
-0.030000
-0.032727
-0.037333
-0.042000
-0.030909
-0.040000
-0.122000
-0.068000
-0.018571
-0.040000
-0.016364
-0.053000
-0.054074
-0.001667
0.005333
0.058372
0.044681
0.055211
0.049880
0.093333
0.063636
0.074545
0.057500
0.050000
0.040000
0.034545
0.058000
-0.050000
-0.066154
-0.055714
-0.070000
-0.018000
0.009333
0.036364
0.000000
0.077778
0.057073
0.084762
0.078333
-0.020000
-0.052000
-0.020000
-0.054286
0.037500
-0.025217
-0.036250
-0.032000
-0.049091
-0.082000
0.004615
-0.014667
-0.070000
-0.038000
-0.080000
-0.120000
0.066410
0.052927
0.042059
0.046944
0.072000
0.089091
0.032727
0.046000
0.063636
0.045455
0.122000
0.032000
-0.050526
-0.051667
0.000000
-0.012727
0.040000
-0.008000
-0.003333
0.034545
0.039231
0.033171
0.036615
0.057183
0.076000
0.156667
0.095000
0.086154
0.011765
0.059200
0.041053
0.026667
-0.022000
0.010000
-0.018182
-0.022000
0.020000
0.026000
-0.001818
0.023077
0.024198
0.037975
0.020000
0.027532
0.058667
0.063333
0.052727
0.048333
0.056364
0.066154
0.036000
0.105000
-0.032000
0.016000
-0.045455
-0.010909
0.034545
0.024000
0.007273
0.047692
0.008000
-0.060000
-0.020000
-0.007692
-0.042222
-0.067273
-0.054545
-0.040909
-0.028000
-0.009231
-0.035714
-0.032727
-0.004000
-0.002000
0.022000
-0.007273
0.128000
0.060000
0.010769
0.058571
0.001667
0.047692
0.044615
0.027000
-0.040000
-0.044000
-0.092000
-0.044000
0.035000
0.064286
0.035000
0.038000
-0.073333
0.015000
-0.021667
-0.032000
0.027273
-0.004000
-0.030000
-0.012000
-0.056000
-0.038182
-0.062000
-0.012308
-0.048750
-0.040000
-0.066154
-0.052000
0.028462
-0.008000
0.007059
0.043478
-0.001818
0.038000
0.004000
0.095385
0.002000
-0.006000
-0.056364
-0.032727
0.054000
0.049231
-0.040000
0.040000
0.064000
0.015385
0.034000
0.026154
-0.026000
0.047273
0.042000
0.048000
0.002857
0.013750
0.060000
0.011429
0.016000
0.032727
0.032000
0.060000
0.028000
-0.034000
0.030000
0.038000
-0.032727
0.026667
0.058333
0.024000
0.006429
0.011667
0.055294
0.042000
-0.040000
0.074000
0.058000
0.044615
-0.122475
-0.121647
-0.127152
-0.122554
-0.120209
-0.121516
-0.122857
-0.119603
-0.170533
-0.170726
-0.166169
-0.161474
-0.183900
-0.188706
-0.178116
-0.183697
-0.182496
-0.180408
-0.173734
-0.176370
-0.267157
-0.258197
-0.261872
-0.258988
0.055675
0.049449
0.044172
0.057008
0.100675
0.097459
0.096564
0.099944
0.049017
0.042026
0.045025
0.045778
0.093746
0.087867
0.089983
0.095571
-0.041521
-0.039716
-0.048942
-0.040883
-0.067581
-0.071538
-0.071342
-0.071306
0.017473
0.012472
0.019348
0.012500
-0.040580
-0.057538
-0.034118
-0.072754
-0.074706
-0.052121
-0.038841
-0.050725
0.012077
0.016501
0.010585
0.011862
-0.047429
-0.046667
-0.032055
-0.047692
-0.051212
-0.055692
-0.040615
-0.057231
-0.024589
-0.029579
-0.022971
-0.022349
-0.010588
-0.001231
0.009552
-0.006154
-0.005000
-0.006471
0.002121
-0.006970
-0.039545
-0.052727
-0.053208
-0.056735
0.014545
-0.024286
0.008333
-0.009091
0.041818
0.012308
0.068000
0.044000
0.022000
0.031429
-0.024000
0.032308
0.040000
-0.004211
0.026667
0.018182
-0.003043
-0.016400
0.005660
-0.011200
-0.098182
-0.063636
-0.118333
-0.101538
-0.082000
-0.051429
-0.082000
-0.121818
0.058000
0.053333
-0.013333
-0.028000
0.012000
0.047692
0.030000
0.060000
-0.063673
-0.042174
-0.035686
-0.030164
0.028000
0.035714
0.046000
0.016364
0.064000
0.038824
0.052941
0.048000
0.000000
0.041818
0.006667
0.076667
-0.012000
0.055385
0.042000
0.088000
-0.014545
-0.042609
-0.026316
0.000851
-0.040000
-0.074000
-0.072000
-0.008000
-0.043636
-0.149091
-0.065455
-0.085455
0.045455
0.071579
0.008000
0.004000
0.030909
-0.016923
0.010000
-0.028333
-0.053778
-0.054468
-0.044000
-0.062642
0.004000
-0.076667
-0.060000
-0.070769
-0.041818
-0.026667
-0.041111
-0.034000
0.068000
0.040000
0.058000
0.028000
-0.067273
-0.012727
-0.021818
-0.060000
-0.066087
-0.044889
-0.053962
-0.053333
0.012000
-0.070588
-0.065714
-0.085000
-0.067273
-0.026154
-0.048000
-0.089091
0.040000
0.100000
0.014000
0.038182
-0.021818
-0.012000
0.010000
0.013846
-0.018182
-0.001538
-0.020000
-0.022857
-0.018000
0.083636
0.064000
-0.006000
0.046000
-0.009231
0.106000
0.016667
0.047368
0.002000
0.060000
0.010000
-0.048000
-0.046154
-0.030769
-0.028333
-0.018182
-0.044000
-0.094000
-0.087273
0.045000
0.124000
-0.005455
0.011000
0.078000
0.055385
-0.008000
0.048000
-0.010000
0.080000
0.086000
0.062000
0.012500
0.008571
-0.006154
0.016842
0.070000
0.030769
-0.043333
0.015714
-0.038000
0.044000
0.050000
-0.014545
-0.043636
-0.036364
-0.050000
-0.003636
-0.105455
-0.031667
-0.040000
-0.047273
0.033333
-0.002000
-0.025000
0.030526
0.026000
0.005000
0.028000
-0.023333
0.018000
-0.003077
0.028000
-0.006667
0.023529
0.020000
0.056000
0.021250
0.040000
0.004000
-0.004000
-0.005000
0.032000
0.046667
-0.028333
-0.030000
-0.005333
-0.020000
-0.004615
-0.006316
-0.016000
0.003333
-0.036000
-0.060000
-0.014000
0.058000
0.007273
0.055385
0.000000
-0.051667
-0.007692
-0.018333
-0.187368
-0.201212
-0.175517
-0.187179
-0.059000
-0.043636
-0.012414
-0.048421
-0.187826
-0.176842
-0.170714
-0.162593
-0.055122
-0.038750
-0.035273
-0.026190
0.073659
0.088824
0.101429
0.085085
0.081500
0.091176
0.117308
0.076216
-0.045897
-0.034133
-0.031316
-0.033793
0.020270
0.057531
0.060789
0.047816
0.012000
0.017941
0.016901
0.020000
-0.165200
-0.197576
-0.173529
-0.163793
0.016800
0.045588
0.014493
0.013250
-0.001569
0.000588
-0.013889
-0.008519
-0.045588
-0.045542
-0.056104
-0.026757
0.045000
0.030541
0.026575
0.043188
-0.173061
-0.189268
-0.136207
-0.159273
0.012683
0.027353
-0.005882
0.018313
0.017895
0.030294
0.001194
0.015128
0.011429
0.018235
-0.020000
0.002857
0.017465
0.003243
0.013867
0.015362
-0.004789
0.010769
0.009863
0.015135
0.081961
0.050909
0.055862
0.029474
0.017831
0.013973
0.007500
-0.011566
0.090980
0.021714
0.058333
0.066275
-0.005750
-0.006032
-0.007353
-0.005789
-0.004545
0.007657
0.004571
0.016343
-0.021943
-0.020575
-0.025632
-0.022743
-0.035260
-0.009655
-0.012500
-0.026591
-0.069811
-0.074286
-0.069615
-0.069200
0.038053
0.045849
0.041441
0.048456
-0.140367
-0.120784
-0.156637
-0.161386
-0.066256
-0.056635
-0.056036
-0.057097
0.042188
0.037833
0.028939
0.028427
-0.050466
-0.061508
-0.057627
-0.049617
0.085376
0.083881
0.072069
0.065922
0.088889
0.084000
0.095000
0.089286
0.092500
0.100000
0.106897
0.097000
-0.064211
-0.107333
-0.074286
-0.056923
0.016000
-0.018462
-0.006250
0.033125
-0.020851
-0.021281
-0.020000
-0.004607
0.107778
0.083636
0.130909
0.126286
0.030000
0.059200
0.058000
0.072308
-0.028235
-0.106000
-0.112258
-0.064615
-0.039000
0.004000
0.030400
-0.041250
-0.020518
-0.017921
-0.014615
-0.018933
-0.033600
-0.062000
-0.057500
-0.061538
0.001905
0.024000
-0.022424
-0.006154
-0.084242
-0.018182
-0.077647
-0.059310
0.030526
-0.004000
-0.029412
-0.015000
-0.058155
-0.072806
-0.052033
-0.047374
-0.065243
-0.063707
-0.052056
-0.070564
0.025209
0.038760
0.020352
0.041494
-0.030698
-0.022077
-0.014891
-0.020723
-0.045789
-0.040670
-0.040343
-0.046173
-0.021969
-0.024409
-0.029184
-0.025842
0.009133
0.010769
0.014078
0.014217
0.038298
0.033413
0.017209
0.024099
0.070498
0.064553
0.073900
0.076891
0.032240
0.028152
0.029574
0.030769
0.018854
0.022171
0.030140
0.015568
-0.010469
-0.030650
-0.028000
-0.029589
0.071429
0.068462
0.063571
0.047143
0.018400
0.024000
0.041481
0.036667
-0.052727
-0.023750
-0.021000
0.021250
-0.006429
-0.005000
-0.027692
-0.042963
-0.007778
-0.001250
-0.040000
-0.020870
0.023846
0.045833
0.036667
-0.006400
0.025806
0.037241
0.025294
-0.018519
-0.013750
0.010667
-0.013333
-0.002105
0.017600
0.041905
0.074286
0.028696
0.048750
0.017778
0.039310
0.085556
0.048889
0.045714
-0.014118
-0.009412
0.004828
-0.017037
-0.001935
0.016296
-0.022400
0.048800
0.003846
-0.037931
0.006154
0.028571
0.077037
0.021538
0.100000
0.012000
0.050909
-0.011667
-0.002857
-0.024848
-0.002308
0.000741
-0.008800
0.026154
0.004000
0.005217
0.005385
0.043200
0.000000
0.023704
0.049286
0.043636
-0.001714
0.056154
-0.002000
-0.041818
0.054545
0.053333
0.035484
-0.005455
0.020000
0.012500
0.025333
-0.009333
0.019231
0.016842
0.020000
0.031429
-0.011250
-0.014118
0.025926
0.034615
0.016000
0.021538
0.000000
0.030769
0.017000
-0.001250
0.036296
0.034815
0.030323
-0.007200
-0.027778
-0.011852
-0.014545
-0.022500
-0.012000
-0.021111
0.016000
-0.016000
-0.040690
0.017333
-0.016154
-0.012857
-0.036000
-0.034000
-0.038000
0.052000
-0.056000
-0.010000
-0.034000
-0.054000
-0.044000
0.036000
0.032000
-0.010000
-0.045000
0.018000
-0.046000
-0.076000
0.012000
-0.035789
-0.025000
-0.009167
-0.038000
0.006000
-0.036000
-0.004000
0.006000
-0.054000
-0.038000
-0.032000
-0.008000
0.018000
-0.008000
-0.044000
-0.016000
-0.002000
0.006000
-0.044000
-0.020000
-0.020833
-0.051538
-0.042308
0.012000
0.024000
-0.026000
-0.054000
0.052000
0.080000
0.034000
0.022000
-0.002000
0.014000
-0.008000
-0.030909
-0.060000
-0.054000
-0.030000
0.046000
-0.032174
-0.017391
0.017895
0.008000
0.020000
-0.094000
-0.008000
-0.072000
-0.012000
0.004000
0.026000
-0.028000
-0.030000
-0.096000
-0.010000
-0.018000
0.022000
0.076000
0.036000
0.080000
0.068000
0.020000
-0.011250
0.011250
-0.046286
0.015714
0.002857
-0.025806
-0.048000
0.009333
-0.058182
-0.008333
-0.009630
-0.033846
-0.013333
0.013913
-0.032500
-0.071304
-0.092222
-0.073913
0.032000
-0.002000
0.008000
-0.042000
0.008000
0.025000
0.016000
-0.036000
0.014000
0.002000
0.034000
-0.004000
0.040000
0.018000
-0.012000
0.014000
-0.032500
0.010714
-0.042759
-0.011852
-0.054000
-0.067273
-0.072000
-0.056000
-0.006000
0.060000
0.018000
-0.014000
0.022000
0.002000
0.038000
-0.004000
0.021818
0.016364
0.034000
0.016000
-0.059286
-0.079286
-0.037600
-0.093846
0.012727
0.006000
0.028000
0.016000
-0.028000
0.010000
0.092000
-0.008000
0.008000
0.008000
0.022000
-0.022000
0.036000
0.068000
0.042000
0.058000
0.018750
0.037000
0.029000
0.023636
0.056000
0.016000
-0.034000
0.010000
0.028000
0.016000
0.038000
0.056000
0.010000
0.000000
0.024000
0.020000
0.036000
0.020000
0.024000
-0.002000
-0.051034
-0.061379
-0.044242
-0.043871
-0.030000
0.000000
-0.038000
-0.001818
0.002857
-0.070588
-0.048000
-0.042500
0.004571
0.032857
0.026400
0.046667
0.003750
-0.009600
0.005926
-0.006957
-0.008000
0.006000
0.024000
0.008000
-0.028000
0.034000
-0.032000
0.014000
0.054000
0.012000
0.074000
0.008000
-0.026000
0.042000
-0.044000
-0.020000
0.025517
0.007333
0.023200
0.023846
0.082000
-0.016000
-0.002000
0.030000
-0.011667
-0.056000
-0.062000
-0.042000
-0.016000
0.006000
-0.018000
-0.006000
-0.068000
-0.014000
-0.046000
-0.016000
0.012000
0.000000
-0.011111
0.021290
-0.016000
0.014000
0.044000
-0.056000
0.016000
-0.054000
-0.006000
-0.026000
0.006000
-0.036000
0.018000
0.006000
0.018000
-0.026667
0.032000
0.026000
0.033043
-0.006957
0.000000
0.007407
-0.004000
0.030000
-0.022000
0.070000
0.006000
0.018000
-0.012000
0.068000
-0.036000
0.027273
-0.004000
-0.026000
-0.042000
0.000000
0.022000
0.018000
0.054218
0.048692
0.061270
0.069505
0.059336
0.047364
0.052883
0.047236
-0.037030
-0.039531
-0.025179
-0.044752
-0.017572
-0.000642
0.003226
-0.003190
-0.026526
-0.029942
-0.024881
-0.019759
-0.080709
-0.082480
-0.074211
-0.060814
0.023017
0.018519
0.009845
0.012780
0.035876
0.027416
0.042037
0.036416
0.032664
0.025726
0.023277
0.031004
-0.025632
-0.028261
-0.030208
-0.017229
-0.022258
-0.036782
-0.029770
-0.027665
0.017432
0.035510
0.025026
0.019412
-0.060000
-0.067500
-0.034000
-0.039130
-0.055714
-0.026154
-0.081905
-0.011667
-0.036000
-0.001333
-0.056571
-0.020000
0.006667
0.018667
0.004286
-0.031250
0.015862
0.014000
0.003077
0.006000
0.005217
-0.055833
-0.024545
-0.018333
-0.045000
-0.036667
0.029474
-0.017143
0.003333
-0.011765
-0.020769
-0.002222
-0.020000
-0.020000
-0.075833
-0.041600
-0.042963
-0.036154
-0.040000
-0.045714
0.002000
0.053143
0.052222
0.017692
0.018182
0.028333
0.018000
0.014286
0.018667
0.047500
0.009286
0.034444
-0.049333
-0.008182
-0.035238
-0.025455
0.000690
-0.003846
-0.007879
-0.021481
0.021250
0.005714
0.061333
0.011250
-0.004000
0.013333
-0.055455
-0.022500
-0.044000
-0.064706
-0.023704
-0.046667
-0.054667
-0.021333
-0.020000
0.028750
0.000667
0.008000
-0.047742
-0.012000
-0.016923
0.020769
-0.010000
-0.011429
-0.019259
0.003077
-0.022963
-0.025333
-0.017241
-0.032941
-0.057857
-0.002500
0.018182
-0.009231
-0.030000
0.015714
0.013333
0.024615
0.010286
-0.015294
-0.042667
0.016667
0.018667
-0.028571
0.050000
0.052727
0.025556
0.070769
-0.016800
-0.020690
-0.010000
0.002143
0.019200
0.009565
0.041600
0.031200
0.044000
0.010000
0.020000
0.002000
0.048000
0.004000
0.044000
0.074000
-0.012000
-0.044000
-0.032000
0.042000
-0.026000
-0.042000
-0.010000
0.000000
0.050909
0.047200
0.015789
0.045600
0.010000
0.001667
0.028000
0.064000
0.034000
0.012000
0.028000
0.052000
-0.054000
0.010000
-0.030000
-0.032000
-0.018000
-0.040000
-0.024000
-0.012000
0.055333
0.047857
0.066400
0.030400
-0.076000
0.004000
-0.026000
-0.040000
-0.032000
-0.034000
-0.104000
-0.074000
-0.048000
0.034000
0.006000
-0.032000
-0.054000
-0.026000
-0.016000
-0.024000
-0.017500
-0.035789
-0.039000
-0.008800
-0.036000
-0.044000
0.042000
0.030000
-0.016000
0.030000
0.068000
-0.056000
0.000000
-0.052000
-0.014000
-0.026000
-0.032000
0.000000
-0.068000
-0.048000
-0.014815
-0.013103
-0.048387
-0.039355
0.000000
-0.058000
-0.062000
-0.034000
0.025714
0.001538
-0.022222
-0.004667
-0.009333
-0.036842
0.056000
-0.004000
0.005000
-0.017500
0.052381
-0.002308
0.008000
0.000000
0.002000
0.048000
-0.090000
0.026000
-0.014000
0.000000
-0.012000
-0.026000
-0.026000
-0.034000
0.008000
-0.022000
-0.034000
-0.016000
0.008148
0.011034
-0.033846
0.010833
-0.012000
0.066000
0.036000
0.042000
0.024000
0.002000
-0.034000
-0.022000
-0.016000
-0.018000
-0.010000
-0.014000
0.022000
0.000000
-0.032000
-0.036000
0.031538
0.007692
0.001600
0.034286
0.018000
-0.026000
-0.006000
0.025455
0.032000
-0.054000
0.010000
0.012000
0.026000
-0.034000
0.050000
-0.010000
-0.036000
-0.080000
-0.030000
-0.064000
0.039200
0.026400
-0.017143
0.020000
-0.018000
0.018000
0.038000
-0.010000
-0.024000
0.018000
0.070000
0.050000
0.052000
0.105455
0.088000
0.050000
0.000000
0.006000
-0.022000
0.006000
0.034286
0.030588
0.042857
0.025333
-0.004000
0.000741
0.000000
-0.012667
0.010833
0.042069
0.046207
0.075385
0.002000
-0.026000
-0.026000
0.003636
0.026316
0.039200
0.013636
0.032500
0.040000
0.044000
0.024000
-0.008000
0.036000
0.010000
-0.052000
-0.058000
0.020000
-0.026000
0.046000
0.026000
-0.056000
-0.022000
-0.006000
-0.018000
-0.023077
-0.018519
0.008889
-0.022143
-0.078000
0.014000
-0.078000
-0.060000
0.014000
0.040000
0.022000
-0.026154
0.030000
-0.032000
0.024000
-0.004000
0.008000
-0.030000
0.010000
-0.090000
0.049333
0.040000
0.040000
0.040000
-0.114000
-0.020000
0.026000
-0.016000
-0.002000
0.020000
0.000000
0.012000
0.026000
0.066000
-0.002000
-0.036000
-0.008000
0.038000
0.044000
-0.028000
-0.011852
-0.040714
0.005385
-0.045833
-0.040000
-0.032000
0.010000
0.028000
-0.036000
-0.002000
-0.038000
-0.024000
-0.024000
-0.014000
0.082000
0.000000
0.030000
0.070000
0.014000
0.022000
-0.033089
-0.030927
-0.024037
-0.030053
0.070570
0.078071
0.070405
0.060546
0.063420
0.061458
0.056140
0.058122
0.023568
0.008966
0.035632
0.027586
-0.083333
-0.068966
-0.072308
-0.101667
-0.117419
-0.112727
-0.134737
-0.135200
0.081176
0.069091
0.073125
0.087333
-0.010435
-0.010000
-0.001481
-0.027778
-0.064082
-0.070050
-0.057572
-0.060818
-0.090000
-0.098182
-0.081818
-0.113000
-0.085556
-0.040000
-0.080667
-0.096000
0.061818
0.011429
0.056667
0.094444
-0.010000
0.011667
-0.022667
-0.000741
0.017754
0.034774
0.032155
0.019890
0.094706
0.012000
0.051875
0.017931
0.037143
-0.005217
0.023333
-0.010000
0.032174
0.022000
0.061290
0.055000
0.055714
0.036000
0.027742
0.024000
-0.031132
-0.040200
-0.059048
-0.051373
0.066972
0.066408
0.075842
0.072277
0.170545
0.147525
0.148411
0.138356
0.021040
0.017303
0.011508
0.040571
-0.007209
-0.001486
-0.004246
-0.005943
0.040925
0.036571
0.020674
0.015568
0.105660
0.101237
0.104383
0.112989
0.095969
0.100392
0.097469
0.095016
-0.076013
-0.069548
-0.072353
-0.070903
-0.122475
-0.121647
-0.127152
-0.122554
-0.120209
-0.121516
-0.122857
-0.119603
-0.170533
-0.170726
-0.166169
-0.161474
-0.183900
-0.188706
-0.178116
-0.183697
-0.182496
-0.180408
-0.173734
-0.176370
-0.267157
-0.258197
-0.261872
-0.258988
-0.045897
-0.034133
-0.031316
-0.033793
0.020270
0.057531
0.060789
0.047816
0.063265
0.040976
0.070545
0.069180
0.012000
0.017941
0.016901
0.020000
0.046122
0.068571
0.052075
0.033000
0.016800
0.045588
0.014493
0.013250
-0.045588
-0.045542
-0.056104
-0.026757
0.045000
0.030541
0.026575
0.043188
0.070417
0.068085
0.030508
0.043284
0.012683
0.027353
-0.005882
0.018313
0.091765
0.053500
0.053333
0.057705
0.017895
0.030294
0.001194
0.015128
0.017465
0.003243
0.013867
0.015362
-0.004789
0.010769
0.009863
0.015135
0.054074
0.045000
0.044839
0.036970
0.017831
0.013973
0.007500
-0.011566
0.024681
0.029000
0.043200
0.010667
-0.005750
-0.006032
-0.007353
-0.005789
0.041176
0.040896
0.050588
0.034643
0.006567
0.021351
0.011875
0.015333
0.002740
0.066441
0.037187
0.027857
-0.011077
0.011273
-0.027119
0.020000
-0.011562
-0.032500
-0.009508
-0.011786
0.011515
0.002333
-0.001587
0.002414
0.009254
-0.001429
0.000923
-0.002609
0.012000
0.020000
0.036364
-0.028000
0.016000
-0.016000
0.032000
0.026667
0.022000
0.021538
0.034000
0.050000
-0.042222
-0.011818
-0.026000
0.041818
-0.027429
-0.007042
-0.006875
-0.030588
-0.030000
-0.052000
0.038000
-0.034000
0.042000
-0.018462
0.014545
-0.016000
-0.014444
-0.015238
-0.013846
-0.016000
-0.028000
-0.020000
-0.072727
0.010000
-0.058000
0.001818
-0.016000
0.016364
-0.018333
-0.018182
0.023636
0.032000
-0.036364
0.067692
0.014286
-0.016364
0.040000
0.108000
0.052727
0.026154
-0.010000
-0.048000
0.004000
-0.003636
0.016000
0.012000
0.000000
0.028333
0.030000
-0.012000
0.026000
0.018000
0.020000
-0.044000
0.014000
-0.006000
-0.008000
-0.089091
-0.010000
-0.074545
-0.028333
0.038000
0.029091
-0.024000
-0.012727
-0.089091
-0.021538
-0.053846
0.001600
0.010000
-0.012727
-0.028571
-0.008000
0.048000
-0.029091
0.021667
-0.018182
-0.004000
0.026000
-0.002000
0.036000
0.025455
-0.006000
0.022000
-0.062000
0.003636
-0.050000
-0.002000
-0.006761
-0.009552
0.012258
-0.010175
0.014000
0.030000
0.006250
-0.013333
-0.011250
0.030526
-0.002500
0.056000
0.018000
0.030000
-0.012000
0.026000
-0.054000
-0.014000
0.020000
0.046000
0.001587
-0.019118
-0.022069
-0.032281
-0.030000
-0.030000
-0.004000
-0.011667
-0.034000
0.002000
-0.032727
-0.046000
0.002353
-0.026000
0.072000
0.029091
0.014000
0.028235
0.009091
-0.028000
-0.073333
-0.036000
-0.020000
-0.076000
0.008000
0.001818
-0.004000
0.005000
0.020000
0.036364
-0.028000
0.012000
0.027273
0.004000
0.020000
0.026000
0.020000
-0.025000
-0.030000
-0.016000
0.026000
0.012727
0.012727
-0.010000
0.012727
0.020000
-0.069091
0.016667
0.032000
0.026000
-0.009231
0.035385
0.005455
-0.005000
0.029091
-0.040000
-0.004000
0.030909
-0.010000
-0.052000
-0.018261
-0.014000
-0.021250
0.024286
-0.041818
0.068000
0.007273
-0.040000
0.020000
0.046000
-0.003636
-0.032308
0.041818
-0.032000
-0.050000
-0.018000
0.014000
0.030000
0.040000
0.028000
-0.058000
-0.040000
-0.048000
-0.082000
-0.016857
-0.030909
-0.016610
-0.019655
-0.066000
-0.014286
-0.038750
-0.009091
0.012500
-0.016842
-0.024000
0.021429
-0.012000
0.014000
-0.042000
-0.041818
-0.002000
-0.062000
0.003636
-0.050000
-0.015714
0.008889
-0.011746
-0.013684
-0.012500
0.028421
-0.002000
-0.082000
-0.020000
-0.049231
-0.102000
0.006000
0.058000
0.054545
-0.028000
-0.045455
-0.082000
-0.058000
-0.040000
-0.048000
-0.001818
0.014545
-0.084000
0.054000
-0.016000
-0.003636
-0.004000
-0.003333
-0.052000
0.038000
-0.034000
-0.030000
0.006000
-0.030000
-0.022000
-0.044000
-0.001818
0.002000
0.040000
0.022000
-0.032000
0.046667
0.032000
0.012000
-0.011667
0.064000
-0.033333
-0.093333
-0.020000
-0.028000
-0.098000
-0.001818
0.010000
0.014000
-0.007273
-0.036667
-0.025455
-0.032000
0.010000
-0.058000
0.004000
0.008000
0.016000
0.072000
0.002000
-0.032727
-0.046000
-0.034000
-0.001667
0.018000
-0.036364
-0.008333
-0.048000
-0.023636
0.038000
-0.022000
-0.013333
-0.052000
-0.047059
-0.025882
0.023636
-0.008000
-0.050000
-0.040000
0.055675
0.049449
0.044172
0.057008
0.049017
0.042026
0.045025
0.045778
-0.041521
-0.039716
-0.048942
-0.040883
0.023483
0.020862
0.023483
0.020862
0.017473
0.012472
0.019348
0.012500
0.065538
0.032063
0.041176
0.049589
-0.046667
-0.056308
-0.055059
-0.060294
-0.040580
-0.057538
-0.034118
-0.072754
-0.023896
-0.037742
-0.049412
-0.045287
-0.074706
-0.052121
-0.038841
-0.050725
-0.035844
-0.040000
-0.019403
-0.025176
0.027164
0.025517
0.027164
0.025517
0.012077
0.016501
0.010585
0.011862
0.019429
0.034783
0.016941
0.050455
-0.063611
-0.056615
-0.069286
-0.047945
-0.047429
-0.046667
-0.032055
-0.047692
-0.038947
-0.032571
-0.016977
-0.021818
-0.051212
-0.055692
-0.040615
-0.057231
-0.019012
-0.026129
-0.016667
-0.026437
0.007554
-0.001686
0.007554
-0.001686
-0.024589
-0.029579
-0.022971
-0.022349
-0.010278
-0.008308
-0.009398
-0.013187
-0.033235
-0.019091
-0.027294
-0.024225
-0.010588
-0.001231
0.009552
-0.006154
-0.006829
-0.012258
-0.014419
0.010112
-0.005000
-0.006471
0.002121
-0.006970
0.003590
0.010313
-0.009254
0.005349
-0.018769
-0.040000
-0.012982
-0.010476
0.011515
0.022941
0.014915
0.016066
-0.000317
-0.048148
-0.029492
-0.025517
0.003492
0.023774
0.025185
0.024068
0.011077
0.015385
0.021786
-0.008772
0.019365
-0.004074
-0.005172
0.017586
0.007302
-0.011935
0.021053
-0.001887
-0.002000
0.022000
0.010909
-0.006000
-0.050909
-0.018000
-0.014000
0.048000
0.008000
0.020000
0.016000
0.000000
-0.002000
0.053000
0.015385
0.030769
0.035238
0.035873
-0.003929
0.011154
0.042000
-0.020000
0.130000
0.032000
0.026000
0.028000
0.026000
0.058000
0.001818
-0.007778
-0.055385
-0.052727
-0.062000
-0.028000
0.030000
-0.008000
0.060000
0.056000
0.060000
0.056000
0.058000
-0.002000
-0.078000
0.020000
0.016000
-0.022000
-0.031667
0.010000
-0.016000
-0.018000
-0.005455
-0.086000
0.040000
0.063077
0.055455
0.036000
0.006000
0.052000
0.000000
-0.004000
-0.065455
0.000000
-0.026000
-0.008000
-0.006154
-0.006000
0.001818
0.018571
0.110000
0.028000
0.110000
0.028000
0.034000
-0.026000
0.036000
0.038000
0.074000
0.036000
0.001667
0.014000
0.034000
0.002000
0.007273
-0.014000
0.034000
0.010000
0.066000
0.026000
-0.012000
0.016667
0.028182
-0.001176
0.016667
0.025455
0.045455
0.008571
0.029091
-0.002000
-0.038000
0.020000
0.000294
0.005902
0.016207
-0.001194
0.048000
0.010000
-0.025000
0.004000
-0.003333
0.022857
-0.020000
-0.043333
-0.032000
-0.032000
-0.026000
-0.036000
-0.004000
0.006000
-0.002000
-0.008000
0.022090
0.015077
0.025455
0.022545
0.056000
0.000000
-0.042000
0.032000
0.010000
0.050000
0.038000
0.020000
-0.029091
-0.001053
0.026154
-0.050000
0.088000
0.051667
0.028000
-0.038000
0.060000
0.064286
0.047826
0.024444
0.034000
0.016000
0.000000
0.046000
0.003636
0.004000
0.000000
-0.020000
-0.018000
-0.004286
0.053846
-0.037333
0.010000
0.048000
0.010000
0.048000
-0.008000
0.024000
-0.048000
0.040000
-0.018000
-0.028000
0.021818
-0.052000
0.018000
0.000000
-0.054000
-0.026000
0.036000
0.038000
0.034000
-0.026000
0.052727
0.034000
0.052727
0.034000
0.004000
0.018000
0.002000
-0.042000
0.046000
0.048000
-0.005455
0.012000
0.012000
0.030000
0.032000
-0.004000
-0.002857
0.021176
0.004348
0.002667
0.067273
0.040000
0.001538
0.023333
0.040000
0.022000
0.012000
0.016000
0.035362
0.002121
0.025614
0.036111
-0.010000
-0.012727
0.041818
0.072000
0.008000
-0.033684
-0.023529
-0.030000
0.032000
-0.022000
-0.018000
-0.024000
-0.046000
-0.034000
-0.062000
0.004000
0.009687
0.002857
-0.023929
0.001154
0.000000
-0.042000
0.043333
0.008000
0.002000
-0.021818
-0.028000
0.006000
0.020000
0.064000
0.014545
0.014000
-0.006000
-0.006000
0.044000
0.022000
0.016250
0.042500
0.037273
0.055789
0.036000
-0.004000
0.034000
-0.012000
0.014545
0.052000
0.030000
-0.045455
-0.066154
-0.062857
-0.020000
-0.058750
-0.048000
0.040000
-0.008000
0.024000
0.008000
-0.004000
0.008000
-0.004000
-0.078000
0.050000
0.000000
0.086000
-0.034000
-0.012000
0.076364
0.072000
0.024000
0.004000
0.002000
-0.008000
0.012000
0.028571
0.052381
0.008235
-0.036667
-0.034000
-0.025000
-0.045714
-0.006000
-0.016000
-0.025455
-0.018000
-0.078000
0.020000
0.058000
-0.002000
0.038000
-0.038000
0.038000
-0.038000
-0.040000
0.066000
0.048000
0.002000
0.002000
0.070000
0.025000
0.016000
-0.069811
-0.074286
-0.069615
-0.069200
0.038053
0.045849
0.041441
0.048456
-0.140367
-0.120784
-0.156637
-0.161386
-0.030698
-0.022077
-0.014891
-0.020723
-0.045789
-0.040670
-0.040343
-0.046173
0.009133
0.010769
0.014078
0.014217
0.038298
0.033413
0.017209
0.024099
0.032240
0.028152
0.029574
0.030769
0.018854
0.022171
0.030140
0.015568
-0.024800
-0.026061
-0.025926
-0.041600
-0.048800
-0.022000
-0.028966
-0.010000
0.040000
-0.052308
-0.040000
-0.030000
-0.024000
-0.042667
-0.030588
0.016000
-0.050000
0.001333
-0.018667
-0.005882
0.004516
-0.005600
-0.020000
-0.008462
0.000000
-0.021333
-0.030667
-0.011250
0.001333
-0.038462
0.060000
-0.001429
-0.002143
0.040000
0.039130
0.013548
-0.011250
-0.036000
0.029333
-0.020000
-0.025926
-0.041600
-0.024800
-0.026061
-0.021538
-0.021481
0.001818
-0.009714
-0.042000
0.016800
-0.033750
-0.053548
0.016000
-0.024000
-0.042667
-0.030588
-0.028000
-0.015385
0.015000
-0.040000
-0.020000
-0.011250
-0.036000
0.029333
-0.006154
-0.028750
-0.061429
-0.046207
-0.015556
-0.011515
0.003333
0.032000
-0.028000
0.025333
0.032000
-0.001818
-0.020000
-0.010667
0.010588
0.033333
-0.008462
-0.034706
-0.046667
-0.022353
-0.061429
-0.046207
-0.006154
-0.028750
-0.028966
-0.010000
-0.048800
-0.022000
-0.040000
-0.046667
-0.022667
-0.015714
0.039130
0.013548
-0.002143
0.040000
-0.030833
-0.019375
0.000800
-0.017500
0.001333
-0.018667
-0.005882
-0.050000
0.000000
-0.032727
-0.054000
0.009091
0.021379
0.015200
-0.009032
0.008462
0.033333
-0.020000
-0.010667
0.010588
0.000000
0.015385
0.005714
0.006667
-0.015714
-0.040000
-0.046667
-0.022667
-0.021333
-0.030667
-0.011250
0.000000
0.003333
0.032000
-0.015556
-0.011515
-0.006923
-0.005000
0.023125
0.012941
0.000800
-0.017500
-0.030833
-0.019375
-0.017572
-0.000642
0.003226
-0.003190
-0.026526
-0.029942
-0.024881
-0.019759
0.023017
0.018519
0.009845
0.012780
0.035876
0.027416
0.042037
0.036416
-0.025632
-0.028261
-0.030208
-0.017229
-0.022258
-0.036782
-0.029770
-0.027665
0.041333
0.015000
0.030000
-0.002667
0.020645
0.027200
0.015484
0.022308
0.017333
-0.016250
-0.022857
0.022667
0.081333
0.046154
-0.014286
0.015385
0.045185
0.027742
0.028571
0.008000
0.000800
0.033103
-0.014000
0.000000
0.002000
0.020000
-0.022222
0.028333
0.009333
-0.004286
-0.041333
0.045333
0.028571
0.008000
0.045185
0.027742
0.032500
0.055714
0.013571
0.038667
0.031429
0.039200
0.011538
0.040645
0.043750
0.011429
0.022667
0.062667
0.011538
0.040645
0.031429
0.039200
0.016296
0.004118
0.042857
0.036800
0.015000
0.030000
-0.002667
0.041333
0.006000
0.014000
0.032727
0.003636
-0.004286
0.015000
0.030000
-0.004000
0.008889
-0.040000
0.003226
-0.013846
0.004000
0.005000
-0.001429
-0.008000
0.004000
-0.021538
-0.009333
0.023077
-0.016250
-0.022857
0.022667
0.017333
-0.003125
-0.002759
0.009231
-0.039355
0.042857
0.036800
0.016296
0.004118
-0.016522
0.048148
-0.012258
-0.031250
0.008966
-0.016800
-0.008125
-0.019355
0.045333
0.009333
-0.004286
-0.041333
0.007143
-0.009231
0.010000
0.002857
0.062667
0.043750
0.011429
0.022667
0.009231
-0.039355
-0.003125
-0.002759
-0.018571
-0.001765
0.024800
0.027586
0.015000
0.030000
-0.004000
-0.004286
-0.020000
-0.008000
0.045455
-0.013333
-0.059130
-0.001818
0.000000
-0.013125
0.024800
0.027586
-0.018571
-0.001765
0.005000
-0.001429
-0.008000
0.004000
-0.014000
0.000000
0.000800
0.033103
-0.031132
-0.040200
-0.059048
-0.051373
0.066972
0.066408
0.075842
0.072277
0.170545
0.147525
0.148411
0.138356
0.105660
0.101237
0.104383
0.112989
0.095969
0.100392
0.097469
0.095016
-0.076013
-0.069548
-0.072353
-0.070903
-0.008611
0.010313
-0.024658
-0.012308
0.006389
-0.004242
-0.004638
0.015758
-0.024658
-0.012308
-0.008611
0.010313
-0.005070
-0.010462
0.014493
0.030909
-0.004638
0.015758
0.006389
-0.004242
0.014493
0.030909
-0.005070
-0.010462
0.023483
0.020862
0.023483
0.020862
0.027164
0.025517
0.027164
0.025517
0.007554
-0.001686
0.007554
-0.001686
0.023750
0.048889
0.023750
0.048889
-0.002222
0.010462
-0.002222
0.010462
0.048889
0.023750
0.048889
0.023750
0.020615
0.020000
0.020615
0.020000
0.010462
-0.002222
0.010462
-0.002222
0.020000
0.020615
0.020000
0.020615
