0.030000
0.040000
0.000000
0.016000
-0.080000
-0.152000
-0.040000
0.056000
-0.056000
0.072000
-0.008000
0.000000
-0.015000
-0.040000
-0.020000
0.043333
0.008000
-0.144000
0.032000
0.016000
0.016000
0.064000
0.104000
0.016000
0.024000
-0.056000
0.184000
-0.064000
-0.064000
0.072000
-0.104000
-0.016000
0.040000
0.016000
0.040000
-0.056000
-0.128000
0.064000
0.024000
0.048000
-0.048000
0.008000
0.088000
0.008000
-0.040000
0.064000
0.000000
0.032000
-0.055000
0.050000
-0.080000
0.044000
0.016000
-0.062857
-0.024000
-0.032000
-0.032000
0.102857
0.008000
-0.024000
