-0.036667
0.045000
0.068571
0.072000
0.072000
0.016000
0.008000
0.024000
0.040000
0.112000
-0.008000
-0.120000
0.055000
0.010000
-0.024000
0.046667
-0.088000
0.040000
-0.008000
-0.104000
-0.008000
0.024000
-0.008000
0.016000
0.032000
-0.072000
0.016000
-0.088000
0.016000
0.064000
0.024000
0.120000
0.088000
0.104000
-0.008000
-0.008000
-0.048000
0.016000
0.040000
-0.048000
0.080000
0.088000
-0.072000
0.016000
0.000000
-0.048000
0.144000
0.096000
0.070000
-0.035000
0.137143
-0.088000
-0.088000
-0.148571
-0.096000
0.040000
-0.040000
0.022857
0.040000
0.128000
