0.036667
-0.015000
0.057143
-0.076000
0.048000
0.016000
-0.040000
0.048000
-0.088000
0.088000
-0.008000
-0.144000
-0.040000
0.020000
0.076000
0.060000
0.008000
0.064000
0.016000
0.096000
0.088000
-0.136000
-0.016000
0.056000
-0.072000
0.016000
0.016000
-0.104000
0.224000
0.104000
0.000000
0.048000
0.032000
0.016000
-0.128000
-0.048000
-0.096000
0.064000
-0.072000
-0.192000
-0.056000
0.048000
0.056000
-0.064000
0.064000
0.032000
-0.056000
-0.032000
0.050000
0.045000
-0.108571
0.016000
-0.032000
0.011429
0.008000
0.104000
0.040000
0.017143
0.000000
0.080000
