-0.113333
0.180000
0.165714
0.136000
-0.168000
-0.024000
0.064000
-0.048000
-0.232000
-0.032000
-0.280000
-0.104000
-0.045000
0.070000
0.036000
-0.040000
-0.120000
-0.168000
-0.032000
-0.120000
0.008000
-0.128000
-0.144000
-0.160000
-0.136000
-0.032000
-0.032000
-0.088000
0.032000
0.000000
0.032000
-0.064000
-0.016000
-0.056000
0.208000
-0.064000
0.104000
0.128000
0.008000
-0.088000
-0.064000
0.008000
0.048000
0.024000
0.016000
0.008000
0.016000
0.016000
0.130000
-0.140000
0.011429
0.048000
0.120000
0.068571
0.000000
0.000000
0.040000
0.040000
0.112000
0.192000
