0.050000
-0.025000
-0.045714
-0.036000
0.040000
-0.008000
-0.120000
-0.024000
0.088000
-0.024000
-0.048000
0.048000
-0.060000
-0.015000
0.008000
0.053333
-0.064000
-0.040000
-0.016000
0.064000
0.072000
-0.032000
0.168000
0.064000
-0.040000
-0.008000
0.000000
0.008000
0.000000
0.000000
0.000000
-0.008000
-0.024000
0.048000
-0.064000
0.000000
-0.120000
-0.032000
0.000000
-0.016000
-0.048000
0.056000
-0.048000
-0.056000
0.152000
0.080000
0.136000
-0.064000
0.100000
0.010000
-0.102857
-0.040000
-0.048000
0.005714
-0.016000
-0.016000
0.040000
-0.017143
-0.016000
0.104000
