-0.070000
0.105000
0.028571
-0.008000
0.040000
0.040000
0.008000
0.008000
-0.112000
0.024000
0.040000
0.064000
-0.125000
0.025000
-0.024000
-0.036667
0.016000
0.144000
-0.072000
-0.016000
0.056000
-0.016000
0.000000
-0.088000
-0.088000
-0.024000
-0.072000
-0.032000
-0.016000
-0.016000
-0.120000
-0.048000
0.104000
-0.008000
-0.048000
-0.112000
-0.016000
0.008000
0.008000
-0.056000
0.104000
0.016000
0.128000
-0.104000
0.056000
0.008000
0.008000
-0.024000
0.075000
-0.030000
0.108571
0.048000
0.016000
0.005714
0.048000
0.048000
-0.016000
0.000000
0.064000
0.000000
