0.000000
0.005000
-0.017143
0.032000
-0.016000
0.032000
-0.040000
-0.072000
0.008000
-0.096000
0.048000
-0.032000
0.000000
-0.110000
0.060000
-0.010000
0.016000
-0.008000
0.128000
0.040000
0.032000
-0.104000
0.024000
0.152000
0.088000
-0.040000
0.040000
-0.056000
0.048000
-0.016000
0.040000
-0.104000
-0.024000
0.048000
0.072000
0.000000
0.080000
-0.096000
-0.072000
-0.152000
-0.056000
0.008000
0.032000
0.112000
-0.168000
-0.104000
0.136000
0.096000
-0.025000
-0.085000
0.040000
-0.076000
0.008000
0.011429
-0.056000
-0.104000
0.000000
-0.040000
0.048000
-0.096000
