0.003333
0.040000
0.051429
-0.040000
-0.008000
0.024000
0.008000
-0.008000
-0.952000
-0.952000
-0.984000
-0.928000
-0.040000
0.070000
0.000000
0.013333
0.184000
0.104000
0.024000
0.048000
-0.928000
-0.984000
-0.960000
-0.944000
0.000000
-0.072000
-0.064000
-0.088000
0.072000
-0.048000
-0.248000
0.056000
-0.072000
0.064000
-0.080000
0.056000
0.016000
-0.048000
-0.040000
-0.040000
0.048000
0.008000
0.056000
-0.072000
0.048000
0.096000
0.080000
0.048000
-0.035000
-0.010000
0.040000
0.016000
0.008000
-0.034286
-0.088000
-0.016000
0.944000
0.931429
0.944000
0.936000
