0.0 -3.769701204951267
0.3093362496096232 -1.6412664740891112
0.6186724992192464 -0.3839021132715501
0.9280087488288695 -0.09121007425468652
1.2373449984384928 -0.010217567199877821
1.546681248048116 0.1256565477038398
1.856017497657739 -0.028689103055878948
2.1653537472673623 0.000843102028936578
2.4746899968769855 -0.03988099748969564
2.784026246486609 0.09495705118734873
3.093362496096232 0.027018771510548344
3.4026987457058553 0.07448744451370393
3.712034995315478 0.09455255250568331
4.021371244925102 0.07968841610752866
4.330707494534725 0.10558668157180781
4.640043744144348 0.05990742649432667
