-0.027905
0.017231
-0.006833
-0.007579
0.007048
-0.026095
0.018600
-0.033000
-0.007800
-0.014000
0.008000
0.017000
-0.003600
0.033800
-0.026800
-0.003600
0.020000
0.011600
-0.033692
-0.017538
0.064000
-0.002571
-0.006857
0.010667
0.004000
-0.014000
0.009200
0.000400
0.012800
0.014400
-0.007000
-0.004400
0.038000
0.000200
0.011000
0.010400
-0.005200
0.026800
-0.009600
-0.017000
0.001800
-0.004800
-0.009600
0.013200
0.003800
0.006400
0.012800
-0.006400
-0.020600
0.001000
-0.004200
0.001800
-0.005600
0.005600
0.000800
0.015400
-0.023000
-0.014600
-0.004600
0.011600
-0.001200
-0.015800
-0.001000
-0.007000
-0.010800
0.002200
0.008800
0.018400
0.029400
0.010600
-0.009800
-0.001400
-0.001846
-0.031385
0.005833
-0.001158
-0.002476
0.002476
-0.013400
-0.011467
0.006000
-0.019600
0.012000
0.000600
-0.015800
-0.016615
0.020200
-0.014600
0.019800
0.006000
