0.005143
-0.053231
-0.033500
-0.015579
-0.029429
-0.000476
-0.004400
-0.051000
-0.030000
-0.040000
-0.005400
-0.008400
-0.017800
-0.028400
-0.037000
-0.023200
0.005600
0.002800
-0.009538
-0.044462
0.019529
0.005524
-0.021714
0.006857
-0.061600
-0.046200
0.008800
-0.009200
0.013400
-0.025800
-0.043600
-0.008400
0.025200
-0.026600
-0.033000
-0.015200
0.023000
0.049800
0.007800
0.012600
0.016000
0.014400
0.006600
0.018200
0.016800
0.023000
-0.002000
-0.006800
0.003200
0.009800
0.005600
0.001200
-0.009200
-0.000600
0.003600
-0.019000
0.000200
-0.015600
-0.021000
-0.023200
-0.042400
-0.009600
-0.004800
-0.022200
-0.030600
0.003200
-0.031200
-0.018200
-0.038800
-0.008800
-0.015200
-0.009800
0.012615
-0.017385
0.013667
-0.010000
0.013619
0.019333
-0.006800
0.003200
-0.023400
-0.018000
0.000400
-0.012600
-0.010200
-0.032154
0.001800
-0.015000
-0.016200
-0.003200
