-0.020476
-0.011077
-0.005333
0.015053
0.011333
-0.026571
-0.010600
-0.023600
0.015400
0.012800
-0.008200
0.012600
-0.005400
0.029200
-0.013400
-0.015200
-0.004200
0.003800
0.000000
-0.043846
0.052118
0.005524
-0.014476
-0.014667
-0.021600
-0.011000
0.039000
0.000200
0.000800
0.014200
-0.016400
0.025600
0.047200
-0.015400
-0.002000
0.024400
-0.010600
0.005600
-0.007400
-0.018600
0.014200
0.009600
0.019200
0.002200
-0.003800
0.004400
-0.003000
0.002600
0.012800
0.003200
-0.002000
-0.001800
-0.024200
0.003400
0.009800
0.003600
-0.019200
0.009200
-0.006800
0.008000
-0.014600
-0.007800
0.007200
-0.019600
-0.013600
-0.005400
0.018600
0.028400
0.001600
0.003400
-0.001800
0.000000
0.002769
-0.006308
-0.003500
0.002000
-0.000095
0.008857
-0.001800
-0.005333
-0.000600
-0.007000
0.005400
-0.011600
-0.003400
0.000923
-0.017200
-0.017400
0.001000
0.011400
