-0.027714
0.007846
-0.006500
0.011895
-0.014476
-0.005429
-0.003400
-0.033200
-0.024200
0.007200
-0.017600
0.042600
0.004200
-0.061800
-0.007800
0.008000
0.002200
-0.000400
-0.039385
-0.048615
0.019765
-0.008476
-0.005905
0.006381
-0.018000
-0.022800
0.027200
-0.003400
0.005200
-0.004400
-0.027200
0.000200
0.014200
-0.016400
0.006000
0.002600
0.002400
-0.007200
-0.024200
0.002000
-0.002200
0.008800
0.009600
0.018800
0.005600
-0.006200
-0.009200
0.011600
-0.001800
-0.009600
0.009800
0.000600
0.012200
-0.015200
-0.022400
-0.008800
-0.011800
0.003400
0.012600
-0.025200
-0.017000
-0.009400
-0.014400
-0.003200
-0.003800
0.003400
-0.015800
0.005200
-0.016600
0.003400
-0.004000
-0.006200
-0.006615
0.015846
-0.007000
-0.009474
0.001714
-0.005143
-0.009000
0.011467
-0.013600
-0.022600
-0.008000
-0.007000
-0.009400
0.020308
0.031200
-0.021200
0.002200
0.005400
