0.014095
0.045692
-0.018167
0.037053
-0.051714
-0.007048
0.032400
-0.109800
0.001400
-0.039200
-0.031200
0.003800
-0.002000
0.042200
-0.010200
-0.012800
-0.001000
-0.014000
-0.066769
-0.084615
0.047294
0.014095
-0.045143
-0.023810
-0.071000
-0.026200
0.003000
0.003000
-0.024400
-0.038400
-0.124600
0.018000
0.058400
-0.022400
-0.027000
-0.013200
0.033000
0.021600
0.016800
-0.011600
0.020600
0.038600
0.037600
0.010400
0.024400
0.012000
-0.023800
0.013400
0.025200
0.020400
-0.004400
0.020200
0.000800
0.002400
-0.021200
0.031400
0.032800
-0.001400
-0.005600
-0.002800
0.018400
-0.025400
0.019800
-0.014400
-0.002600
-0.022200
-0.059600
-0.022800
0.000800
-0.004400
-0.013200
-0.002800
-0.016615
-0.014000
0.008500
-0.012421
0.012667
0.010667
0.015400
0.001200
-0.009600
-0.006600
0.011200
0.007400
-0.022200
0.029538
-0.002400
-0.029200
-0.004800
0.029200
