-0.015905
0.009385
-0.038667
-0.005263
-0.008952
-0.022952
-0.010400
-0.037400
-0.018800
-0.014200
-0.032000
0.003800
-0.014800
-0.010000
-0.046200
-0.008800
0.027200
0.023600
-0.063846
-0.044462
0.045176
-0.002571
-0.015143
-0.000762
0.002800
-0.019000
0.047000
0.004200
-0.005200
-0.012600
-0.006600
0.004200
0.036200
-0.014400
-0.016600
0.006800
0.034000
0.030600
-0.020400
0.004200
0.013400
0.001000
0.007400
0.025600
0.002600
0.021400
-0.010600
-0.017200
0.012000
0.002800
-0.010400
-0.001800
-0.005000
-0.005800
-0.016000
-0.020600
-0.027800
0.006800
0.013800
-0.007800
0.024600
-0.027000
-0.006800
-0.020200
0.006800
-0.002200
-0.007800
0.002800
-0.014000
-0.009400
-0.015400
-0.006600
-0.000615
-0.007077
-0.007333
-0.001053
-0.001238
0.003333
-0.002400
-0.029733
0.015600
-0.020000
0.000400
-0.015600
-0.011000
0.026923
-0.004600
-0.012800
0.009800
0.019200
