-0.053429
-0.072154
-0.021000
-0.008316
-0.040571
-0.054667
-0.037800
-0.137200
0.012400
-0.031600
-0.055400
-0.068800
-0.083200
-0.056200
-0.062600
-0.009400
-0.037600
-0.059600
-0.065385
-0.130615
0.077529
0.034476
-0.033810
-0.082000
-0.101200
-0.106600
0.032400
-0.001000
0.030000
-0.077200
-0.138000
-0.046200
0.026600
-0.087800
-0.057200
-0.042000
0.013800
0.067600
0.002200
0.003400
-0.019400
0.076600
0.029000
0.053800
0.031400
-0.005200
-0.057600
0.004800
0.051000
-0.027800
-0.036000
0.064400
0.006400
0.019600
-0.019800
-0.028600
0.002000
0.012800
0.020400
-0.020800
-0.001400
-0.070200
0.045400
0.025000
0.049200
-0.029400
-0.088200
-0.026000
0.009600
-0.052800
-0.004400
-0.022200
-0.017846
0.008308
-0.026000
-0.012211
-0.009429
0.006571
0.005800
-0.035733
0.037000
-0.027000
0.024600
0.032800
-0.014800
0.014308
0.034600
-0.017200
0.000800
-0.005200
