-0.021143
0.006923
0.012333
0.021684
0.022476
-0.032762
0.001800
0.009600
0.022000
-0.011600
-0.004400
-0.007200
-0.008800
-0.016000
0.000400
0.004800
0.013000
0.015000
0.009538
-0.013077
0.052118
0.020095
-0.006952
0.008190
-0.012800
-0.005800
0.051000
0.017600
-0.008000
0.017000
0.009400
0.024800
0.041000
0.011000
0.001600
0.033600
-0.000400
-0.014400
0.001600
-0.007800
0.004000
0.010000
0.009000
0.000800
-0.002400
-0.017400
0.002600
-0.009800
-0.002800
-0.011200
-0.003000
0.006400
-0.008400
0.000600
-0.002200
0.009400
0.009800
0.010600
-0.003800
0.013000
-0.004600
-0.011600
-0.012800
-0.000600
-0.006200
-0.000400
0.011600
0.009600
-0.018200
0.011000
0.001400
0.004800
-0.022308
-0.005538
0.010667
-0.000947
0.000286
0.002857
0.007000
0.010933
0.014200
0.006000
-0.012800
0.013800
-0.011400
0.003846
-0.002800
-0.025400
-0.008200
0.025000
