-0.029905
-0.037385
0.005000
0.016000
-0.007905
-0.028762
0.010800
-0.046000
-0.012000
0.010000
-0.028000
0.024000
-0.018200
0.004600
-0.003800
0.002200
0.014400
-0.002600
0.008154
-0.046769
0.008824
0.000667
-0.021619
0.030571
-0.037200
-0.030600
0.027400
-0.012800
-0.009800
0.022800
-0.018600
-0.009000
-0.002800
0.000200
-0.025800
0.022800
0.025000
-0.004200
0.000600
-0.008400
-0.002200
0.004600
0.015400
-0.015800
0.011400
-0.009600
-0.007200
0.002200
-0.014200
-0.002200
-0.019200
0.004000
-0.009200
-0.020600
-0.019600
0.009200
-0.009800
-0.006400
0.012000
0.003400
-0.025400
-0.011200
0.004000
-0.013400
-0.000600
-0.001000
0.014000
0.007800
0.003800
-0.012400
0.014800
0.008000
-0.003231
-0.010308
-0.016833
-0.008737
0.003810
0.008857
-0.003200
0.009067
-0.002200
-0.017200
-0.001400
0.014400
0.000000
0.009077
-0.003800
-0.010000
0.005400
0.028200
