-0.008667
-0.007538
0.025667
0.010526
-0.006667
0.007905
0.009600
-0.005800
0.001000
-0.000400
0.001200
-0.012400
-0.860200
-0.919800
-0.867400
-0.897800
-0.936800
-0.967600
-0.002615
0.013538
0.029294
0.004857
-0.011524
-0.000571
0.002200
0.000600
0.046800
-0.012200
0.005200
-0.002600
-0.895600
-0.960000
-0.864800
-0.971600
-0.932200
-0.898600
0.005800
0.001000
0.028000
-0.006000
0.013000
0.014200
0.002600
-0.000600
-0.008200
-0.014600
0.011400
-0.009400
-0.001800
-0.007600
-0.017400
-0.009400
-0.004200
-0.009000
0.015200
-0.015000
0.004000
-0.011800
0.008000
-0.015400
0.000400
0.006400
-0.071600
0.015200
0.021000
-0.018000
0.001600
0.008000
0.001200
-0.009800
0.001600
0.012400
0.017846
-0.008154
0.003833
-0.001684
-0.014571
-0.008476
0.016600
0.001067
-0.006800
0.008200
-0.009600
0.003800
0.841800
0.914308
0.880200
0.872600
0.941000
0.870600
