-0.032762
-0.014308
0.006833
0.001263
0.004381
-0.017905
0.002400
-0.020200
-0.004600
0.000600
-0.006800
0.001000
-0.024600
-0.009000
0.005600
-0.028600
0.014600
-0.007000
-0.013538
-0.016923
0.032941
0.005143
0.002476
-0.039524
0.001800
-0.017600
0.030600
0.005200
0.011600
0.004400
-0.022600
-0.003400
0.044600
0.012400
-0.001400
0.022200
0.004800
-0.008400
-0.001800
-0.010200
-0.001200
0.006600
-0.012000
-0.014800
-0.007800
0.007000
0.007400
0.006600
-0.005000
-0.004800
-0.020600
-0.027600
0.015800
0.003000
-0.002800
0.001200
-0.001800
-0.002600
0.004000
-0.017400
0.007000
-0.005200
0.003000
-0.008200
0.000000
0.002800
-0.009600
0.017400
-0.007400
0.001000
-0.011000
0.001200
-0.007077
-0.005077
-0.008333
-0.005895
0.000000
0.008476
-0.017800
0.009333
-0.007200
-0.025400
0.008800
0.011000
-0.007200
0.018154
-0.012200
-0.017400
0.007600
0.021200
