-0.136571
0.094769
-0.034167
-0.087158
-0.076762
0.039429
-0.079200
0.012800
-0.076000
-0.132400
-0.102600
-0.048600
-0.024800
-0.212200
-0.161400
-0.044000
-0.138600
-0.006200
0.021692
-0.178308
-0.063412
-0.120952
-0.023429
-0.239524
-0.083600
-0.167400
0.011000
-0.084200
0.009600
-0.235800
-0.310800
-0.162800
-0.051800
-0.271400
-0.248200
-0.171800
0.032000
0.044800
-0.081200
-0.000200
-0.151200
0.118800
0.018600
0.054600
0.002600
0.016800
-0.004000
0.140600
0.087600
0.219800
0.044200
0.083000
0.111000
0.086200
-0.007000
-0.226800
0.008000
0.045600
0.003000
-0.096600
-0.054200
-0.101200
0.170600
0.031800
0.094800
-0.061200
-0.025000
-0.094800
-0.074000
-0.057400
-0.107000
-0.110800
-0.008615
-0.064154
0.081667
0.089158
0.128190
0.025429
0.002800
0.018267
0.062000
0.073400
0.059800
-0.004000
-0.012400
-0.007231
-0.066400
-0.052200
0.018400
-0.010800
