-0.026476
-0.010000
-0.008667
-0.000105
0.014095
-0.035619
0.015600
-0.020800
0.011000
-0.009400
-0.014600
0.020800
-0.001000
0.018600
-0.001600
0.020800
0.000400
0.007200
-0.004308
-0.005077
0.049647
0.007048
0.015048
-0.032476
0.023400
-0.010400
0.026800
-0.001000
0.023200
0.001200
-0.028000
0.022200
0.029600
0.012600
-0.013600
0.021800
-0.003800
0.000400
-0.014400
-0.009600
0.022800
0.029000
-0.002200
0.011000
-0.000400
0.004000
0.003400
0.013400
0.010400
0.001400
-0.045000
0.005800
0.018400
-0.006800
-0.018800
0.003400
0.008600
-0.011000
-0.008000
-0.002200
0.005400
-0.020400
0.018000
0.012000
0.003200
-0.001600
-0.008800
0.012600
0.003200
-0.008200
-0.005800
0.004400
-0.006462
0.003692
0.003000
-0.014947
-0.004571
-0.007524
0.000600
0.002533
0.010000
0.004800
0.009400
0.015600
0.002600
0.001538
0.010400
-0.014600
0.000400
0.028200
