-0.020571
-0.249846
-0.027167
-0.000105
0.012095
-0.051333
-0.040200
-0.212800
-0.049000
0.015400
-0.036600
-0.065000
-0.332800
-0.419200
-0.452000
-0.445200
-0.411800
-0.117200
0.073846
-0.357538
0.071529
-0.048762
0.002952
-0.298286
0.043600
-0.269000
0.156800
-0.038800
-0.026400
-0.198400
-0.621600
-0.505000
-0.435800
-0.526400
-0.515200
-0.245600
-0.283400
-0.080200
-0.173200
-0.264600
-0.251600
-0.102400
0.004600
0.089800
-0.011600
0.025200
0.017600
0.096400
0.210200
0.160200
0.183000
0.249000
0.160600
0.135200
0.001000
0.048800
0.029400
0.003600
0.015000
0.039600
0.263400
0.054200
0.262200
0.232400
0.207000
0.110600
-0.211000
-0.167600
-0.228000
-0.261400
-0.188600
-0.189200
0.042154
0.136615
0.042667
0.079368
0.058667
0.079333
0.040200
0.022267
-0.004800
0.126600
0.039800
0.043000
0.179600
0.268923
0.299600
0.270400
0.222600
0.168000
