-0.112571
-0.162308
-0.017667
-0.039368
-0.046857
-0.007524
-0.056600
-0.011400
-0.043600
0.003400
-0.105600
-0.065800
-0.102600
-0.054000
-0.099800
0.058600
-0.051200
-0.052800
-0.094923
-0.174615
-0.007647
-0.036571
-0.042286
-0.123143
-0.113200
-0.111200
0.071800
0.017800
0.051200
-0.089800
-0.255400
-0.083000
0.223800
-0.122400
-0.105000
-0.089600
0.015200
0.090200
0.019000
0.063000
-0.010600
0.067200
-0.036200
0.046200
-0.061400
0.019200
-0.063000
0.055800
0.087800
-0.009600
-0.133200
0.037000
0.058600
0.029400
0.019600
-0.095400
0.021000
0.040400
0.009600
-0.066800
-0.024200
-0.075800
0.092800
-0.050000
0.073600
-0.035600
-0.091200
0.017400
0.085800
-0.089000
-0.039000
-0.048200
-0.019846
-0.010769
-0.001333
-0.005895
0.035619
0.030286
0.023000
0.019200
0.056600
-0.036400
0.060400
-0.001200
0.024800
-0.058000
-0.057400
-0.013400
-0.018600
-0.013600
