-0.030857
-0.021077
0.010667
0.011789
0.006571
-0.010286
0.026800
-0.058800
0.001200
0.008200
-0.015600
0.013000
-0.008800
0.024200
-0.013400
0.009800
0.019800
-0.010600
-0.032000
-0.017538
0.032824
-0.005905
-0.011238
-0.002762
0.007200
-0.033000
0.028400
0.001200
-0.002600
0.028200
-0.012000
0.002600
0.013200
0.008800
0.013200
0.038000
0.006400
0.023400
-0.011600
0.001800
0.007600
0.015200
-0.029000
-0.004400
0.025800
-0.002600
0.013000
-0.016200
-0.003600
-0.024600
0.003400
0.011800
0.012800
-0.001200
-0.021000
0.007000
0.009200
0.001800
-0.001800
0.006400
0.002600
-0.019400
0.011200
-0.002200
-0.008400
0.016000
0.001400
0.001200
0.025800
0.004000
0.006600
0.016800
0.000462
-0.034000
-0.003000
-0.000211
-0.009619
0.004857
0.009600
0.008400
-0.011600
-0.003400
-0.003000
-0.003600
-0.017600
0.017692
-0.007000
-0.025000
-0.015400
0.017400
