0.0 -7.59847576721908
0.30933624960962325 -5.812159901542502
0.6186724992192465 -4.590429985345364
0.9280087488288697 -3.526522946185158
1.237344998438493 -2.6619308003616804
1.5466812480481162 -2.0898486131855534
1.8560174976577395 -1.6582101299498653
2.1653537472673627 -1.2826695054036357
2.474689996876986 -0.9551938960362594
2.7840262464866092 -0.804432710981438
3.0933624960962325 -0.6550001955764392
3.4026987457058557 -0.41747226992566605
3.712034995315479 -0.3286814473568692
4.021371244925103 -0.3391198986505045
4.3307074945347255 -0.18427432546351294
4.640043744144348 -0.14642072059712405
4.949379993753972 -0.10134087706399751
5.258716243363596 -0.04017714581284362
5.5680524929732185 -0.09893074078280722
5.877388742582841 -0.027324061810047835
6.186724992192465 -0.09027178992027815
