-0.031000
0.000364
-0.048500
0.034400
0.048400
0.017400
0.015600
0.049200
-0.049200
0.038800
-0.013800
0.053091
0.069400
0.019600
-0.012182
-0.073000
-0.006400
-0.018727
0.031600
0.001600
-0.022833
-0.038800
0.032000
0.076000
-0.041200
0.017200
0.037200
-0.032000
-0.007600
0.033600
-0.009800
-0.036400
-0.061667
0.007000
0.009800
-0.007400
0.059800
0.006200
-0.037400
0.005400
0.022600
0.000400
0.039400
-0.067000
-0.006400
-0.066600
-0.059091
-0.021600
0.007400
-0.035200
-0.037385
0.034727
-0.019400
-0.078200
-0.028000
-0.008800
-0.049400
0.033400
-0.015200
-0.022200
-0.047889
-0.042727
0.028769
0.007308
0.008880
-0.045600
-0.017125
-0.028333
0.074538
0.008500
-0.013600
0.001833
0.010909
-0.013273
-0.017636
0.016000
-0.001538
-0.044800
0.002727
-0.055818
0.047000
0.043500
-0.000182
-0.000727
0.046600
0.049143
0.058833
0.097400
-0.011800
0.023636
