-0.015400
0.008909
0.004000
-0.003400
0.005200
0.006800
-0.003000
-0.004800
0.010000
0.016000
-0.001600
0.006000
0.002200
-0.009400
-0.001818
-0.005200
0.008200
0.016182
0.000200
0.006800
0.000333
0.005800
-0.007600
0.003400
0.006200
-0.014800
-0.004600
-0.015200
0.017000
0.003800
0.007800
0.004000
-0.005833
-0.000600
0.003600
0.009000
-0.021400
0.016000
0.011000
0.016800
0.001600
0.002600
-0.013800
0.019600
-0.000400
0.004200
-0.010727
0.010000
-0.014000
-0.007200
-0.006769
0.008182
-0.006600
0.006400
0.021600
-0.005800
-0.013600
-0.015800
-0.011400
-0.008800
-0.003111
0.012364
0.009077
0.004231
-0.003600
-0.005867
0.009625
0.000444
0.005538
-0.000625
-0.018000
-0.006667
0.000909
-0.008909
-0.007273
-0.000750
0.004000
-0.008200
0.005636
0.005273
0.010800
0.006000
0.022545
0.002364
-0.013200
0.005429
0.010500
0.003200
0.016400
-0.004364
