0.012000
-0.021636
-0.010667
0.017200
0.007600
-0.020600
0.013000
0.033200
-0.017600
0.006600
-0.025000
0.056182
0.043800
0.004800
0.000000
-0.049800
-0.026400
-0.007455
0.035600
0.003600
-0.020333
-0.029600
-0.005400
0.020400
0.003800
0.019200
0.019200
-0.035600
-0.013200
0.025600
0.000600
0.010200
-0.045167
0.026000
0.011000
-0.002000
0.014000
0.024600
-0.027400
0.002400
0.000200
0.009000
0.014600
0.011800
-0.006000
-0.023400
-0.012727
-0.032200
0.019200
-0.014800
-0.000308
0.017455
-0.020800
-0.003800
0.004200
0.011200
-0.066400
0.016800
0.002600
-0.010000
0.008667
-0.014909
0.007538
0.016077
-0.006080
0.003600
-0.001625
-0.025000
0.020615
0.007500
0.004200
-0.028500
-0.002364
-0.010364
0.001273
0.000125
0.013385
-0.009600
0.017273
-0.019455
0.033400
0.052000
-0.006364
0.001273
0.064600
0.036143
0.023833
0.111800
0.025200
0.046909
