0.009600
0.001818
0.006833
-0.003600
0.006800
0.001200
0.005600
0.011000
-0.007200
0.025000
-0.003800
0.022000
-0.001800
0.019800
0.015273
0.014600
-0.001200
-0.009636
0.013800
0.009200
-0.004500
0.021600
0.008600
0.005200
-0.012800
-0.001800
-0.020200
0.005000
0.022800
0.004400
-0.009200
-0.002200
0.000500
-0.001000
0.013600
-0.000600
-0.005200
0.007600
0.006000
-0.009000
-0.000400
-0.017000
0.007800
-0.003200
-0.006800
0.003000
-0.012727
0.005600
0.002800
-0.000200
-0.008923
-0.013091
0.015200
-0.000400
0.015600
-0.020200
0.000000
-0.018000
-0.001800
0.012600
0.004444
0.011273
-0.007385
0.009538
0.006320
-0.004667
0.007125
-0.012889
0.009769
0.008250
-0.000400
-0.009500
0.003091
0.007455
-0.015273
-0.007250
-0.012462
0.005200
0.010364
0.010364
0.005400
-0.002667
0.042545
0.039636
0.006400
0.025571
0.012333
0.036200
0.005800
-0.005273
