-0.016800
-0.023455
0.001500
-0.022200
-0.001000
0.004000
0.000400
-0.011800
0.006400
0.012400
-0.016400
-0.003636
0.013200
-0.001600
-0.000182
-0.012800
-0.001000
0.011818
0.000600
0.011600
-0.016667
-0.001400
-0.011400
0.003200
0.008200
0.009200
-0.001400
0.022800
-0.002600
-0.001000
0.001800
0.022000
-0.009333
0.015400
0.020400
0.021600
0.001200
0.005200
-0.002600
-0.025800
0.003000
0.011400
-0.035600
0.008000
-0.021800
-0.013800
0.006182
0.008600
0.016600
-0.019000
-0.001846
-0.024545
0.008800
0.018000
-0.024400
0.002600
-0.034400
-0.005400
0.021400
0.001200
-0.000444
-0.009818
0.000615
-0.009000
-0.009600
0.020000
0.003500
0.014556
0.000000
0.000875
-0.008200
0.012667
0.004000
0.017273
-0.010364
-0.007125
0.000462
-0.007400
0.035818
0.002182
0.005600
0.025167
0.031091
0.002364
0.042400
0.010429
0.011500
0.056800
-0.017600
-0.004364
