0.936800
0.006000
0.962833
0.003000
-0.000600
0.004600
-0.006200
-0.000400
0.954200
-0.001200
-0.006400
0.006545
0.020000
0.946800
0.006000
0.005000
0.965800
0.008909
-0.008600
0.955000
0.002500
-0.006400
0.014000
0.015600
0.955200
-0.013600
-0.003800
0.963600
0.000400
-0.008600
-0.010800
0.003400
-0.005500
-0.005600
0.007200
0.022800
-0.004200
-0.007800
-0.007600
-0.004000
-0.011200
0.009800
-0.022200
0.000200
-0.004400
-0.009000
-0.018182
-0.001400
-0.009000
-0.004000
0.006000
-0.027273
-0.007200
-0.011200
0.002800
0.003600
-0.004200
-0.025800
-0.005800
-0.010400
-0.008778
0.003273
0.009385
0.003615
0.005280
-0.029867
-0.052000
0.007778
0.005923
-0.026375
-0.003000
0.019500
-0.008727
0.017273
-0.068000
-0.027500
-0.048000
0.059600
-0.007636
-0.014545
0.013400
-0.001167
0.023455
0.001455
0.047800
-0.006143
0.011000
0.010600
-0.054800
-0.006364
