0.001600
0.000000
0.003500
0.003000
0.010200
0.001800
0.001600
-0.000800
0.008200
0.000400
-0.003800
-0.003273
0.003200
0.017000
-0.005091
-0.004400
0.015200
0.005455
0.013400
0.004200
-0.003167
-0.001000
-0.024200
0.011200
-0.004200
0.010800
-0.006800
0.014000
-0.018000
0.006600
0.005600
0.000400
-0.003167
0.001400
-0.007000
0.003600
0.005000
0.013800
0.005400
-0.010400
-0.009600
0.003000
0.010600
-0.018600
0.021000
0.000200
0.000727
0.020000
0.019000
-0.004200
-0.006000
0.002182
0.014200
0.012400
-0.006400
0.004000
-0.013600
-0.029200
-0.000800
-0.016200
-0.012111
0.010364
-0.005538
0.015154
-0.000240
0.009733
-0.003625
-0.004667
0.012846
0.002375
-0.007200
0.018000
-0.000909
-0.001455
0.008909
0.007125
0.013538
0.018800
0.014909
-0.006727
0.020600
0.016167
0.030000
0.022364
0.006400
0.014000
0.016500
0.019200
0.001600
0.001818
