-0.012000
-0.003091
-0.005167
0.005800
0.007000
-0.012000
0.005600
0.009400
0.011400
0.001400
-0.007800
-0.004000
0.002400
0.003200
-0.004364
-0.012000
0.003600
0.002000
-0.010200
0.003000
0.014833
-0.004200
-0.014800
0.019600
0.014200
0.014200
-0.005000
-0.019000
0.014600
0.011000
0.009400
-0.014400
-0.010333
-0.008000
0.007000
0.014600
0.001200
0.000000
0.003400
0.007800
-0.010200
-0.006800
0.013800
0.006400
-0.031000
0.001400
0.009818
0.011800
-0.001000
-0.005200
-0.002000
0.013091
0.007600
0.016200
0.017400
-0.016000
-0.006000
0.005800
0.004000
0.002800
0.001667
0.005091
0.003538
0.000308
0.003040
0.003867
0.006500
0.002889
0.007462
-0.009375
-0.004600
-0.001333
-0.005818
0.005455
0.000182
-0.013750
0.008308
0.005800
0.011455
-0.013636
0.016200
0.019167
0.021636
0.010909
0.024800
0.016000
0.033333
0.027600
0.004000
0.002727
