-0.013800
-0.015636
-0.018500
0.019000
0.004800
0.000600
0.016600
-0.014200
0.000200
0.006800
-0.002800
0.008182
0.015200
-0.006400
-0.002000
0.002800
0.000600
0.003273
0.024000
-0.006000
0.016333
-0.004600
-0.011200
0.025000
0.004600
0.012200
-0.018200
-0.008800
-0.002200
0.004200
-0.003400
0.000000
0.015667
0.011200
0.010800
-0.002800
0.005800
0.005800
0.002600
-0.005600
0.008400
-0.013400
-0.006800
-0.028600
-0.023400
-0.001800
-0.005091
0.005200
-0.004200
-0.014800
-0.010308
0.001818
-0.004200
0.003800
-0.011000
0.023000
0.023200
0.000400
-0.006600
0.014000
0.011000
0.002364
-0.004308
0.000385
0.003200
-0.000933
-0.003250
0.014778
-0.004000
0.019000
0.001200
-0.023000
-0.002727
0.001091
0.015818
0.002625
0.005538
-0.000200
-0.001091
-0.014545
0.007200
0.004167
0.043455
-0.005818
0.047000
0.024000
0.017667
0.024400
0.017800
-0.012909
