0.091800
0.012000
0.010000
0.151800
-0.063600
-0.062000
0.109600
0.067000
0.111000
0.015200
-0.034400
0.258000
0.023400
0.093000
0.080727
-0.038800
0.057200
-0.037818
0.041400
0.099000
-0.020167
0.055000
0.152200
-0.003800
0.268200
0.150000
0.087800
0.089000
0.125400
0.000800
-0.037600
-0.066800
-0.057000
0.092400
-0.070200
0.010800
0.028000
-0.238800
0.061200
-0.066200
0.029400
0.007600
0.062000
-0.226400
-0.081400
-0.022600
-0.136727
-0.098400
0.006400
-0.075400
0.022769
-0.155636
-0.254400
-0.092400
0.014400
0.039000
0.054400
0.059800
-0.172600
-0.064800
-0.161222
-0.160364
-0.078769
0.064692
-0.095520
-0.064533
-0.009250
-0.089000
-0.096231
0.002000
0.043800
0.022167
0.070182
0.110364
0.108182
-0.033500
-0.040154
0.218600
0.018545
0.047455
0.115800
0.040333
0.180545
-0.044727
-0.052800
0.022000
-0.058667
0.031800
0.081200
0.000364
