-0.000200
0.010364
0.001667
-0.007800
0.014600
-0.005800
0.017000
0.004400
0.010400
-0.004800
0.000600
0.007818
-0.005800
0.000200
-0.000182
-0.004200
0.017600
-0.017091
0.005600
0.031400
0.008000
-0.005400
-0.003200
-0.008400
0.006200
-0.013200
-0.010000
-0.001800
-0.016800
0.006000
0.002600
0.004000
-0.011333
0.014400
0.005200
0.022800
-0.010800
-0.005000
-0.002200
0.007800
-0.008200
0.004200
0.001600
-0.007400
0.005200
-0.007400
-0.001091
0.013600
0.000000
-0.008400
0.000923
-0.012182
-0.006000
0.022400
0.013400
-0.019200
-0.031400
-0.011200
0.000400
-0.002800
0.012667
0.012909
0.006615
-0.019154
0.007120
-0.004667
0.003875
0.007778
-0.000154
0.023750
-0.008000
-0.001500
0.006182
-0.004909
0.012364
-0.001125
0.003231
0.008200
0.006000
0.007636
0.005800
-0.007167
0.023636
0.023273
0.035800
0.013714
0.022833
0.033800
0.004000
-0.006727
