0.655800
0.010364
0.567167
0.126200
0.005200
-0.045400
0.054600
0.107800
0.548800
-0.059000
-0.066200
0.226000
0.057400
0.635400
0.064909
-0.042200
0.497800
0.034000
0.035800
0.512000
0.013833
0.076600
0.116600
0.013800
0.581000
0.170800
0.071400
0.666200
0.049000
0.022400
-0.052400
-0.021000
0.007167
0.000800
-0.031400
0.108800
-0.046200
-0.078600
0.034600
0.008400
0.090200
0.027400
0.051000
-0.115400
-0.005200
-0.055600
-0.046545
-0.026800
-0.038200
-0.018400
0.018154
-0.260909
-0.112200
0.020800
-0.043000
0.017000
0.035000
0.071200
-0.012200
-0.001800
-0.160889
-0.284545
-0.303538
0.157385
-0.057440
-0.122000
0.109500
-0.076889
-0.105923
-0.079500
0.069800
0.006500
0.010182
-0.047455
0.025818
-0.203625
-0.215231
0.118200
0.002545
-0.038182
0.151000
0.110167
0.242727
-0.024727
-0.103200
0.002714
-0.040833
-0.070800
0.161200
-0.025636
