-0.006800
0.024909
-0.065667
0.058000
-0.012800
-0.011600
0.098200
0.032000
-0.028800
0.013400
0.008600
0.153091
0.051200
-0.004000
0.002182
-0.044000
-0.043000
-0.046182
-0.011800
-0.017200
-0.003833
-0.025600
0.040000
0.072800
0.018200
0.048000
0.031000
-0.072600
0.084000
0.039400
-0.017000
-0.055200
-0.116500
0.011200
-0.035200
-0.003800
0.036600
-0.069400
-0.017400
-0.040200
0.084400
0.005000
0.035800
-0.099000
-0.008800
-0.044000
-0.162364
-0.056000
0.014200
-0.057400
-0.026154
-0.014182
-0.115000
-0.140600
0.005400
0.062800
0.025600
0.007400
-0.123200
-0.033800
-0.060444
-0.086909
0.086000
-0.007538
-0.019440
-0.050667
-0.042875
-0.018889
0.074692
0.001500
-0.002400
-0.002667
0.033091
-0.038909
0.036909
0.008625
0.006154
-0.011600
0.026000
-0.005636
0.088800
0.021667
0.043091
0.013091
0.022400
0.026571
0.082333
0.056000
-0.043400
0.008000
