-0.023000
-0.017091
-0.016500
-0.016800
0.029200
-0.000200
-0.016400
-0.014000
0.019000
0.025600
-0.019000
-0.000182
0.024000
0.000000
0.006182
0.006400
0.007600
0.002545
0.008600
-0.000600
0.026000
-0.009400
-0.000600
-0.005000
0.044400
-0.006600
0.012600
-0.036400
-0.007800
-0.009600
0.016800
0.015200
-0.024000
0.028600
0.011200
0.049800
-0.003000
0.005000
-0.011200
0.021800
0.018000
-0.009800
-0.003400
-0.017400
-0.002600
-0.000600
-0.001818
0.039200
0.017400
-0.004000
-0.006462
0.002545
-0.007800
0.025600
0.001600
-0.022000
-0.032400
0.007600
0.002400
-0.004400
-0.004000
0.015455
-0.004615
0.007692
-0.007440
-0.000400
-0.005125
-0.013222
-0.006769
-0.017375
0.002800
0.003167
-0.018727
0.004182
-0.009455
0.028500
0.000308
0.017000
0.006909
-0.011273
0.031600
0.041667
0.020545
-0.009636
0.035000
0.028000
0.018500
0.089200
-0.003800
0.004727
