-0.009600
-0.002000
0.010000
-0.005200
0.002000
-0.012000
-0.007000
-0.008600
-0.001000
-0.003800
0.005800
0.022909
0.002600
-0.007800
-0.011455
0.005800
-0.004600
-0.013091
0.008000
0.017000
-0.004833
-0.023200
0.008600
0.000800
-0.007800
-0.006400
-0.021200
-0.001200
-0.009200
0.007800
0.001400
-0.002000
-0.007667
0.007000
-0.016800
-0.004800
-0.000200
-0.011400
0.004600
0.007800
0.001600
-0.010000
0.014200
-0.010200
-0.005600
-0.011600
0.004909
-0.005600
-0.012600
-0.015600
0.017077
-0.008182
-0.010400
0.007200
-0.001600
0.000200
0.004000
-0.007200
0.009600
0.006600
-0.000667
0.002909
-0.001538
-0.002385
0.007680
0.011600
-0.001375
0.006444
0.003308
0.004500
-0.003200
-0.002500
-0.001091
0.001636
-0.004545
0.010000
0.013231
0.002000
-0.001818
0.011818
-0.000400
-0.001833
0.025091
0.004182
0.004800
0.001143
-0.000333
0.009600
0.001000
0.008909
