-0.023200
-0.012364
-0.008500
0.006000
0.002600
-0.004200
0.001600
0.017600
0.021800
-0.004400
-0.019000
0.009636
-0.005800
-0.006000
-0.003636
0.002800
0.001800
-0.013273
0.015400
-0.013400
-0.006833
0.008800
-0.025200
-0.003200
-0.003800
0.008600
0.005400
-0.011600
0.011600
0.012400
0.012400
-0.005400
0.015167
0.010200
0.019200
-0.007200
0.000800
0.018000
-0.007800
-0.005000
0.010600
-0.010600
-0.012600
0.007600
-0.013600
-0.009400
-0.007818
0.008200
0.000200
0.002600
-0.011538
-0.002364
0.006000
0.012800
0.007200
0.004600
0.007800
0.008800
0.000200
0.000000
0.002000
0.015818
0.005385
0.002308
-0.006800
0.013467
0.001375
-0.004778
0.000077
-0.004625
-0.003200
-0.006500
-0.002182
-0.003818
-0.009273
0.001750
0.000154
0.005800
-0.006727
-0.001636
0.018800
0.018000
0.018545
0.025636
0.014800
0.003143
0.031500
0.044000
0.024200
-0.006000
