0.0 6.135715840238351
0.30933624960962325 4.4728481792207475
0.6186724992192465 2.7272201983662288
0.9280087488288697 1.7023393996921992
1.237344998438493 1.5754411474430696
1.5466812480481162 0.8720171585056561
1.8560174976577395 0.6232379547096122
2.1653537472673627 0.06945668802509135
2.474689996876986 0.27886720614668675
2.7840262464866092 -0.10729315308369243
3.0933624960962325 -0.05259205145047185
3.4026987457058557 0.04627422231565332
3.712034995315479 0.24686603985117836
4.021371244925103 -0.016340628237603957
4.3307074945347255 0.14793025933997206
4.640043744144348 -0.09990528793470417
4.949379993753972 0.04285891548084143
5.258716243363596 -0.09042888441757332
5.5680524929732185 0.07298770000527735
5.877388742582841 -0.11444824169262031
6.186724992192465 -0.01826011828179609
