-0.014381
-0.029385
0.003667
-0.080947
-0.087143
-0.077048
-0.008800
-0.046600
-0.052400
-0.067400
-0.049600
-0.041200
-0.022200
-0.024600
-0.074400
-0.054200
-0.025400
-0.032800
-0.047231
-0.056462
-0.044353
-0.058286
-0.030381
-0.026952
-0.039400
-0.043000
-0.054600
-0.069600
-0.030000
-0.017400
-0.034600
-0.024400
-0.037200
-0.044600
-0.067600
-0.033600
-0.011200
0.004200
0.002200
0.002000
-0.007400
-0.006000
0.000000
0.005800
-0.007800
0.004000
0.011400
0.020400
0.012600
-0.011000
0.018200
-0.006400
0.006200
-0.015000
-0.013000
-0.013800
-0.015000
-0.006200
-0.005600
0.027600
-0.009000
0.005600
0.006200
0.004400
0.000400
-0.012200
-0.002600
-0.007000
0.037400
-0.030200
-0.028600
-0.000200
-0.010462
0.004000
-0.002667
-0.003158
0.014667
-0.000952
0.015800
0.002267
-0.004800
0.008200
0.004400
0.004600
-0.020000
0.003692
-0.015800
-0.005200
-0.011400
0.012000
