-0.005524
-0.035538
-0.021833
-0.038211
-0.056000
-0.054667
-0.017400
-0.041800
-0.040400
-0.064200
-0.023400
-0.025600
-0.007400
-0.024600
-0.034200
-0.020600
-0.002000
0.000800
-0.044308
-0.057692
-0.040941
-0.020571
-0.008571
-0.013619
-0.019800
-0.037000
-0.064400
-0.043400
-0.007400
-0.017000
-0.036600
-0.039200
-0.005400
-0.020400
-0.050400
-0.005800
0.015200
0.000600
0.002200
0.002400
-0.004400
-0.018200
-0.014800
0.025600
-0.014400
0.009400
0.011600
0.010200
0.023800
0.008000
0.002600
-0.004800
0.015600
-0.002400
-0.018800
0.010200
-0.008000
-0.003200
-0.007000
0.012800
-0.018800
-0.012800
-0.007600
-0.020800
-0.010600
-0.010400
-0.034200
0.010800
0.003400
-0.010400
0.001600
0.006800
0.010308
0.004923
-0.007000
-0.000632
0.006286
-0.005238
0.009600
0.001200
-0.002000
0.010800
-0.016400
0.002600
-0.008000
-0.008308
-0.014600
0.007400
0.013200
0.007800
