-0.157048
-0.189538
-0.051667
-0.224947
-0.190857
-0.189524
-0.038400
-0.271200
-0.049800
-0.231400
-0.176000
-0.138600
-0.056400
-0.123400
-0.238000
-0.176400
-0.109000
-0.175600
-0.095077
-0.174923
-0.187882
-0.144381
-0.105143
-0.131810
0.023000
-0.146200
-0.185800
-0.150600
-0.099600
-0.104600
-0.073400
-0.075800
-0.182000
-0.197000
-0.212600
-0.177600
0.017400
0.110600
-0.021800
0.026400
0.086200
0.039200
-0.054400
0.149800
-0.055000
-0.001800
0.044600
0.008600
0.066000
-0.012400
0.068200
0.072600
0.089600
0.058400
-0.060000
-0.044600
-0.078600
0.011000
-0.050200
-0.007800
0.040800
-0.079600
-0.019600
-0.011600
-0.070400
-0.079000
0.000000
-0.008800
-0.014200
-0.036200
-0.101000
-0.027800
-0.000615
0.009692
0.020667
0.041579
0.002667
0.029714
0.030200
0.082000
0.007200
0.062800
-0.009600
-0.022400
0.049000
-0.015385
0.073600
-0.004600
-0.008000
0.031200
