-0.030952
-0.042308
-0.012833
-0.084000
-0.059714
-0.099238
-0.038000
-0.063600
-0.052600
-0.069600
-0.049200
-0.067600
-0.026200
-0.044800
-0.101400
-0.050400
-0.038200
-0.018600
-0.061077
-0.074923
-0.080000
-0.061810
-0.020190
-0.015714
-0.069800
-0.058600
-0.076000
-0.049600
-0.041200
-0.047800
-0.035800
-0.026600
-0.035200
-0.065200
-0.061400
-0.036400
0.008000
0.009000
0.008600
0.002800
0.002800
-0.007400
-0.001800
0.028400
-0.026400
0.014000
-0.002400
0.010000
0.013600
-0.009400
0.021000
0.008400
0.016400
0.018600
-0.018200
-0.036200
-0.021000
-0.031800
-0.012200
0.005000
-0.006600
0.011800
-0.010800
0.000400
-0.012200
-0.007200
0.003600
0.005800
0.000800
0.002600
-0.004800
0.008400
-0.014462
-0.014462
0.000500
0.002316
0.022571
0.018762
0.003000
-0.000400
0.014200
0.006400
0.017600
0.031000
-0.011600
0.012769
-0.012000
0.006800
0.006800
0.005400
