-0.075048
-0.136923
-0.030167
-0.175789
-0.137810
-0.177619
-0.106400
-0.139000
-0.040400
-0.153000
-0.138200
-0.113600
-0.063200
-0.125000
-0.192400
-0.159600
-0.079200
-0.060400
-0.097692
-0.118154
-0.135176
-0.119905
-0.062381
-0.066381
-0.085600
-0.071600
-0.157000
-0.123200
-0.052800
-0.066200
-0.169000
-0.097000
-0.086200
-0.108200
-0.105800
-0.069800
-0.001000
0.043400
-0.016400
0.013600
-0.004400
0.027800
0.019000
-0.007200
-0.018600
0.010800
-0.000600
0.016800
0.059000
-0.018800
0.075600
0.005600
0.000000
0.035000
-0.018000
0.005600
-0.060800
-0.054800
0.011200
0.003600
-0.021000
-0.021800
0.000800
0.004600
-0.000200
-0.005600
-0.038400
0.001600
0.000200
-0.014200
-0.025400
0.001800
0.011692
0.012923
0.013167
-0.001263
0.028381
-0.009333
0.034400
-0.031067
-0.002400
0.020600
-0.001400
0.002200
-0.012200
0.065692
0.023200
-0.019800
-0.000200
-0.002200
