-0.076476
-0.082000
-0.049833
-0.145263
-0.107810
-0.147714
-0.046800
-0.053600
-0.027600
-0.140800
-0.080000
-0.103000
-0.030200
-0.055000
-0.160200
-0.145400
-0.093800
-0.059000
-0.076000
-0.099538
-0.102824
-0.101238
-0.049524
-0.069333
-0.090800
-0.064000
-0.139600
-0.071400
-0.040200
-0.083800
-0.105600
-0.075200
-0.093200
-0.061600
-0.070400
-0.043400
0.005200
0.018600
0.017000
-0.000200
-0.022800
-0.002400
0.009200
-0.000800
-0.033000
-0.011200
0.049600
0.023000
0.012000
0.040000
0.032200
-0.027600
-0.005200
0.024600
-0.013200
-0.010800
-0.061400
-0.027000
0.010000
-0.001200
-0.030000
0.008200
-0.013000
0.002200
-0.005800
0.001800
-0.026000
-0.017200
-0.001000
0.035400
-0.003400
-0.007400
0.019538
0.014462
0.002167
0.009789
0.008000
-0.006571
0.014000
-0.036000
0.006400
0.031800
-0.018600
0.010800
-0.029800
0.059692
0.004400
-0.019800
0.011000
0.000800
