-0.027238
-0.059692
-0.112833
-0.115263
-0.092857
-0.248762
-0.032200
-0.089600
-0.138000
-0.156200
-0.146200
-0.195400
-0.004400
-0.190400
-0.244200
-0.147800
-0.158800
-0.193400
-0.357538
-0.260923
-0.275176
-0.067619
-0.181429
-0.323619
-0.360000
-0.292600
-0.278600
-0.098400
-0.236000
-0.255400
-0.290000
-0.181800
-0.398600
-0.323800
-0.321000
-0.329000
0.132200
-0.065600
-0.056000
-0.137600
-0.015800
0.000800
0.203800
0.244000
-0.082000
-0.011000
0.100000
0.127800
0.193200
0.343000
0.167600
0.221200
0.214000
0.134400
-0.218600
-0.206000
-0.058000
-0.046400
-0.066200
-0.104600
-0.144200
0.083800
0.132000
0.135000
0.022200
0.045600
-0.128600
-0.270000
-0.018400
-0.171600
-0.214200
-0.167800
-0.035846
0.138769
0.094500
0.187368
0.120762
0.133143
-0.004600
0.205867
0.008800
0.162200
0.077800
0.100400
-0.076400
-0.128615
0.049800
-0.119600
-0.076200
-0.055600
