-0.028952
-0.050615
0.017500
-0.032737
-0.032571
-0.059048
-0.018800
-0.042200
-0.032800
-0.039400
-0.024600
-0.026600
0.012600
-0.015400
-0.030600
-0.022400
-0.040200
0.001200
-0.015077
-0.040769
-0.043059
-0.011810
-0.001143
0.004571
-0.037600
-0.028000
-0.045800
-0.023800
-0.027200
-0.026800
-0.035000
-0.012600
-0.003000
-0.012800
-0.037000
0.004800
0.003600
0.001000
0.016200
0.014400
-0.004200
0.006800
0.006800
-0.003600
-0.018000
0.012000
-0.000400
0.026200
-0.004000
0.003600
0.001600
-0.005000
-0.006800
-0.002600
0.002200
-0.008600
0.007600
-0.003000
-0.007400
0.020400
0.006000
-0.001200
0.013600
-0.013200
-0.018000
-0.006600
0.013400
0.007400
0.006600
-0.004800
-0.000600
0.005200
0.009231
0.003692
0.000667
0.000737
-0.002667
-0.015238
0.002800
-0.011867
0.014600
-0.009200
0.002200
0.001000
0.005600
0.000615
0.012800
0.013600
0.024000
0.032800
