-0.067429
-0.144154
-0.118500
-0.206211
-0.191714
-0.273333
-0.220000
-0.173400
-0.122200
-0.235800
-0.193400
-0.174000
-0.033200
-0.088600
-0.209800
-0.121400
-0.078400
-0.160000
-0.102923
-0.235231
-0.242471
-0.120381
-0.152762
-0.178095
-0.089600
-0.126200
-0.250200
-0.078400
-0.172000
-0.213400
-0.215200
-0.026600
-0.212600
-0.235600
-0.266800
-0.280600
0.086400
0.023400
0.034200
0.059400
0.119000
0.094200
0.120400
0.237200
-0.076400
-0.045400
0.093400
0.053200
0.052200
0.104800
0.065200
0.069600
0.099400
0.044800
-0.046800
-0.156600
-0.032200
0.050600
-0.077200
-0.093000
-0.088600
-0.089000
-0.013800
-0.027000
-0.125400
-0.106000
-0.088200
-0.173800
0.040000
-0.073400
-0.104200
-0.052400
-0.023385
0.069538
0.059667
0.101789
0.045048
0.026857
-0.023600
0.175600
0.000000
0.108600
0.049400
0.004600
0.007600
-0.108000
0.047400
-0.071800
-0.048400
-0.007400
