0.006857
0.004000
-0.019667
0.001895
0.002857
-0.008381
-0.006800
-0.017600
-0.001400
-0.011600
0.007000
0.001200
-0.960200
-0.976000
-0.938800
-0.979800
-0.951600
-0.964200
-0.014615
-0.014000
0.007647
0.012095
0.005810
-0.000381
-0.007000
0.008000
-0.022800
0.007600
0.013400
-0.000200
-0.964800
-0.950000
-0.970800
-0.961400
-0.962200
-0.970800
0.003800
-0.033400
-0.004200
-0.003200
0.004200
0.000400
-0.006000
0.001400
-0.003400
0.006200
0.005000
-0.001000
0.000200
0.005000
0.020400
-0.001800
0.016400
0.011800
0.009400
0.006200
0.006200
0.000200
-0.000400
0.013400
-0.010200
0.003000
-0.020600
0.017200
0.000400
0.011200
0.004600
-0.003200
0.011400
-0.000200
0.009000
0.011200
-0.004462
-0.014615
0.000000
0.002211
0.002381
0.002857
-0.000600
-0.006133
-0.004400
0.003600
-0.005600
0.009800
0.973000
0.946154
0.941800
0.957200
0.948600
0.964600
