-0.020381
-0.042615
-0.004000
-0.046947
-0.037714
-0.062952
-0.016600
-0.036600
-0.046800
-0.057800
-0.052200
-0.063000
-0.019000
-0.026600
-0.052200
-0.008800
0.002800
-0.014800
-0.045846
-0.045846
-0.040235
-0.015143
-0.013143
-0.010381
-0.023400
-0.035200
-0.048600
-0.039800
-0.011400
-0.018400
-0.024400
-0.023800
-0.005800
-0.005400
-0.038400
-0.027200
0.019000
-0.015000
-0.008200
-0.001600
0.001200
-0.013400
0.008600
0.008200
-0.014000
0.020400
0.001200
-0.004600
-0.004200
-0.000200
0.019200
0.001200
0.015200
-0.007800
-0.014200
-0.026000
0.004600
-0.010400
0.000000
0.009600
-0.007000
0.002800
0.003200
0.007800
-0.007400
0.005000
0.013200
0.008200
-0.010800
-0.002200
-0.008600
-0.002600
-0.004154
0.000462
-0.008833
0.015474
-0.003429
0.001905
0.004800
0.010533
-0.003000
-0.002400
0.002400
0.008200
0.007000
0.018923
-0.015400
-0.004200
0.002800
0.026400
