-0.024286
0.014615
-0.026333
-0.015684
0.026000
-0.119143
0.016400
0.051400
-0.026200
-0.030400
-0.015800
-0.040400
-0.192000
-0.557000
-0.577800
-0.572600
-0.576600
-0.488400
-0.334000
-0.186154
-0.183882
-0.083619
-0.117905
-0.265333
-0.316800
-0.172400
-0.144600
-0.099400
-0.119800
-0.256400
-0.366200
-0.569600
-0.695800
-0.650800
-0.578600
-0.569000
-0.134800
-0.290200
-0.327400
-0.294000
-0.234000
-0.277000
0.063800
0.058400
0.005000
0.022400
0.023600
0.097600
0.236200
0.388200
0.185800
0.355600
0.281200
0.322200
-0.089000
-0.089600
-0.033800
-0.026200
-0.043200
-0.071400
0.110600
0.270200
0.340600
0.328200
0.252600
0.274400
-0.203800
-0.417600
-0.109000
-0.341800
-0.293800
-0.284200
0.037077
0.091538
0.112000
0.114316
0.103143
0.093810
0.061600
0.122667
-0.030000
0.089800
0.047600
0.090800
0.377800
0.418769
0.460200
0.374200
0.384400
0.368600
