-0.038762
-0.054923
-0.059000
-0.107158
-0.085524
-0.116762
-0.042800
-0.096400
-0.041000
-0.114200
-0.030800
-0.062600
-0.033400
-0.047000
-0.132000
-0.093600
-0.050800
-0.025600
-0.084462
-0.103385
-0.093529
-0.080667
-0.038571
-0.042476
-0.079000
-0.098400
-0.111800
-0.079000
-0.010400
-0.023600
-0.073400
-0.054600
-0.060400
-0.061600
-0.064800
-0.028200
0.034400
0.002000
0.009400
0.003400
0.009200
0.013200
0.006400
0.007800
-0.015000
0.014600
0.015200
0.025400
0.048200
0.011200
0.015400
0.001400
0.013200
0.019200
-0.012800
-0.031000
-0.042200
-0.023200
-0.020800
0.001600
-0.010600
0.022600
-0.009400
-0.011400
0.005000
-0.022600
-0.021000
-0.001000
0.024000
-0.012800
-0.024200
0.005800
0.023692
0.018000
0.008833
0.024737
0.007333
0.012381
0.006600
0.003067
0.017400
0.018000
0.014400
-0.003400
-0.028400
0.028308
0.007400
0.004000
0.009200
-0.007800
