-0.119810
-0.189538
-0.019500
-0.203158
-0.157429
-0.171905
-0.069000
-0.193000
-0.029800
-0.164800
-0.151000
-0.115800
-0.099800
-0.092200
-0.231000
-0.169000
-0.093400
-0.144000
-0.095692
-0.127077
-0.141412
-0.146000
-0.071143
-0.091714
-0.115800
-0.082400
-0.157600
-0.140600
-0.093200
-0.090000
-0.176200
-0.051800
-0.140600
-0.115400
-0.150800
-0.125000
-0.004000
0.064000
-0.026400
-0.006800
0.015000
0.023000
0.011800
0.068400
-0.053200
0.019600
-0.004400
0.005000
0.076400
-0.104000
0.050200
0.069000
0.052800
0.061400
-0.013600
0.001200
-0.071000
-0.028000
-0.022000
-0.023200
-0.016200
-0.049200
-0.000600
-0.011800
-0.035200
-0.016400
-0.038800
0.007600
0.026800
-0.035800
-0.064000
-0.057800
0.011077
0.021846
0.013333
0.027263
0.009905
0.021714
0.026800
0.010000
-0.011200
0.028200
0.004200
0.001000
0.005200
0.054615
0.024000
-0.036400
-0.009800
-0.021000
