-0.024952
-0.037077
-0.008667
-0.067789
-0.042667
-0.064381
-0.013800
-0.060400
-0.066600
-0.057200
-0.071000
-0.048400
-0.014400
-0.022000
-0.068200
-0.040200
-0.022400
-0.045000
-0.061538
-0.060923
-0.056235
-0.028857
-0.006476
-0.001810
-0.040600
-0.036800
-0.066800
-0.046600
-0.035000
-0.040600
-0.018600
-0.018400
-0.022000
-0.050000
-0.059600
-0.018200
0.006600
0.003200
-0.023200
0.007200
0.001200
-0.003000
0.004400
0.010200
-0.019200
0.012800
-0.013800
0.018200
-0.001400
0.017800
-0.011400
0.014800
0.020600
-0.004600
-0.003800
0.011400
-0.009200
-0.022000
0.009600
0.019400
-0.000800
0.019000
-0.001200
-0.011600
-0.002600
-0.015400
0.001600
-0.020600
0.016000
0.008600
-0.020600
0.002400
-0.002154
-0.012154
-0.018000
0.002632
0.004381
-0.015714
-0.012800
0.004267
0.028400
0.008200
0.003600
0.015000
-0.012200
0.006000
-0.000800
0.008600
0.008400
-0.004000
