-0.017333
-0.053538
-0.021167
-0.088316
-0.074286
-0.101429
-0.022200
-0.072400
-0.059400
-0.083600
-0.055600
-0.068400
-0.014600
-0.025000
-0.117800
-0.076000
-0.043000
-0.046600
-0.058923
-0.103231
-0.079294
-0.080476
-0.019048
0.006762
-0.050400
-0.076600
-0.105400
-0.067600
-0.048400
-0.032600
-0.062200
-0.025800
-0.056800
-0.066600
-0.048200
-0.005200
0.008000
0.009400
-0.005600
0.001000
-0.005600
-0.014600
0.004000
0.031800
-0.011800
0.027200
-0.003800
-0.014800
0.016400
0.016600
0.019600
0.009600
0.030600
0.015600
-0.016600
-0.004800
-0.019200
-0.004200
-0.002800
-0.008200
0.009600
0.006400
0.005600
-0.002000
-0.003400
-0.001400
-0.017600
-0.002800
0.016600
-0.009600
-0.018000
-0.008800
-0.003231
-0.001077
-0.005333
0.024211
0.026476
0.024762
0.006200
0.001333
0.011200
0.015200
0.013600
0.005400
-0.004800
0.025692
-0.002400
0.014200
0.020400
-0.001000
