-0.030769
0.017143
0.068571
0.061538
-0.003077
0.096000
0.000000
-0.008000
-0.064000
-0.088000
-0.992000
-0.976000
-0.928000
-0.984000
-0.968000
0.045714
0.051429
0.006154
0.055385
0.058462
0.080000
0.040000
-0.112000
0.096000
0.088000
-0.976000
-0.992000
-0.920000
-0.992000
-0.976000
0.016000
-0.064000
0.040000
0.096000
0.016000
-0.040000
-0.008000
0.048000
-0.080000
-0.064000
0.072000
0.024000
0.080000
-0.040000
0.064000
0.024000
-0.032000
0.000000
-0.024000
0.088000
-0.112000
0.064000
0.024000
0.008000
0.048000
-0.056000
-0.056000
-0.032000
-0.032000
-0.056000
0.045714
0.085714
0.085714
-0.003077
0.015385
0.088000
-0.005000
0.048000
-0.040000
0.024000
0.984000
0.965000
0.976000
0.976000
0.992000
