-0.043077
0.045714
0.102857
0.076923
-0.061538
0.016000
0.168000
0.032000
-0.016000
-0.008000
0.024000
0.032000
-0.104000
0.048000
-0.112000
-0.005714
0.051429
-0.033846
-0.027692
0.030769
-0.056000
0.096000
0.128000
-0.072000
0.080000
0.024000
0.072000
-0.024000
-0.048000
0.016000
-0.056000
0.040000
0.016000
0.024000
-0.104000
0.040000
0.024000
0.024000
-0.152000
-0.008000
-0.088000
0.144000
0.104000
0.008000
-0.048000
-0.112000
0.024000
0.008000
0.104000
0.056000
-0.016000
-0.008000
-0.056000
-0.056000
0.008000
-0.024000
-0.016000
0.024000
0.032000
-0.064000
0.005714
-0.045714
-0.062857
0.003077
-0.003077
0.016000
0.060000
0.072000
-0.016000
0.048000
-0.008000
-0.050000
0.056000
0.088000
0.040000
