0.089231
-0.062857
0.148571
0.203077
0.098462
-0.048000
-0.080000
0.120000
-0.112000
0.040000
-0.264000
-0.160000
-0.200000
-0.328000
-0.232000
-0.068571
-0.074286
0.061538
0.046154
-0.160000
-0.160000
-0.224000
0.056000
-0.144000
-0.312000
-0.192000
-0.256000
-0.280000
-0.336000
-0.224000
-0.088000
-0.128000
-0.088000
-0.200000
-0.176000
0.112000
-0.024000
0.024000
-0.040000
0.064000
0.056000
0.136000
0.136000
0.176000
0.208000
0.024000
-0.104000
0.072000
-0.136000
-0.080000
-0.008000
-0.008000
0.080000
0.208000
0.128000
-0.296000
0.008000
-0.128000
-0.200000
-0.080000
0.022857
0.085714
-0.005714
0.172308
0.033846
0.152000
0.090000
0.024000
0.216000
0.008000
0.048000
-0.020000
0.104000
0.144000
0.176000
