0.043077
-0.114286
0.017143
-0.012308
0.040000
0.056000
0.000000
0.000000
-0.064000
0.016000
-0.024000
0.080000
-0.096000
0.056000
-0.040000
0.074286
-0.028571
-0.058462
0.027692
0.018462
0.080000
0.000000
-0.040000
0.096000
0.000000
-0.064000
-0.040000
-0.024000
0.064000
-0.008000
-0.040000
0.016000
-0.096000
0.128000
-0.032000
-0.064000
0.064000
-0.024000
0.080000
0.040000
0.048000
-0.040000
-0.008000
0.008000
0.016000
-0.008000
0.016000
-0.032000
-0.008000
0.000000
-0.096000
-0.040000
-0.040000
-0.016000
-0.080000
0.088000
-0.032000
-0.016000
-0.016000
0.128000
0.022857
-0.045714
-0.057143
0.036923
0.000000
0.080000
-0.015000
0.032000
-0.024000
-0.040000
-0.128000
-0.035000
-0.064000
-0.064000
-0.024000
