-0.067692
0.131429
-0.085714
0.003077
-0.021538
0.096000
-0.080000
-0.032000
0.024000
0.040000
-0.016000
0.128000
0.032000
0.008000
-0.040000
-0.005714
0.017143
0.009231
0.006154
-0.036923
0.072000
0.000000
0.056000
0.008000
-0.008000
0.032000
0.120000
-0.008000
0.056000
0.040000
0.016000
-0.040000
0.032000
-0.032000
0.104000
0.056000
0.008000
0.056000
0.104000
0.088000
-0.008000
-0.056000
0.040000
-0.072000
0.040000
-0.008000
0.000000
-0.008000
0.048000
0.088000
0.024000
-0.064000
0.032000
0.040000
-0.064000
0.016000
-0.176000
-0.016000
-0.080000
-0.080000
0.154286
-0.017143
0.074286
0.000000
-0.018462
0.032000
-0.085000
0.016000
0.024000
0.008000
-0.024000
-0.085000
-0.048000
-0.024000
0.040000
