-0.120000
0.028571
0.114286
0.070769
-0.030769
0.072000
-0.024000
0.008000
-0.024000
0.000000
-0.096000
-0.016000
0.072000
-0.120000
0.008000
-0.034286
-0.011429
0.036923
0.000000
-0.076923
-0.104000
-0.056000
0.024000
-0.072000
-0.128000
-0.016000
-0.040000
-0.104000
0.056000
0.088000
0.008000
0.008000
-0.168000
0.096000
-0.016000
0.016000
0.088000
-0.064000
-0.016000
-0.024000
0.016000
-0.160000
-0.032000
0.008000
-0.024000
-0.072000
-0.112000
0.016000
0.112000
0.016000
-0.072000
-0.016000
-0.040000
-0.112000
0.008000
-0.048000
0.016000
-0.008000
-0.112000
-0.008000
0.011429
0.034286
-0.045714
0.055385
0.018462
-0.056000
0.100000
-0.072000
0.040000
0.056000
0.040000
0.015000
0.088000
0.072000
-0.008000
