-0.022105
-0.060182
-0.127000
-0.066875
-0.032500
-0.114500
0.023300
-0.020500
-0.029900
-0.030100
0.031600
0.043200
0.047600
-0.026500
0.005700
-0.052200
-0.108000
-0.100400
-0.043200
-0.151400
-0.033600
-0.177000
-0.162900
-0.096200
-0.109800
-0.202700
-0.031700
-0.016300
-0.100300
-0.220300
-0.026200
0.030400
0.014500
-0.072200
-0.108600
-0.109600
-0.073800
-0.156700
-0.131700
-0.049500
-0.068000
-0.061900
-0.049200
-0.075800
-0.112200
-0.045200
0.015800
-0.024800
-0.010000
-0.039400
0.113200
-0.099600
0.009400
0.016000
0.045400
-0.046000
-0.012600
0.004200
-0.102200
-0.117200
0.003600
-0.102600
-0.045000
-0.078800
-0.151400
-0.143200
-0.037800
-0.126800
-0.037000
-0.028400
-0.058200
-0.148600
0.020000
0.028400
0.002800
-0.037600
-0.066400
-0.092600
-0.084000
-0.091000
-0.192000
-0.005600
-0.054000
-0.012000
-0.034400
-0.091800
-0.072800
-0.062600
-0.040400
-0.079000
-0.026000
-0.007600
-0.151000
-0.038000
0.080000
0.019600
-0.008800
-0.037600
-0.024600
-0.048600
-0.052200
-0.079400
-0.147400
-0.047000
-0.104200
-0.032800
-0.100200
-0.050000
-0.030200
-0.168600
-0.119000
-0.089400
-0.093200
-0.085800
-0.013600
-0.051200
0.004600
-0.030800
-0.082800
-0.075200
-0.114600
-0.106000
-0.152400
-0.034800
-0.162400
-0.101200
-0.013273
-0.022333
-0.054800
0.031900
-0.019300
-0.049800
-0.055800
-0.077800
-0.164600
-0.016600
0.001300
-0.001000
0.034700
-0.019000
-0.024300
-0.026200
0.098400
-0.101100
-0.157600
-0.034500
-0.089900
-0.075100
-0.060500
-0.075500
-0.125500
-0.085600
0.002900
-0.153000
-0.295300
-0.051500
-0.028900
0.060700
-0.062700
-0.029400
-0.154000
-0.051800
-0.085700
-0.153000
-0.062900
-0.045300
-0.113500
-0.006737
0.001000
-0.012200
-0.128200
0.016600
-0.064800
-0.019800
-0.086200
-0.102200
0.004600
-0.028000
0.010200
-0.011600
-0.016800
-0.012200
-0.005200
-0.033600
0.074000
-0.070600
-0.133200
-0.031600
-0.102400
-0.121400
-0.101800
-0.095200
-0.027600
-0.094200
-0.006200
-0.058600
-0.246800
-0.043200
-0.001200
0.064800
0.009000
-0.074600
-0.151200
-0.038600
-0.131800
-0.146800
-0.015600
-0.086000
-0.078600
-0.020800
-0.077200
-0.160400
-0.111600
-0.137600
0.003400
0.005800
-0.117600
-0.107000
-0.083600
-0.099800
0.020200
0.000400
-0.013600
-0.060200
0.004400
-0.083200
0.068000
-0.127600
-0.116400
-0.040400
-0.053800
-0.097600
-0.102600
-0.180600
-0.209000
-0.161800
-0.100800
-0.101400
-0.291400
-0.176800
0.012200
-0.079200
0.000200
-0.143200
-0.248000
-0.038800
-0.128400
-0.170200
-0.135000
-0.060400
-0.094400
-0.089400
0.039800
0.075800
0.088800
-0.075000
0.019000
-0.022400
0.031200
0.052400
0.133000
0.020400
0.000000
-0.010600
-0.018400
0.016600
0.017000
-0.009600
0.042600
0.004600
0.037400
0.032600
-0.008400
0.020000
0.056400
0.054000
0.012000
0.000200
0.021000
0.039800
0.059600
-0.019600
-0.030600
-0.047600
0.023000
0.000800
0.140600
-0.025000
0.046400
0.141400
0.005000
0.041600
0.117800
-0.039000
0.022000
-0.000400
0.063800
-0.132400
0.060400
-0.008800
0.065200
0.022600
-0.069200
0.018000
0.003400
-0.000400
0.031600
-0.001600
0.016400
-0.010200
0.042000
-0.031000
0.080600
-0.051200
0.105200
-0.015000
0.041000
-0.018000
-0.019800
-0.096600
0.010400
0.009200
-0.006200
-0.152000
0.003000
-0.192000
0.018600
-0.021200
0.110200
-0.051000
0.055200
0.064400
0.030400
0.078000
0.086600
0.017000
0.062182
0.053400
0.000400
-0.005400
-0.013000
-0.024600
0.079800
0.017000
-0.102400
-0.001000
-0.008600
-0.014800
-0.005000
0.018800
0.019000
0.038800
0.037400
0.026600
0.080800
-0.004800
0.038200
0.018000
0.061800
0.073400
0.064200
0.004600
-0.020000
0.009200
0.076000
-0.023200
-0.040400
0.029200
-0.003400
0.010800
0.109400
0.013200
0.003400
0.021000
0.045400
-0.061000
0.046200
0.011400
0.026400
-0.024000
-0.079800
0.122400
-0.033000
-0.010000
-0.027800
0.007600
-0.137200
0.031200
0.000800
0.006200
-0.000600
0.010600
0.028000
0.006400
-0.052600
0.009400
-0.074800
-0.025800
-0.075600
-0.027000
-0.072200
0.000400
-0.019400
0.014800
-0.008800
-0.014400
-0.096800
0.128000
-0.027400
0.153400
-0.034200
0.056600
-0.103800
0.042400
-0.002800
-0.117200
-0.053200
0.048000
-0.083200
0.050600
-0.010600
-0.040600
-0.046600
0.071600
-0.051400
-0.016200
-0.030200
-0.049200
-0.049000
-0.019600
0.002000
-0.018200
-0.003600
-0.018200
0.017600
0.067600
-0.052600
0.015400
-0.035400
0.074800
-0.031000
-0.017000
-0.042200
-0.012400
-0.056200
0.008000
-0.025600
-0.038600
-0.033400
0.034000
0.012800
0.037000
-0.006200
-0.011800
-0.142200
0.025400
-0.095800
-0.108200
-0.012800
0.019400
-0.109800
0.038000
-0.065600
-0.026000
-0.014000
0.014400
0.009000
0.024200
-0.096000
-0.022200
0.026800
-0.082600
0.002400
-0.007000
0.015400
-0.024200
-0.047600
-0.028800
-0.021000
-0.012200
-0.117000
0.018000
-0.082200
-0.013400
-0.024600
-0.051200
-0.050600
0.043800
-0.015800
-0.013000
-0.071000
0.012600
0.009200
-0.079800
-0.039400
-0.052600
-0.130600
-0.043000
-0.076400
-0.054800
-0.065600
-0.004000
-0.050000
-0.017000
0.041818
0.055091
0.017600
0.028875
0.056400
0.034300
0.000900
-0.021900
-0.006900
-0.008500
0.009100
-0.010400
0.012700
0.032100
0.059400
0.016800
-0.008200
0.017300
-0.006800
0.016700
0.090300
0.060500
0.040600
0.076900
0.058900
-0.045900
0.040000
-0.022100
0.017200
-0.025600
-0.029700
0.049100
-0.012200
0.018200
-0.010400
-0.041200
0.035700
0.004500
0.031400
-0.021200
-0.050500
0.102737
0.041800
0.066154
-0.004545
0.045800
-0.013800
0.011400
-0.015400
-0.022000
0.027000
0.010000
0.006000
0.000400
-0.005400
0.000200
0.045400
0.049000
0.037400
0.022200
0.015200
0.045000
0.059800
0.013000
0.009600
0.056000
0.037000
0.026200
-0.004000
0.034600
0.005000
-0.020200
-0.016400
0.104000
0.011400
0.015000
-0.046800
-0.014000
-0.005400
-0.033400
-0.057600
-0.008800
-0.031800
0.038400
-0.054800
-0.030533
0.019400
-0.023400
0.008600
0.001200
-0.038000
-0.003000
0.018200
0.013000
0.006600
-0.015600
0.018000
0.001000
0.046200
-0.062200
-0.016200
-0.011000
-0.031000
0.027400
-0.079200
-0.042400
0.006800
-0.073800
-0.038000
0.034800
0.035000
0.040400
0.011400
0.008600
0.021000
-0.164400
-0.026400
-0.055200
-0.075200
-0.007200
0.037400
0.040200
-0.035800
0.026000
0.012800
-0.081800
