-0.028947
-0.032545
-0.031600
-0.044000
-0.046300
-0.032900
-0.015700
-0.035500
0.018000
0.032000
0.068500
0.021400
-0.001100
-0.010000
0.004600
0.001100
0.006000
-0.020000
-0.064500
-0.035200
-0.060600
0.009600
-0.053800
-0.016300
-0.007000
-0.053400
-0.011900
-0.014900
-0.062200
-0.057800
-0.015000
-0.008000
-0.010500
-0.022500
-0.034800
-0.082200
-0.025500
-0.044700
-0.016500
0.004300
-0.033100
-0.026900
-0.044400
-0.006800
0.015200
-0.038200
-0.036200
-0.015600
-0.017000
-0.007600
-0.006600
0.001200
0.059800
-0.012400
0.000000
0.002200
-0.003600
0.023400
-0.027400
-0.022400
-0.071400
-0.029200
-0.051000
-0.028800
-0.024000
-0.029000
-0.032800
-0.010200
-0.030400
0.001200
-0.034200
-0.058000
0.003800
0.014000
-0.017600
-0.023400
-0.022800
-0.057400
-0.045600
-0.054800
-0.024800
-0.005200
-0.028800
-0.031600
-0.037800
-0.023600
0.019200
-0.017200
0.006800
-0.019800
0.020000
0.000000
0.010600
0.049800
0.056000
0.000000
0.035200
0.010200
0.003600
-0.023000
-0.002800
-0.025200
-0.042800
-0.015600
-0.051400
-0.046600
-0.028600
-0.031200
-0.048400
-0.032400
-0.037800
0.012600
-0.027600
-0.061600
0.034800
-0.015200
0.007400
-0.039200
-0.038400
-0.034000
0.007600
-0.028800
-0.004000
-0.002600
-0.038400
-0.058600
-0.050000
0.064667
0.003467
-0.023700
-0.003300
0.002100
-0.016700
-0.000500
-0.003000
0.003200
-0.003800
-0.013000
-0.001100
0.018000
-0.023400
0.010900
0.143100
-0.031400
-0.010500
-0.012000
-0.008100
-0.012100
-0.028900
-0.049000
-0.071000
-0.012600
-0.022000
-0.018200
-0.065900
-0.059600
-0.010200
0.031400
0.022700
-0.022300
-0.039500
-0.025700
-0.006500
-0.034100
-0.036600
-0.019700
-0.019900
-0.027895
-0.021200
0.040600
-0.027200
-0.018200
-0.006600
0.032600
-0.002800
-0.037400
0.003400
0.019400
0.003000
-0.008600
0.008200
0.004400
0.007000
-0.000800
0.150200
-0.021800
-0.003000
0.007000
-0.036400
-0.002200
0.001800
-0.043400
-0.039600
-0.031600
-0.010800
-0.028200
-0.079000
-0.028800
-0.018800
0.008400
-0.011800
-0.027400
-0.064000
-0.027800
-0.024800
-0.045600
-0.050400
-0.028200
-0.035400
-0.042000
-0.036800
0.039400
0.014600
-0.029000
-0.023800
0.005800
-0.020200
0.005600
0.007200
-0.028200
0.014000
-0.010400
0.001800
-0.010800
0.011000
0.001200
0.139400
-0.069400
-0.006400
-0.021200
-0.022600
-0.023000
-0.030400
-0.032600
-0.065200
-0.028800
-0.008000
-0.016800
-0.059800
-0.065200
0.012000
-0.031600
-0.004400
-0.018400
-0.040800
0.026800
0.002600
-0.012800
-0.034800
-0.040000
-0.024600
-0.065000
-0.023000
0.002000
-0.019600
0.008200
-0.007800
0.001400
0.001600
0.004400
-0.003000
0.005000
0.009200
0.018800
-0.001200
-0.001200
-0.003000
-0.022400
0.015800
0.024600
-0.003600
-0.002800
0.000200
-0.010600
0.026000
0.001000
0.006200
0.003400
-0.001400
0.011200
0.031000
-0.013800
-0.015600
0.006600
-0.002600
0.011600
0.001600
-0.009200
0.016800
0.017400
0.001800
0.018600
0.003200
0.031400
-0.025600
-0.004200
-0.000600
-0.002600
0.014800
0.012800
-0.027200
-0.003400
-0.012400
-0.001400
-0.001000
-0.008200
-0.019600
0.001600
-0.008000
0.000800
-0.011000
0.021800
-0.005800
0.008200
-0.011000
0.008600
-0.001000
0.032800
0.008000
0.004600
-0.012000
0.008800
0.017400
0.003200
-0.002400
0.020400
-0.009000
0.001000
0.000600
-0.021600
0.003000
-0.006600
-0.008600
0.009200
0.010600
0.005800
0.004182
0.005800
-0.017400
0.003000
0.003400
0.007400
0.034000
-0.004400
-0.003400
0.021000
0.012800
-0.008200
-0.012200
-0.000200
-0.001400
0.008400
0.017200
0.025400
0.004200
0.010600
-0.009000
0.015200
-0.005600
-0.003800
0.009000
-0.016000
0.000000
-0.018400
0.010800
-0.013200
0.006000
0.010800
-0.009000
0.017600
0.006000
-0.028000
0.013200
0.015000
-0.002600
-0.010200
-0.007800
0.021000
-0.006000
0.001200
0.005800
0.000800
0.016000
0.011800
-0.003400
0.018400
0.020600
0.000600
0.008000
-0.008800
-0.002800
0.008400
0.006600
-0.007200
0.022000
0.004600
0.004800
0.002600
-0.000600
-0.011400
-0.006200
-0.012000
-0.013600
-0.008600
0.000800
-0.019600
-0.032400
0.011400
-0.007200
-0.000400
-0.010400
-0.011400
-0.012200
-0.009800
-0.007400
0.001400
-0.014400
0.004400
-0.014400
-0.007000
0.018600
0.016200
-0.000800
0.008000
-0.008600
-0.008400
-0.017400
0.007800
-0.015200
-0.001600
-0.008200
-0.002800
0.007400
-0.000600
-0.003600
-0.001200
0.021600
-0.017600
0.017400
-0.004400
-0.018200
-0.026400
-0.010400
-0.007600
-0.002000
0.002200
-0.000600
-0.014000
-0.014400
0.021600
-0.017800
0.003600
-0.006800
-0.003800
-0.007200
-0.022800
-0.033800
-0.020800
-0.003200
-0.000800
-0.017800
0.000800
-0.009400
-0.007400
-0.011000
-0.009600
-0.007800
-0.026400
-0.002200
0.024000
0.003600
-0.000600
0.004400
-0.003600
0.018000
0.015000
-0.008600
-0.004000
0.006800
-0.031800
-0.016800
-0.014600
0.026800
-0.029000
-0.005200
-0.008000
-0.011600
0.010400
-0.006000
-0.001000
-0.014200
0.010200
-0.008400
-0.014600
0.007600
-0.009400
-0.025800
0.000000
-0.030800
-0.010200
-0.000400
-0.021800
0.004800
0.009000
0.005455
-0.017636
-0.010000
-0.009625
-0.000600
-0.004800
0.004600
0.002600
-0.002400
0.001600
0.003300
0.004600
-0.003400
0.006800
0.060400
0.009800
0.019700
-0.002200
0.002600
-0.003600
0.003900
0.044100
-0.020900
-0.000900
-0.007400
-0.014800
-0.013900
0.017500
0.012300
0.022600
-0.002800
-0.013400
-0.003800
0.003200
-0.007500
0.010100
-0.003600
0.005200
-0.016900
-0.018400
-0.000600
-0.001053
0.024000
-0.001077
0.009818
0.007200
0.010000
0.017400
-0.004600
0.013000
-0.004000
0.020600
0.005600
-0.015800
-0.007400
-0.003400
0.059000
-0.000200
-0.028000
0.001400
0.010000
-0.002200
0.009400
0.044600
-0.010200
0.006800
-0.014400
-0.017800
0.002400
-0.019800
-0.015600
0.018400
0.000600
-0.002800
-0.014200
0.009600
0.008400
0.015600
-0.016800
0.008400
-0.016800
-0.000600
-0.000600
0.022000
-0.007000
0.018400
-0.016200
-0.003400
0.003800
-0.003200
-0.017400
-0.010400
0.024200
0.019600
0.005600
-0.005600
-0.015000
0.011800
0.053400
-0.006200
0.003400
-0.004200
-0.000800
-0.019600
0.007600
0.031200
-0.002200
0.001400
0.007600
-0.015600
-0.017800
0.023400
-0.003400
0.019600
0.012400
-0.024400
-0.014600
-0.025200
0.003600
0.026400
0.034200
0.004000
-0.019600
-0.017800
0.010600
-0.006400
