-0.030737
-0.122545
-0.028800
-0.031250
-0.027700
-0.032600
0.011300
-0.037800
-0.001200
0.044700
0.050700
-0.045700
-0.008100
-0.007900
-0.005200
-0.011300
-0.016600
-0.022000
-0.039900
-0.022500
-0.027700
-0.003300
-0.015700
0.019700
0.001100
-0.039100
-0.020000
-0.011700
-0.055100
-0.047800
-0.008100
-0.033500
-0.008400
-0.028000
-0.045800
-0.061000
-0.041300
-0.034000
-0.007700
0.009100
-0.011400
-0.032600
-0.009600
-0.009400
-0.023400
-0.018000
-0.015600
0.008600
-0.019200
-0.018200
-0.041200
-0.030800
0.059400
0.004800
0.001600
0.006600
0.016200
-0.001600
0.013400
-0.022400
-0.050400
-0.010800
-0.014400
0.000800
-0.032200
0.013600
0.017400
-0.038400
-0.021000
0.038000
-0.006400
-0.040200
-0.014800
-0.025200
0.002200
-0.033000
-0.016600
-0.057800
-0.029400
-0.011200
-0.029600
0.006800
-0.032400
-0.033800
-0.010400
-0.005000
0.031000
-0.023200
0.020800
-0.029800
-0.014600
0.016400
0.005400
0.032400
0.058200
-0.008800
0.011200
0.005000
-0.001200
0.009000
-0.009600
-0.037800
-0.038400
-0.031200
-0.039000
-0.025800
-0.003800
0.025000
-0.003000
-0.042600
-0.018200
-0.001400
0.012800
-0.024200
0.040000
0.005800
0.031600
-0.037200
0.003600
-0.006000
0.026400
0.042000
0.019200
-0.029200
-0.018800
-0.023200
-0.029091
-0.018833
-0.011333
-0.028400
0.005600
-0.024000
0.006000
-0.007400
0.024800
0.020400
-0.025700
0.002400
0.002200
-0.001300
0.001400
-0.012600
0.169800
-0.016200
-0.021300
-0.023300
-0.006300
-0.013700
-0.013600
-0.004900
-0.063600
-0.039900
-0.008700
0.038300
-0.058000
-0.019600
0.014400
-0.021800
-0.028700
-0.035900
-0.028400
-0.041800
-0.008900
-0.010700
-0.032200
-0.007300
-0.027000
-0.009158
-0.031000
0.053200
-0.014600
-0.012600
-0.003800
-0.010400
-0.031400
-0.058600
0.017800
0.016200
0.002000
-0.014200
-0.006200
0.022000
-0.011800
0.000000
0.138400
-0.032600
-0.007400
-0.020400
0.004000
-0.016000
-0.003200
-0.017200
-0.035800
-0.039000
-0.028400
0.005800
-0.032400
-0.003800
0.000600
-0.038600
-0.029000
-0.058200
-0.060600
-0.030800
-0.011200
-0.051800
-0.013600
-0.004000
-0.009200
-0.015200
-0.020800
0.063200
0.003200
-0.012800
0.000000
0.005600
0.037800
0.091000
-0.007600
0.006400
0.025600
0.001800
-0.015400
0.017200
-0.007600
0.015200
0.160600
-0.030600
-0.052400
0.006800
-0.010600
-0.012800
-0.006600
-0.006400
-0.082400
-0.024000
-0.019800
0.020800
-0.040000
-0.024800
0.016400
0.012200
-0.001800
-0.017400
-0.040200
0.001800
0.024000
-0.005400
-0.035000
-0.003800
-0.029800
-0.009200
-0.002400
-0.000800
0.019600
-0.005600
0.001800
0.020400
-0.006600
0.011600
-0.026800
-0.007800
-0.005400
-0.004400
0.010400
-0.016800
-0.016600
0.011800
0.007200
0.013200
0.009000
0.001600
-0.010400
0.026000
-0.009800
0.015800
0.030800
0.000000
-0.013200
-0.008800
0.019200
0.000600
0.001800
0.019000
0.020800
0.014000
0.011600
-0.005200
-0.009000
0.010200
0.015200
0.000000
0.000800
-0.000200
0.014400
-0.001000
-0.004000
0.016800
-0.002000
-0.003600
0.028400
0.013400
-0.005200
-0.002200
0.025200
-0.010200
0.003600
-0.008200
-0.016800
0.006400
0.000200
0.003400
0.007600
0.011200
0.000800
0.013800
0.006800
0.000200
0.024800
0.009000
-0.007800
-0.013800
0.003800
-0.022200
0.003800
0.013400
0.005600
0.007600
0.011600
-0.008800
-0.006000
-0.000800
0.011400
0.005400
-0.006200
0.018800
-0.005455
-0.004200
-0.018200
-0.010800
-0.003800
0.009200
0.008200
-0.003400
0.015400
-0.000400
0.001400
0.000000
0.013000
0.000000
-0.004800
0.002600
0.003000
0.018600
-0.000200
0.005800
0.011000
-0.008400
0.011800
0.002600
0.003200
-0.001800
-0.000600
-0.008600
0.027400
0.000200
0.001000
0.009600
0.013200
0.005400
0.015400
0.017000
0.013800
0.010200
0.000800
-0.011600
-0.000200
-0.010400
-0.005200
-0.001600
-0.017000
-0.014000
0.005000
-0.009200
-0.004400
0.003200
0.029800
-0.003400
0.027000
-0.008800
-0.000600
0.008200
-0.006800
-0.007000
-0.006000
0.002400
-0.004200
-0.004600
0.010800
-0.005200
0.002000
-0.007600
-0.002800
0.003400
-0.004000
0.003200
-0.010600
0.010000
0.011400
-0.011400
-0.016000
-0.006600
-0.002200
0.001600
-0.003000
-0.000800
-0.000600
0.013800
-0.013000
-0.008400
-0.016000
0.017000
-0.011200
0.001800
-0.017200
-0.011400
0.006000
-0.004000
0.003600
0.016800
-0.020400
-0.011600
0.011400
-0.002400
0.001400
-0.023800
0.013800
0.001200
-0.015600
-0.019400
0.000800
0.002800
0.008600
-0.005000
-0.003000
0.001600
-0.010200
0.019600
-0.014400
-0.001200
0.000600
-0.009600
-0.009600
0.009800
-0.013400
0.007200
-0.033400
-0.013800
-0.013200
0.008000
-0.006200
0.003400
-0.018800
0.004600
-0.011200
-0.012800
-0.021000
-0.012600
0.008400
0.030400
-0.016200
0.018200
-0.000200
0.006400
-0.001200
0.026800
-0.004800
-0.007000
-0.063800
-0.006800
0.011400
0.010200
0.002800
0.014200
-0.007400
0.007200
0.000000
0.002800
0.004800
0.003800
-0.012400
-0.016000
0.003800
-0.012800
-0.005200
-0.008600
-0.018400
-0.006800
-0.003400
-0.031600
-0.010000
0.011800
-0.012000
-0.020800
0.008545
0.056909
-0.009600
0.002500
-0.005100
0.002400
-0.003300
0.005600
0.028800
-0.005100
-0.010400
0.007900
-0.006100
0.016200
0.035200
0.011100
0.016200
0.004000
-0.011800
-0.002400
-0.005800
0.037400
-0.006100
0.000800
0.003900
-0.017600
-0.005700
0.007600
-0.018300
-0.007800
0.002500
0.005100
-0.005900
-0.003100
-0.000600
0.013600
-0.007600
-0.004900
0.003300
-0.023800
0.004400
-0.013158
0.007000
0.001538
0.013455
-0.022200
0.005800
0.013400
-0.016200
-0.037600
0.009800
0.011000
-0.002200
0.016600
0.001800
0.007400
0.034400
-0.002000
0.012200
-0.009000
-0.010600
0.004000
-0.005200
0.031200
-0.006600
-0.007200
0.008800
-0.021800
-0.000600
-0.019400
0.005200
0.021200
0.007000
-0.003400
-0.006000
0.007200
0.001200
0.015400
-0.009000
-0.005400
0.006800
-0.001600
-0.000400
-0.002600
-0.019600
0.020800
0.000400
0.008400
-0.003200
-0.015000
-0.020000
0.019400
0.012600
0.035600
0.012600
-0.001800
-0.005000
0.001000
0.040000
-0.007400
0.007000
-0.012000
-0.013200
-0.010800
-0.013600
0.005400
-0.011200
0.010200
-0.006600
-0.003000
-0.005200
0.007000
-0.008800
-0.002200
0.013600
0.038400
0.001800
0.018200
0.001800
0.037000
0.031600
0.033400
-0.020200
-0.019800
0.011800
-0.003200
