-0.081684
-0.102727
-0.149600
-0.075625
-0.028900
-0.134500
0.020900
-0.040500
-0.003400
-0.003300
0.014900
0.023700
0.077100
-0.104300
-0.004600
-0.180300
-0.070100
-0.056600
0.001500
-0.118200
-0.038100
-0.155200
-0.209100
-0.094800
-0.151300
-0.212900
-0.001600
-0.024300
-0.167400
-0.222200
-0.052800
-0.063200
0.022300
-0.131300
-0.102600
-0.206100
0.028900
-0.081500
-0.119000
-0.151800
-0.091800
0.005300
-0.099800
-0.113800
-0.139200
-0.068000
-0.043400
-0.030800
0.017800
-0.259600
0.014400
-0.075400
0.028000
0.018200
0.022000
-0.101400
0.018800
-0.059000
-0.040200
-0.083200
0.026400
-0.172200
-0.046200
-0.139600
-0.154000
-0.077200
-0.089800
-0.195400
-0.057800
-0.096200
-0.057600
-0.208000
-0.043800
0.035400
0.041200
-0.123000
-0.042600
-0.237600
-0.013200
-0.066400
-0.117400
-0.035600
-0.127400
-0.049600
-0.134400
-0.181400
-0.167200
-0.159200
-0.101200
-0.127800
-0.049000
-0.070200
-0.305400
-0.012200
0.020000
0.000200
-0.071400
-0.115200
-0.136800
-0.184800
-0.135200
-0.102200
-0.138000
-0.083800
-0.180600
-0.110000
-0.105200
-0.116200
-0.163600
-0.234400
-0.100000
-0.010000
-0.054800
-0.165000
-0.215400
-0.220400
-0.090000
-0.078200
-0.067800
-0.156800
-0.107600
-0.041400
-0.212400
0.030200
-0.223200
-0.139400
-0.152909
-0.136333
-0.231333
0.121200
-0.088300
-0.032900
-0.059900
-0.132900
-0.306100
-0.023500
-0.100900
-0.021000
-0.065000
-0.045200
-0.035700
-0.064500
0.035600
-0.072800
-0.196600
-0.091200
-0.193800
-0.086500
-0.181300
-0.170100
-0.136400
-0.152300
-0.056900
-0.288900
-0.321600
-0.005200
-0.061600
0.166300
-0.047100
0.009000
-0.216600
-0.091200
-0.081700
-0.257200
-0.194100
-0.114200
-0.295200
0.025053
-0.128200
-0.133000
-0.236600
0.185600
-0.137400
-0.045800
-0.095400
-0.170600
-0.007200
-0.057400
-0.031000
0.032400
-0.040400
-0.026200
-0.034200
-0.077200
0.066800
-0.084800
-0.169600
-0.062200
-0.197200
-0.163000
-0.164200
-0.176400
-0.094200
-0.134800
-0.041600
-0.122000
-0.269000
-0.002400
-0.057200
0.147600
-0.097600
-0.016000
-0.184200
-0.068800
-0.093400
-0.296400
-0.165000
-0.114200
-0.273800
-0.031000
-0.292800
-0.193400
-0.195800
-0.156600
-0.062800
-0.031800
-0.240200
-0.175000
0.078800
-0.169800
-0.045800
0.015600
-0.046400
-0.131800
-0.044600
-0.199800
-0.008400
-0.291000
-0.308400
-0.136200
-0.222400
-0.211600
-0.204600
-0.292400
-0.308000
-0.229200
-0.150000
-0.182200
-0.305000
-0.149600
-0.094200
-0.192800
-0.045600
-0.213600
-0.313600
-0.161600
-0.174400
-0.263600
-0.232200
-0.057000
-0.303600
-0.256400
-0.042600
-0.049600
0.037800
-0.128400
-0.018000
-0.065400
0.015200
0.027800
0.006400
0.013800
0.019800
-0.004800
-0.016000
-0.054000
-0.021400
-0.085200
-0.020000
-0.113000
-0.128600
-0.000600
-0.119400
-0.014600
-0.003600
-0.025400
-0.125600
-0.024400
-0.010200
0.107800
0.095400
-0.106000
0.013800
-0.195200
0.023800
-0.155400
0.027800
-0.118600
-0.048000
0.138200
0.076600
0.035000
0.119400
-0.156400
0.034000
0.056200
0.076800
-0.163400
0.096600
0.021000
0.018600
0.070200
-0.043200
0.021200
-0.009600
-0.019600
-0.009800
-0.057600
0.034800
0.026600
0.039000
-0.019600
0.055600
0.012000
0.134800
0.000200
0.030600
0.037600
-0.011800
-0.058400
0.061200
-0.065400
0.004800
-0.163400
0.065600
-0.176000
0.077800
-0.065600
0.082600
-0.060200
0.056800
0.116800
0.103400
0.099600
0.126800
0.032800
0.170545
0.122800
0.077800
0.053400
0.025200
0.007000
0.114400
0.020200
-0.089000
0.082200
-0.004600
0.001000
0.083000
0.046400
0.085600
0.114800
0.058800
0.165800
0.163400
0.082400
0.167600
0.144200
0.105200
0.186200
0.122000
-0.002800
0.070600
-0.019800
0.083600
0.044400
0.023000
0.224400
0.119200
0.021000
0.129200
0.032200
0.028400
0.106000
0.210800
-0.050800
0.155000
0.128000
-0.053800
-0.062800
-0.091400
0.129600
-0.035600
0.028400
-0.029800
-0.002800
-0.164400
-0.013200
0.012400
0.027400
-0.023200
0.049800
-0.034800
0.011200
-0.069200
0.001600
-0.084400
-0.019800
-0.124400
-0.045800
-0.041800
-0.083800
0.025600
-0.037600
-0.028800
0.043400
-0.084800
0.110600
-0.100200
0.196600
0.003800
0.079000
-0.086400
0.075400
-0.041400
-0.145600
-0.119000
0.100000
-0.156600
0.051800
0.058800
-0.013800
-0.029000
0.173800
-0.006800
-0.008400
0.011600
-0.064200
0.040800
-0.021400
0.002400
-0.002400
0.008800
0.023000
0.012600
0.150400
0.002600
0.134600
0.052800
-0.004400
0.114600
0.054600
0.055600
0.031800
0.085400
0.095400
-0.036000
-0.047200
-0.080400
0.114800
0.040000
0.130200
-0.055000
0.132800
-0.052600
0.077000
0.030800
-0.041000
-0.066000
0.079800
-0.141400
0.195400
-0.141800
-0.185000
-0.068200
-0.049000
-0.094200
-0.071400
-0.114200
0.035400
0.164400
-0.148000
-0.001200
-0.023600
0.005200
-0.008000
-0.084400
-0.116000
-0.071400
-0.096000
-0.205400
-0.029000
-0.196600
-0.133000
-0.072200
-0.174800
-0.141600
-0.003800
-0.082000
0.053000
-0.052800
-0.058600
-0.045200
-0.244000
-0.049800
-0.057200
-0.182800
-0.025400
-0.163600
-0.190600
-0.173400
-0.075200
-0.173400
-0.119200
0.106727
0.053818
0.053800
0.105250
0.074000
0.063400
0.035200
0.022800
-0.042300
0.011800
0.003400
-0.005100
-0.023100
0.011500
0.049300
0.095400
0.063500
0.077400
0.048500
0.059000
0.142500
0.082900
0.075200
0.115700
0.116500
0.037800
0.059900
-0.001000
0.054000
0.133600
0.038000
0.140900
-0.048400
0.068900
0.078600
0.085900
0.104200
0.048900
0.029900
0.022800
-0.019400
0.080105
0.080400
0.106769
0.074727
0.106400
0.040000
0.070200
0.004400
0.011800
0.004800
0.025200
-0.002600
-0.010200
0.004800
0.007600
0.027000
0.119800
-0.001000
0.092400
0.054800
0.007600
0.131400
0.080600
0.086200
0.084000
0.118400
0.072200
0.023800
0.154200
-0.009000
0.116800
-0.026600
0.175800
-0.008000
0.049000
0.030400
0.024800
0.108600
-0.048800
-0.036400
0.055800
0.007200
0.142200
-0.094400
-0.075067
-0.034600
-0.097800
-0.065600
-0.060000
-0.041200
0.036000
-0.047800
-0.085600
0.002600
0.046200
0.060200
0.003400
0.053800
-0.033400
0.023600
-0.006000
-0.052400
0.004800
-0.091800
-0.013600
-0.014200
-0.056600
0.021600
0.034800
-0.031600
-0.052200
0.007800
-0.097400
-0.008800
-0.154000
0.053200
-0.044200
-0.063400
-0.012400
-0.062800
-0.063800
0.009000
0.103600
-0.007600
-0.045000
