-0.028947
-0.033091
-0.033800
-0.044750
-0.032000
-0.022800
0.006600
-0.033100
-0.003900
0.029400
0.091100
-0.039500
0.006300
0.001000
0.020900
0.042600
0.002200
-0.004900
-0.061300
-0.030800
-0.035100
-0.022200
-0.040700
-0.018700
-0.018500
-0.070500
-0.044900
-0.011000
-0.057100
-0.057200
-0.013600
-0.016200
-0.032900
-0.067100
-0.040600
-0.050900
0.013600
-0.045400
-0.023700
-0.023600
-0.025700
-0.025900
-0.019000
-0.042800
-0.008000
-0.032800
-0.017600
0.004000
-0.003800
-0.026600
-0.012600
0.001400
0.088600
-0.019400
0.003400
-0.002800
-0.006400
0.013800
-0.042800
-0.037800
-0.045000
-0.019200
-0.017600
0.001000
-0.027000
-0.027200
-0.034000
-0.051200
-0.038400
0.031400
-0.009800
-0.062600
-0.010200
-0.039000
-0.023400
-0.069000
0.002800
-0.036400
0.016200
-0.004800
-0.027600
-0.045200
-0.026600
0.002000
-0.004000
0.009200
0.018800
-0.015400
0.018800
-0.002400
0.005600
-0.029800
-0.043000
0.023800
0.075000
-0.005800
0.014200
-0.001000
-0.012000
-0.036600
0.003800
-0.011200
-0.065600
-0.012400
-0.011400
0.003000
-0.011800
-0.004800
-0.037400
-0.074200
-0.029400
-0.004800
0.004800
-0.030200
0.007000
-0.003000
-0.001800
-0.055400
-0.018000
-0.016200
0.055200
0.009800
-0.022800
-0.011200
0.003400
-0.025800
-0.055091
0.025833
-0.006800
-0.040300
-0.009500
-0.007000
0.000600
-0.009800
0.024400
0.039300
-0.018700
0.005500
0.002700
0.021100
-0.001300
-0.009600
0.158800
-0.052000
-0.040200
-0.014100
0.004600
-0.008300
-0.021800
-0.040700
-0.102800
-0.047400
-0.016700
0.044000
-0.080900
-0.030000
0.003800
-0.010400
-0.023600
-0.022700
-0.037300
-0.017500
-0.007600
-0.071400
-0.024300
-0.030200
-0.016500
0.013053
-0.057800
0.028200
-0.021800
-0.035400
0.000000
0.002400
-0.010400
-0.019200
0.019600
0.016600
-0.022800
0.000600
-0.013200
0.035800
-0.008800
-0.004000
0.151800
-0.051000
-0.039600
-0.018800
-0.013400
-0.030800
-0.022600
-0.043200
-0.075800
-0.031800
-0.021800
0.016800
-0.062600
-0.025400
0.016400
-0.007200
-0.038000
-0.031600
-0.041000
0.011600
0.013400
-0.037400
-0.038200
-0.037000
-0.041800
-0.001200
-0.008000
0.068400
0.007600
-0.030600
-0.023000
-0.001200
-0.013400
0.013000
-0.013000
0.010600
0.043000
-0.010800
-0.026000
0.011400
-0.008800
-0.010400
0.133600
-0.066000
-0.031400
0.000200
-0.005400
0.003200
-0.008600
-0.016000
-0.091800
-0.038200
-0.012800
0.022000
-0.013200
-0.054000
0.003200
-0.021600
-0.044200
-0.022000
-0.038200
0.022000
0.034600
-0.021600
-0.054200
0.007200
-0.028400
-0.025800
0.020000
0.009200
0.011800
0.006000
-0.001200
0.005200
-0.008200
-0.011600
-0.037400
0.002200
-0.001200
-0.013400
0.004000
-0.003000
0.013200
-0.009000
0.014000
0.020400
0.022000
-0.005800
-0.023200
-0.001400
0.006000
0.014400
0.018600
-0.017200
0.005000
-0.021200
0.027400
0.031800
-0.004200
0.002400
0.006400
-0.002000
0.007200
0.003600
0.025000
0.018400
0.006000
0.007800
0.000400
0.019000
0.019000
0.018800
0.005200
0.009000
-0.002200
0.002400
0.005600
-0.008800
-0.014600
-0.003400
-0.003800
0.001000
0.018200
-0.004200
0.011600
0.017200
0.010800
0.023800
0.006200
-0.001000
-0.002600
0.011600
-0.009600
0.026800
0.027600
0.006400
-0.017800
0.004400
0.017200
-0.000400
-0.000600
-0.005000
0.005200
-0.010200
0.025600
-0.018200
0.010200
0.023600
-0.012200
0.009600
-0.011000
0.011800
0.008909
-0.007400
0.012400
0.012200
0.002400
0.013000
0.005800
0.008400
0.019000
0.012600
0.009800
0.003200
-0.011200
0.001400
0.009200
0.020200
-0.011800
0.008800
0.010200
0.000400
0.003000
0.009000
-0.008400
0.015200
0.011400
0.001400
0.000000
-0.003400
0.023400
-0.012600
-0.000600
0.007800
-0.007400
-0.010800
0.006400
-0.026000
0.009600
-0.000200
0.000000
-0.001800
0.012400
-0.002800
-0.011000
-0.007800
0.001600
-0.001600
-0.011800
-0.005600
0.001800
0.000600
-0.002400
-0.001600
-0.007200
-0.004000
-0.017200
-0.004800
-0.004400
-0.020600
0.005200
-0.014200
0.007200
-0.003400
0.012800
-0.025000
-0.011600
-0.023800
-0.024800
-0.009800
0.034000
-0.001600
-0.024400
0.006800
0.018400
0.013600
-0.024800
-0.003800
-0.026400
-0.007800
-0.011600
-0.014800
-0.010200
0.004400
-0.009800
0.027400
-0.016400
0.027200
-0.016000
-0.009600
-0.009400
-0.002200
-0.005800
-0.010200
0.031000
0.017200
0.000200
-0.003800
0.000200
-0.005600
0.003600
-0.005400
-0.004000
-0.039800
-0.023000
-0.010000
0.005200
-0.004800
-0.017000
0.001600
-0.023200
0.024000
-0.004000
0.014200
-0.008600
-0.005000
-0.007200
-0.004600
-0.008400
-0.001400
-0.008000
0.002800
-0.047800
-0.045400
-0.007400
-0.001400
-0.014200
-0.004800
-0.009200
-0.009400
-0.010400
0.004200
-0.002200
-0.003000
-0.014600
0.008800
-0.023400
0.009400
0.006000
0.000600
-0.007600
0.010600
-0.013800
-0.002600
-0.028200
-0.018600
-0.001200
-0.012400
-0.010000
0.001200
-0.001400
-0.008200
-0.015000
-0.005000
0.002600
-0.004200
-0.014400
0.001800
-0.014000
-0.022600
-0.017000
-0.005000
0.009400
0.001600
-0.014200
-0.001000
0.004800
0.017200
-0.011800
-0.009400
-0.004364
-0.010000
0.002800
0.002875
-0.010500
0.010600
-0.008000
0.014100
0.026100
-0.004700
-0.008400
0.005200
-0.007000
0.012300
0.050400
0.014600
0.017800
0.001700
0.001700
-0.007500
0.003100
0.047500
-0.015300
-0.002800
0.009100
-0.013100
-0.013000
0.000000
0.008600
0.006200
-0.010200
0.000600
0.001700
0.014600
-0.015100
0.014000
-0.000600
0.000200
0.003600
-0.010400
-0.008000
-0.008211
-0.002400
-0.005077
0.002545
-0.004600
0.010400
0.004800
-0.004600
0.013400
0.003400
0.014000
0.015400
0.004400
0.009000
0.005400
0.039200
-0.013000
0.014600
-0.000800
-0.005800
-0.006000
0.005400
0.026600
-0.011600
0.010800
0.004600
-0.000200
-0.008600
0.011000
-0.001200
-0.011200
-0.012200
-0.013800
0.021400
-0.007400
0.006600
0.031600
-0.010000
-0.015000
-0.003800
-0.016200
-0.008000
0.015200
0.004400
0.029467
0.001400
0.013600
0.022600
-0.004800
-0.002200
0.001600
-0.012000
0.012800
0.028800
-0.019400
-0.003400
0.004400
0.037600
-0.017800
0.007800
0.003200
-0.024600
-0.011800
-0.018000
0.026600
-0.003600
-0.017200
0.003600
0.004400
-0.015400
-0.006400
0.015200
0.036200
0.002600
0.010600
-0.002800
0.001400
0.005400
0.029000
0.022600
0.006600
-0.026600
-0.015200
0.002200
-0.012800
