-0.222077
-0.056167
0.003000
-0.304118
-0.171152
-0.152121
-0.130182
-0.174667
-0.200485
-0.135515
-0.009697
-0.192545
-0.169515
-0.160121
-0.179152
-0.172848
-0.082303
-0.145636
-0.165455
-0.185879
-0.171030
-0.162727
-0.175273
-0.098242
-0.167697
-0.176182
-0.086606
-0.175212
-0.150424
-0.165030
-0.163758
-0.164970
-0.148242
-0.200121
-0.155333
-0.185273
-0.180121
-0.178606
-0.171455
-0.169091
-0.125455
-0.169818
-0.010000
-0.016000
0.002000
-0.011500
0.010500
-0.023000
-0.007000
0.007000
-0.003000
0.030000
0.066500
-0.028500
-0.000500
0.015500
-0.001500
0.011500
-0.007000
-0.027500
-0.022500
-0.045500
-0.010500
-0.009500
0.026000
0.030000
-0.003000
-0.003000
0.027500
0.027500
-0.007000
0.025500
0.015000
-0.013000
-0.004000
-0.018000
0.005500
0.021000
-0.023000
0.004000
-0.007000
-0.011000
-0.021500
0.005500
-0.966500
-0.770000
-0.764500
-0.875000
-0.973500
-0.827000
-0.765000
-0.977500
-0.979000
-0.846500
-0.409500
-0.958500
-0.944500
-0.952000
-0.981500
-0.953500
-0.428500
-0.741500
-0.914000
-0.990500
-0.972000
-0.921500
-0.956000
-0.722000
-0.920000
-0.970500
-0.399000
-0.960500
-0.819500
-0.927500
-0.918500
-0.906500
-0.883000
-0.964000
-0.826000
-0.990000
-0.981500
-0.963500
-0.939500
-0.887000
-0.726000
-0.905000
0.012000
0.000769
-0.316875
-0.177394
-0.178485
-0.125576
-0.185273
-0.187939
-0.166545
-0.065879
-0.138545
-0.210303
-0.169576
-0.178242
-0.169636
-0.178485
0.054121
-0.178970
-0.166182
-0.173273
-0.156000
-0.173515
-0.135515
-0.174364
-0.194000
-0.131273
-0.095758
-0.159091
-0.159939
-0.155273
-0.165818
-0.156848
-0.168788
-0.171273
-0.170121
-0.179091
-0.169636
-0.163939
-0.178424
-0.116909
-0.167455
-0.199923
-0.014000
0.074500
0.021000
-0.007000
0.005000
-0.040000
-0.007500
-0.006500
0.007500
0.016000
0.018500
-0.021000
-0.014000
0.009000
-0.002000
-0.008000
0.165000
0.002500
0.024000
-0.007500
0.041000
-0.012000
-0.007000
-0.015000
-0.031000
0.005500
0.018500
0.008500
0.000500
0.003500
-0.002000
0.002500
0.033500
0.020000
0.022000
0.024500
0.016000
0.003000
-0.006500
0.006000
0.027000
0.033000
-0.978500
-0.776667
-0.871000
-0.974500
-0.961000
-0.653000
-0.980000
-0.978500
-0.958000
-0.365500
-0.727000
-0.960000
-0.949000
-0.959500
-0.956500
-0.967500
-0.423000
-0.966000
-0.932000
-0.990500
-0.929500
-0.966500
-0.734000
-0.948000
-0.920000
-0.722000
-0.526500
-0.900000
-0.900000
-0.901000
-0.898500
-0.870500
-0.960500
-0.969500
-0.843500
-0.980500
-0.968500
-0.937500
-0.986500
-0.665000
-0.946000
-0.911000
-0.001455
-0.053333
-0.008000
-0.017455
-0.014889
-0.004500
-0.006222
-0.017500
-0.028000
-0.010333
-0.014000
0.017091
-0.000222
0.001455
0.001600
-0.002800
-0.182600
0.008000
-0.002400
-0.008600
-0.028800
-0.008000
-0.015000
0.011273
0.031111
-0.005818
0.010222
0.016909
0.007778
0.000364
-0.028222
-0.009000
-0.002000
-0.005833
0.000667
-0.006800
0.018400
-0.012727
-0.004444
0.014000
-0.001636
0.002000
0.007636
-0.014800
0.001000
-0.004889
0.001333
0.015600
-0.013778
-0.014000
-0.013111
-0.001200
0.001400
0.006667
-0.000200
-0.016444
0.008182
-0.007111
0.006400
-0.012667
0.014182
-0.024444
-0.001400
-0.014667
0.002889
0.012000
0.012200
-0.009400
0.010889
-0.005000
-0.002000
0.013400
0.012889
-0.005400
0.004444
0.008800
-0.009000
0.002200
-0.006222
-0.009273
-0.008364
-0.024200
-0.003778
0.007400
0.016400
0.209182
-0.014000
0.026667
0.003600
-0.004222
-0.010000
0.004889
0.010000
-0.012000
-0.094600
0.029333
0.013800
-0.007400
-0.002000
0.015800
-0.000400
0.014667
0.004600
-0.011111
0.005400
-0.000222
-0.002000
-0.035778
0.000182
0.005400
0.007200
0.018667
-0.008600
-0.008889
0.000200
0.000889
0.001200
0.043333
-0.007200
0.012800
-0.001273
0.000000
0.002200
-0.002909
-0.006182
0.001400
0.001500
0.015200
0.001778
-0.000800
-0.003000
0.006222
0.011200
0.004667
-0.019000
0.001778
-0.008600
-0.005800
0.012222
0.008800
0.001111
-0.007000
0.025778
0.001273
-0.002667
-0.001273
-0.004222
0.002400
-0.009556
-0.012444
-0.006400
0.002444
0.000800
0.017600
0.007000
-0.010400
-0.011200
0.024222
0.018000
-0.000667
0.007800
0.003778
-0.006400
-0.008222
-0.001091
-0.002444
0.001333
0.017556
0.017111
-0.045273
-0.002800
0.008364
0.006667
0.007400
0.003111
0.011000
0.011333
0.012200
0.000889
0.018600
-0.015400
-0.002600
-0.007778
-0.006200
-0.128800
0.009200
-0.003111
-0.003000
-0.004444
0.000600
-0.003778
-0.002909
0.028667
-0.002000
0.007600
0.010200
-0.000667
0.014800
0.045111
-0.004400
-0.004444
-0.016600
-0.005333
-0.009273
0.002000
0.016000
0.002222
-0.001600
0.012200
-0.010444
-0.004889
-0.012200
-0.017125
0.013111
-0.000667
0.003111
-0.005333
-0.015111
0.001667
-0.010222
-0.070727
-0.001000
-0.005091
0.016667
-0.006200
0.004400
-0.033600
0.000600
-0.012800
-0.012000
0.010545
0.004800
0.005833
-0.016889
-0.000200
-0.003778
0.013818
-0.005778
0.010364
0.005556
-0.002000
0.019333
0.008167
0.041778
0.000909
0.026444
-0.009400
-0.000222
0.000889
-0.001600
0.012444
0.005600
0.005200
0.057167
-0.006500
0.318118
0.172303
0.142909
0.139576
0.178485
0.170061
0.077636
0.075152
0.181515
0.174970
0.176182
0.172182
0.171697
0.171091
0.131030
0.178424
0.179879
0.167758
0.164606
0.137333
0.136000
0.172606
0.128061
0.126848
0.163636
0.157879
0.168424
0.160364
0.140727
0.150848
0.166667
0.173455
0.175273
0.173273
0.160000
0.169515
0.118364
0.128303
0.217615
-0.015000
-0.014286
-0.009600
0.001500
-0.024500
0.011000
-0.001500
0.006500
0.004500
0.002000
0.017000
-0.000500
0.004500
0.008500
0.007500
-0.030500
0.015000
-0.004000
0.016500
-0.023000
0.021500
0.000500
-0.004000
0.002000
-0.016000
-0.006500
0.006000
-0.013000
0.016500
0.006000
0.010000
-0.011500
0.025500
0.023000
0.008500
0.018500
0.015000
0.010000
0.021500
-0.017000
-0.001500
-0.019500
0.954000
0.762750
0.576800
0.871500
0.955500
0.744000
0.750000
0.963000
0.946000
0.415000
0.416500
0.948500
0.952500
0.964500
0.946000
0.933000
0.723500
0.721500
0.965000
0.987000
0.916500
0.892000
0.721000
0.725000
0.954000
0.705500
0.693500
0.862500
0.880500
0.933500
0.886000
0.823000
0.856500
0.936500
0.962500
0.973500
0.951000
0.908000
0.929000
0.731000
0.713000
0.930000
