-0.229407
0.003500
-0.034400
-0.290316
-0.189030
-0.155515
-0.133576
-0.201394
-0.180485
-0.147091
-0.024545
-0.186606
-0.171758
-0.176667
-0.172000
-0.170182
-0.077939
-0.144606
-0.186667
-0.196364
-0.178121
-0.161273
-0.177636
-0.122000
-0.178606
-0.187091
-0.090424
-0.165030
-0.166485
-0.176545
-0.172485
-0.170182
-0.155212
-0.197636
-0.186788
-0.213758
-0.190485
-0.196242
-0.190000
-0.169576
-0.128545
-0.177152
-0.038800
-0.019800
-0.031800
-0.027000
-0.003200
-0.003600
0.006800
-0.044000
-0.007000
-0.015800
0.067000
-0.004800
0.016400
-0.004800
-0.030000
-0.006000
-0.024200
-0.011400
-0.037800
-0.029600
-0.034800
-0.016600
-0.047400
-0.020000
-0.035800
-0.020000
-0.033600
0.026200
-0.002400
-0.068000
0.017600
-0.002200
0.004200
-0.042200
-0.017400
-0.062200
-0.019000
-0.022200
-0.017200
-0.012000
-0.028200
-0.024600
-0.023200
-0.032600
-0.005400
-0.025400
0.019000
-0.028200
-0.003600
0.008400
0.024000
0.013400
0.062600
-0.004600
0.023800
0.011800
0.012400
0.002200
0.016000
-0.000600
-0.024400
-0.018600
-0.043200
-0.042800
-0.036000
-0.014600
-0.041800
-0.034200
-0.025000
-0.009000
-0.020800
-0.062000
0.018400
0.005600
0.015600
-0.037600
0.003600
-0.022400
0.045200
0.029400
-0.025600
-0.002800
-0.026400
-0.030400
-0.024545
0.037882
-0.298111
-0.186121
-0.182909
-0.130242
-0.184242
-0.181152
-0.166485
-0.068788
-0.132545
-0.196182
-0.165697
-0.178848
-0.176000
-0.180848
0.051818
-0.188485
-0.184303
-0.185152
-0.175455
-0.184061
-0.143394
-0.186242
-0.213455
-0.136545
-0.097333
-0.180121
-0.189576
-0.165515
-0.160606
-0.162970
-0.174121
-0.191152
-0.183818
-0.184242
-0.181455
-0.184182
-0.189273
-0.121333
-0.169939
-0.206000
-0.038600
0.029000
-0.010400
-0.025200
-0.019800
0.001400
0.002800
-0.020000
0.020400
0.018000
0.003400
-0.008800
-0.003800
0.020600
-0.022200
0.003400
0.156400
-0.029200
0.001600
-0.007800
-0.003600
-0.013200
-0.016800
-0.051200
-0.054200
-0.031200
-0.021400
0.002800
-0.039600
-0.030000
-0.013000
0.007600
-0.013600
-0.019600
-0.037000
-0.013600
-0.027400
-0.058000
-0.009000
-0.032200
-0.024000
-0.036000
-0.039000
0.035800
0.002000
-0.027600
-0.016600
-0.022200
-0.014400
0.014600
0.004400
-0.018600
0.013600
-0.030200
-0.021400
0.015200
0.021400
0.007600
0.170200
-0.032800
-0.043400
0.019200
-0.006400
-0.007400
-0.020000
-0.048400
-0.069200
-0.027800
-0.003400
0.020800
-0.052400
-0.058200
0.012200
-0.016000
0.003000
-0.007200
-0.037000
0.036000
0.020400
-0.001200
-0.045400
-0.041400
-0.015600
-0.012800
0.007200
0.000400
0.008000
0.013200
0.005200
-0.010200
0.013800
-0.000400
-0.025400
-0.001000
0.000600
-0.004800
-0.001600
0.007600
-0.014800
0.003800
0.000400
-0.000400
-0.004000
-0.001200
-0.009000
-0.012200
0.029600
0.014200
0.015400
-0.021400
-0.005800
-0.004800
0.008000
-0.011000
-0.019200
-0.003200
-0.021600
-0.001800
0.011400
0.008800
-0.004000
0.008800
0.016000
0.002600
-0.003200
0.008200
0.008200
-0.011400
0.007800
0.027000
-0.017000
-0.002800
-0.008800
-0.014800
-0.023400
0.014200
0.012400
-0.006400
-0.012200
-0.004400
0.009000
0.009400
-0.008800
0.017000
0.006600
0.023600
0.010400
-0.005600
0.010000
0.002800
0.018200
-0.016800
-0.015200
-0.002400
-0.012800
-0.006200
-0.008000
0.005200
-0.005400
0.023000
0.015800
0.006000
0.019000
0.014400
-0.006400
0.008000
0.019800
0.031800
-0.007455
0.239158
0.006800
0.002600
0.000000
-0.014400
0.014600
0.011400
0.004600
0.028200
0.023000
-0.000200
-0.005000
-0.014800
-0.010400
0.001400
-0.024200
-0.005000
0.015600
-0.014600
0.006600
0.012000
-0.013400
0.008400
-0.000600
0.010400
-0.008000
-0.017200
-0.005200
-0.012200
0.013800
0.016400
0.008200
-0.001800
0.016000
-0.028000
0.025000
-0.001400
0.020200
-0.007000
0.010400
0.007800
0.014000
0.011800
-0.021000
-0.013400
0.002000
-0.003600
-0.018600
0.032600
0.015600
0.016400
0.000200
0.000800
0.014000
-0.009600
0.001000
-0.001000
-0.008600
-0.020800
0.013000
-0.008400
0.002000
-0.002600
-0.007400
-0.002000
-0.024200
0.012600
0.019600
-0.004000
-0.007400
0.006000
0.019800
0.009200
0.014600
0.026000
0.020800
0.016000
-0.015000
-0.010000
-0.030200
0.004800
-0.000800
0.001000
-0.001200
-0.001333
0.000800
0.007000
-0.016200
0.003000
0.020200
-0.013000
0.019400
0.013400
0.020600
-0.005800
-0.012200
-0.004000
0.011000
0.006200
0.001800
0.000400
-0.003800
-0.015400
-0.015800
-0.010600
0.003000
-0.014000
-0.021000
0.006200
0.003200
-0.017200
-0.006600
0.016000
-0.000800
-0.003400
-0.012000
-0.008600
0.012200
-0.005800
-0.034200
-0.008200
-0.023600
-0.000600
-0.006200
0.016200
-0.003600
-0.003400
-0.000667
-0.005800
-0.001000
-0.008200
-0.023800
0.012800
-0.012000
-0.010200
0.018800
-0.004000
-0.003600
0.002000
0.004400
-0.013000
-0.012600
0.002000
-0.001800
0.016200
0.002800
-0.006600
0.019600
-0.017200
-0.007800
0.018600
-0.001200
0.000400
-0.012600
-0.005600
-0.008800
-0.008600
-0.009200
0.002400
0.008000
0.008400
-0.026000
-0.003600
0.003200
0.005400
-0.021200
-0.019800
-0.004182
-0.006625
-0.001200
0.281263
0.175576
0.138000
0.127515
0.180000
0.173273
0.073818
0.073091
0.179758
0.179152
0.173818
0.195636
0.180606
0.162606
0.136727
0.175576
0.179212
0.170545
0.183879
0.129515
0.129697
0.180424
0.120970
0.129697
0.152545
0.159455
0.171515
0.154303
0.145636
0.156606
0.166970
0.170727
0.177152
0.166242
0.165758
0.161939
0.121939
0.120667
0.204593
0.016600
0.014308
-0.008364
-0.002200
0.007800
0.002200
-0.018000
-0.004000
0.019800
0.008200
0.007200
-0.002800
-0.007800
0.014200
0.055000
0.003000
-0.001400
-0.017000
-0.005000
-0.006600
0.019200
0.045800
-0.011400
0.021600
0.008000
-0.019600
0.000200
0.000600
0.018000
0.021200
-0.000200
-0.007000
0.001800
-0.003800
0.023600
0.017400
0.003600
0.010200
-0.023400
0.008600
-0.000200
0.017400
-0.000600
0.013200
0.000800
0.009800
0.007200
-0.003200
0.004800
0.010200
-0.010000
0.017600
0.013400
0.001200
-0.000800
0.003800
0.045400
-0.003400
0.027800
-0.013800
-0.010200
0.006200
-0.010800
0.017000
0.014800
0.010600
0.012200
0.002800
-0.005200
-0.020600
-0.006800
0.006200
0.008600
-0.020800
0.009400
-0.005200
0.017000
0.048000
0.024000
0.006600
-0.010600
0.003400
0.020000
-0.004000
