-0.002316
-0.017091
0.001200
-0.022375
-0.011100
-0.036000
0.000500
-0.039400
-0.000100
0.014900
0.061500
-0.033700
-0.026800
-0.017600
0.008800
-0.013600
-0.003400
-0.024600
-0.020100
-0.030500
-0.000500
0.001300
-0.012400
0.009600
0.007800
-0.018300
-0.032100
-0.015600
-0.032300
-0.023700
0.006400
-0.006200
-0.002900
-0.014200
-0.036900
-0.051800
-0.021400
-0.019500
0.000900
0.021300
-0.005800
-0.015800
-0.014400
0.000200
0.000800
-0.009600
-0.026600
0.017000
0.010400
-0.023400
-0.028600
-0.016600
0.061200
-0.001400
-0.012400
0.019400
0.009000
-0.011200
-0.001000
-0.015200
-0.023800
0.000200
0.000600
-0.002800
-0.030800
0.012600
-0.011400
-0.027200
-0.040200
0.036200
-0.009800
-0.009200
-0.017800
-0.007200
-0.003000
-0.034400
-0.001600
-0.033400
-0.003800
0.005400
0.024600
0.004200
-0.031600
0.002400
-0.008200
-0.013200
0.021600
-0.009200
0.030000
-0.008600
-0.031400
0.030200
0.010600
0.031400
0.064200
0.009600
0.007200
0.006200
-0.016200
0.004000
-0.010000
-0.014200
-0.012400
-0.023600
0.007400
0.020200
0.023200
0.009200
-0.004000
-0.001400
-0.011000
0.035000
-0.008600
-0.010400
0.016600
0.008800
-0.015400
-0.002600
-0.007800
0.029800
0.046200
0.042600
0.009400
-0.011400
0.002000
-0.053800
-0.028364
0.059500
0.000133
-0.022800
0.015100
-0.002100
-0.004900
-0.007000
0.016200
-0.014500
-0.022100
0.004900
0.006700
0.026900
0.007800
-0.019400
0.164100
-0.019200
-0.029600
-0.030800
0.012700
-0.009200
0.011500
-0.018700
-0.034200
-0.027600
-0.004600
0.005400
-0.040200
-0.022400
0.025100
0.010900
0.001100
-0.019500
-0.013400
0.002200
-0.010900
-0.006900
-0.021300
-0.027700
-0.030000
-0.015789
-0.019600
0.035000
-0.003800
-0.027200
-0.019400
-0.021800
-0.021400
-0.040600
0.001800
0.013600
0.021600
0.012800
0.017000
0.006800
-0.002800
-0.003000
0.152600
-0.017400
-0.002200
-0.015000
-0.002400
-0.007400
0.004600
0.010800
-0.024200
-0.025200
0.017400
0.012000
-0.010800
0.000400
-0.013600
-0.021600
0.014800
-0.014200
-0.025200
-0.025000
-0.009800
-0.008800
-0.013000
-0.020800
-0.007000
-0.018800
0.001800
0.081000
0.003200
-0.010400
0.002600
0.001200
-0.015200
0.065400
-0.026800
0.024000
0.044600
0.002600
-0.020800
0.032600
0.003000
0.005000
0.140200
0.014600
-0.016600
0.012000
0.008800
-0.009600
0.001600
-0.001600
-0.033600
-0.010800
0.007600
0.018200
0.003000
-0.015400
0.013400
0.038200
-0.003600
-0.011600
0.003600
0.028400
0.055400
0.039800
-0.021200
-0.000200
-0.014200
-0.021800
0.007800
-0.000200
0.008800
0.003000
-0.003000
0.009200
0.014000
0.006000
-0.019800
0.012200
0.003600
-0.020800
0.001400
0.000600
0.015200
-0.009600
0.000200
0.003400
-0.015400
-0.011600
0.001200
-0.002400
-0.001800
0.005200
0.002600
-0.000600
0.003000
0.010200
0.001000
-0.002800
-0.011200
0.011600
-0.003800
-0.010600
0.007400
0.008800
-0.009000
0.004400
0.007800
0.006000
0.007000
-0.002800
-0.009800
-0.012600
-0.000800
0.012400
-0.030400
-0.006800
0.015200
0.003000
-0.015800
0.020800
0.001000
-0.002000
-0.005400
-0.020000
0.005800
0.008400
0.005400
0.000400
-0.018200
0.005800
0.006600
0.001200
-0.025400
-0.009000
-0.000200
-0.000400
-0.005600
-0.001200
-0.005800
-0.008800
0.011200
-0.005400
-0.004200
0.000200
0.003400
-0.008200
-0.011400
0.008800
-0.014000
0.014000
-0.001800
-0.002600
-0.001273
-0.002600
0.001400
0.014800
-0.007200
0.027800
-0.002600
-0.027600
0.012800
-0.003200
-0.012200
0.000000
0.001000
-0.009400
-0.020400
-0.017400
-0.006400
0.019400
0.010400
-0.008000
0.014400
-0.004200
-0.012200
-0.011200
-0.007200
0.012000
-0.001400
-0.010000
0.006600
0.009200
0.001600
0.006400
-0.013000
0.010000
0.000600
-0.002600
-0.010000
0.022800
0.001400
-0.000200
-0.001400
0.001600
0.004600
-0.003000
-0.017000
0.008400
0.009200
-0.007600
-0.003400
-0.005200
0.011600
0.019200
-0.021400
0.011600
-0.013800
0.003200
0.004000
0.000800
-0.033000
-0.007400
-0.002000
-0.003200
0.000000
-0.017400
0.012200
-0.012200
-0.018600
0.001200
0.010800
0.015800
-0.005400
0.009200
0.008000
0.010000
-0.001400
-0.009200
0.001800
0.007400
-0.012600
-0.007600
-0.008000
-0.004200
-0.016800
-0.017200
-0.001600
0.009600
-0.004400
0.007000
0.006600
0.023600
0.021400
-0.009800
-0.001000
-0.005600
0.004200
0.011800
-0.013600
-0.003200
-0.013000
-0.010400
0.009600
-0.002000
0.004600
0.007400
-0.016000
0.012600
-0.019000
0.008600
-0.005400
0.000200
-0.002600
0.009000
-0.001200
-0.003000
0.015600
0.004200
0.002000
-0.014000
0.004800
-0.014800
-0.023800
-0.005600
-0.010400
-0.001000
0.007400
-0.007800
-0.005400
0.011600
-0.002800
0.005400
-0.009400
0.000400
0.003000
-0.003600
-0.023400
0.011600
0.004200
0.003800
0.010600
-0.003600
0.008400
0.013600
-0.019400
0.016000
0.000600
-0.022000
-0.005200
0.006200
-0.003400
0.009600
-0.026000
0.008600
0.022400
-0.002200
0.021200
-0.009000
0.007400
0.000400
0.006200
-0.000600
0.006800
0.001800
-0.012400
0.007600
-0.002400
0.016000
-0.002400
-0.024600
-0.010182
-0.004909
0.014800
-0.001250
0.000800
-0.023700
0.004600
-0.008000
0.013700
0.000400
-0.010600
0.002800
0.007900
-0.004500
0.042400
0.019800
0.013100
0.000000
0.008500
0.006300
0.002800
0.037900
-0.002500
0.005500
-0.006400
-0.020300
0.000700
0.016200
-0.013700
0.015700
-0.005100
-0.002700
-0.004600
-0.004100
-0.006300
-0.004400
-0.014700
-0.014200
-0.005400
-0.003400
-0.002800
-0.003789
-0.003600
-0.000923
-0.019091
-0.009200
-0.013600
0.010800
-0.026600
0.001600
0.006400
-0.017800
-0.007600
0.016200
0.013800
0.018200
0.046200
0.023400
-0.002800
-0.002600
0.030000
0.008000
0.000200
0.020200
0.001800
0.005400
-0.004400
-0.000800
-0.008000
-0.003800
0.021800
0.008000
-0.007400
0.014400
-0.009800
-0.005800
-0.007600
0.008400
0.011200
-0.005000
-0.007600
0.011000
-0.007000
-0.002400
-0.001600
0.023867
-0.006000
0.003200
0.000200
0.007400
-0.024200
0.008400
0.004600
0.014600
0.012000
-0.000600
-0.000400
-0.003200
0.039200
-0.017000
0.004600
0.008000
0.002200
0.006400
-0.014600
0.019800
-0.016400
-0.002400
-0.014800
-0.014600
-0.010600
-0.013200
0.012000
0.018600
0.027200
0.029400
0.015800
0.013800
-0.010200
0.031000
0.038800
0.027200
-0.044200
-0.014800
-0.011000
0.001600
