-0.031895
0.079273
0.002200
0.002750
0.069400
-0.017900
0.008400
0.097300
-0.022600
0.027700
0.096300
0.131100
0.113800
-0.044000
0.012300
-0.044800
0.045900
0.002400
0.000000
-0.020600
0.003000
0.001100
-0.026700
0.026400
-0.107700
0.026700
-0.008500
0.170600
-0.020600
-0.004100
-0.044100
0.007900
0.019700
-0.073400
-0.019400
-0.007200
0.010700
-0.008400
0.001400
-0.023600
-0.016700
-0.030300
0.006800
0.069000
-0.003000
0.017200
-0.006800
0.014400
0.013800
-0.035400
-0.058400
0.073600
0.087800
0.109000
-0.215600
-0.010200
-0.041400
-0.017800
0.010000
-0.124000
-0.008000
-0.025000
-0.002400
-0.002200
-0.011400
0.007800
-0.093000
0.001000
-0.022000
-0.010200
-0.029400
-0.008600
-0.020400
0.000600
0.013400
-0.123200
-0.003600
-0.009000
-0.027600
-0.056000
0.004200
0.010200
-0.004600
-0.000600
-0.483000
-0.533400
-0.336600
-0.471000
-0.435800
-0.306400
-0.109600
-0.379400
-0.610600
-0.306400
-0.054200
0.028800
0.172400
-0.341800
-0.334200
-0.348800
-0.216400
-0.378400
-0.532800
-0.390200
-0.461400
-0.485800
-0.487400
-0.341200
-0.486200
-0.564800
-0.152600
-0.248400
-0.429000
-0.473400
-0.395400
-0.464800
-0.191200
-0.274200
-0.343400
-0.465800
-0.448800
-0.509600
-0.536800
-0.433200
-0.383000
-0.502200
-0.092182
-0.061833
-0.215867
0.101800
-0.107700
-0.048400
-0.029700
-0.098200
-0.217200
-0.028500
-0.182300
0.024500
0.197300
-0.085200
-0.099100
-0.060600
0.154900
-0.120400
-0.025100
-0.131700
-0.169200
-0.149700
-0.147600
-0.227800
-0.096000
-0.155500
-0.129100
-0.171300
-0.217100
0.012500
-0.311900
0.062800
-0.051800
0.007500
-0.141400
-0.024100
-0.065100
-0.224200
-0.202700
-0.088400
-0.320800
-0.030632
-0.089400
-0.061200
-0.221200
0.135200
-0.100600
-0.012000
-0.026800
-0.130200
-0.078600
-0.042200
-0.035600
-0.007400
-0.137800
-0.192600
-0.086000
-0.090400
0.055000
-0.118400
-0.033800
-0.113200
-0.191200
-0.113800
-0.132400
-0.230200
-0.103000
-0.107600
-0.137000
-0.065800
-0.204400
0.025000
-0.267800
0.078600
-0.158000
0.013800
-0.134200
-0.016400
-0.048800
-0.232400
-0.214000
-0.018800
-0.304000
-0.044000
-0.497600
-0.515400
-0.391400
-0.417000
-0.427400
-0.162000
-0.446200
-0.351800
-0.324400
-0.267600
-0.028400
-0.054400
0.200200
-0.342400
-0.261000
-0.436000
-0.064400
-0.583600
-0.534000
-0.312600
-0.577000
-0.587600
-0.434000
-0.566200
-0.569800
-0.383400
-0.253200
-0.361400
-0.644000
-0.476000
-0.472600
-0.495200
-0.151600
-0.426400
-0.504800
-0.495800
-0.468800
-0.534400
-0.498400
-0.294600
-0.610600
-0.477200
-0.218600
-0.224600
-0.103400
-0.267800
-0.213800
-0.150000
-0.048400
-0.110400
-0.242200
-0.134400
0.045400
0.040400
-0.055800
-0.043400
-0.070400
-0.202400
-0.142200
-0.153400
-0.255600
-0.126600
-0.271000
-0.169600
-0.162600
-0.145800
-0.212800
-0.151200
-0.134200
-0.158400
-0.197200
-0.271000
-0.111000
-0.240400
0.055000
-0.147000
-0.149800
-0.256800
-0.215600
-0.133400
-0.145600
-0.177400
-0.089000
-0.248800
0.091400
0.057200
0.080600
-0.018200
0.074400
0.040000
-0.005400
0.055400
-0.022600
-0.032600
0.027600
-0.088800
-0.049800
0.059000
0.009200
0.008400
0.039800
0.032400
0.010200
0.030800
0.067400
0.052200
0.003800
0.034200
-0.001400
0.021600
0.056400
0.051800
0.048200
0.012800
0.106600
-0.034600
0.068200
-0.016800
0.038800
0.016200
0.033600
0.058800
0.078600
0.059200
0.069800
0.007000
0.420000
0.292800
0.214800
0.244200
0.262600
0.130800
0.166800
0.335200
0.204800
0.128400
0.004400
0.092200
0.140000
0.160000
0.258400
0.248200
0.065400
0.248600
0.236400
0.140600
0.298200
0.269200
0.182200
0.244000
0.283000
0.150000
0.167800
0.233800
0.187000
0.297600
0.207800
0.288800
0.065800
0.143600
0.208800
0.272800
0.236000
0.253600
0.351400
0.169200
0.265000
0.197400
-0.038200
-0.050400
-0.062800
0.024000
-0.028800
0.041600
0.006800
-0.041400
-0.090800
-0.038200
-0.033000
0.033400
-0.132400
-0.029400
0.011600
-0.004800
-0.004800
-0.048000
-0.012600
-0.030800
-0.037400
-0.025600
-0.023400
-0.047600
0.022200
-0.060800
-0.027000
0.005200
-0.049400
0.000000
-0.053800
0.011400
-0.017800
0.036000
-0.014800
0.011600
0.053400
-0.023200
-0.071800
-0.005600
-0.097400
-0.018800
0.268400
0.168400
0.126600
0.246400
0.185400
0.150200
0.112200
0.138200
0.132200
0.133400
0.015400
0.010400
-0.173800
0.004800
0.063800
0.273800
0.028800
0.136800
0.235600
0.120600
0.291400
0.207400
0.178800
0.169200
0.230200
0.169200
0.087000
0.165400
0.174400
0.270200
0.100400
0.190800
-0.003600
0.140400
0.128600
0.231400
0.252800
0.148000
0.083000
0.211800
0.093600
0.231400
-0.406200
-0.258800
-0.191400
-0.245400
-0.316800
-0.170000
-0.185800
-0.197600
-0.216200
-0.163400
-0.027000
-0.011000
0.026800
-0.158000
-0.206400
-0.258600
-0.035200
-0.238400
-0.269000
-0.218000
-0.346400
-0.230600
-0.170200
-0.275600
-0.267600
-0.175000
-0.168400
-0.254000
-0.201000
-0.312400
-0.242000
-0.348800
-0.082600
-0.199800
-0.252600
-0.276800
-0.267800
-0.278400
-0.364800
-0.229000
-0.268600
-0.194400
0.123273
0.072909
0.037800
0.096625
0.061300
0.065700
0.045500
0.080100
0.037800
0.040800
-0.024000
0.002800
0.038700
0.033600
0.054600
0.083400
0.056400
0.084600
0.062100
0.060700
0.092600
0.051200
0.024300
0.068400
0.088300
0.043000
0.071400
0.036700
0.054500
0.104600
0.061000
0.053100
-0.034300
0.067100
0.051400
0.074500
0.067600
0.093800
0.053300
0.005600
0.031500
0.087684
0.116600
0.016923
0.031273
0.096800
0.083400
0.106800
0.005400
0.055200
0.075400
0.038200
-0.014200
-0.030800
0.017000
-0.021600
0.017400
0.095400
0.061400
0.039600
0.066200
0.058200
0.075200
0.068400
0.056600
0.049200
0.089600
0.038600
0.030200
0.005200
0.047400
0.094400
0.053000
0.066400
-0.025400
0.035800
0.055000
0.098600
0.126000
0.044800
0.018600
0.079400
0.040600
0.048600
0.259400
0.296533
0.211400
0.192400
0.217600
0.076400
0.046200
0.277200
0.257000
0.042400
0.004600
0.020000
0.069000
0.144200
0.302000
0.308800
0.256000
0.250800
0.381200
0.302000
0.274800
0.300600
0.261400
0.223000
0.329600
0.239000
0.114600
0.159800
0.258200
0.271800
0.200800
0.217600
0.166800
0.141800
0.169000
0.266000
0.300400
0.270400
0.307600
0.216200
0.189200
0.283000
