-0.010947
-0.018545
-0.026800
-0.016250
-0.030200
-0.044600
0.023200
-0.035200
-0.004100
0.023600
0.061400
-0.047000
-0.010400
0.013600
0.007300
0.002200
-0.014900
-0.017800
-0.049800
-0.017400
-0.032900
0.030200
-0.011800
0.014000
0.000100
-0.019300
-0.028600
-0.028600
-0.046000
-0.047800
-0.003000
-0.017300
0.002600
-0.012800
-0.024200
-0.048500
-0.005800
-0.005700
-0.003700
0.010600
-0.016900
-0.014800
-0.020400
-0.039800
-0.036600
-0.031400
-0.013600
0.002600
-0.009800
-0.003600
-0.012200
-0.000400
0.072000
-0.009000
-0.021800
-0.013200
0.015200
-0.006000
-0.000600
-0.014800
-0.037200
-0.033600
-0.020400
-0.008800
-0.013600
-0.001000
-0.001800
-0.014600
-0.033400
0.030600
-0.005000
-0.019400
-0.011800
-0.013800
-0.025400
-0.027400
-0.027800
-0.054600
0.012800
-0.022000
0.004000
-0.001800
-0.007600
-0.012200
-0.006200
-0.009800
0.015800
0.028800
0.017600
-0.048800
-0.025800
0.026800
0.026400
0.046400
0.082200
0.028000
0.004600
0.003200
-0.021000
-0.000800
-0.022200
-0.015800
-0.023600
-0.010800
-0.012800
-0.036400
0.004600
0.026400
-0.013800
-0.026600
-0.012400
0.031000
-0.002000
0.016200
0.035800
0.008000
0.024400
-0.036000
0.008400
0.012800
0.024400
0.045200
-0.000400
-0.007600
-0.009200
-0.029200
-0.037818
0.040333
0.007333
-0.003400
0.013400
-0.008300
0.016400
0.002100
0.014100
0.001400
-0.023600
0.009000
-0.007500
0.004300
0.004500
-0.016400
0.166400
-0.023600
-0.020500
-0.017500
0.006800
0.005200
-0.004300
-0.001100
-0.042800
-0.035200
-0.019700
0.019000
-0.038700
-0.005800
0.005900
-0.012700
-0.009200
-0.028600
-0.027500
-0.008100
0.020500
-0.019800
-0.025100
-0.013500
-0.005900
-0.013789
-0.026800
0.059600
-0.021800
-0.030400
-0.008200
-0.006600
-0.008000
-0.030400
0.008600
0.033000
0.019000
-0.015600
-0.002400
0.027200
0.009800
-0.013000
0.146000
-0.042800
-0.024800
-0.024400
-0.013000
-0.011600
0.007400
-0.001000
-0.024800
-0.028600
-0.018600
0.021800
-0.034600
-0.020600
-0.014200
-0.026400
-0.023400
-0.032600
-0.045400
-0.017600
-0.012400
-0.018600
-0.035000
-0.022200
-0.025200
-0.030400
-0.020000
0.069600
0.027200
-0.003200
-0.009000
0.019800
0.011200
0.087800
-0.052200
0.037600
0.012200
0.016600
-0.036800
0.034000
0.005200
-0.008600
0.149800
-0.017600
-0.015200
0.021200
-0.005800
0.000800
0.003400
-0.007600
-0.029600
-0.016600
-0.003400
0.010800
-0.008400
-0.021400
0.030800
0.058000
0.001800
0.030000
-0.013200
0.049600
0.025200
0.024600
-0.032000
-0.006200
0.002800
-0.013800
-0.018400
0.005600
0.018600
0.010200
-0.007400
-0.007400
-0.015600
-0.016800
-0.010200
-0.003600
-0.021000
-0.003400
0.001800
0.003200
0.002000
0.004600
-0.006200
-0.007400
0.036600
0.000800
-0.004400
-0.005200
0.019800
-0.018200
-0.004200
-0.011800
0.003200
-0.008200
0.001200
-0.013800
0.002000
-0.026800
0.026400
-0.008000
0.022200
0.001800
0.001200
0.007200
0.000400
-0.018400
0.013400
-0.006600
0.014400
0.004600
0.026400
0.013200
-0.009800
-0.000200
-0.006800
-0.004400
0.007600
-0.018200
0.010000
0.003000
-0.008800
-0.018600
-0.002000
0.008600
0.000200
0.018400
0.011200
-0.004200
-0.011800
-0.008000
0.012200
0.016400
0.022200
0.008000
-0.001400
-0.000200
-0.000400
-0.006400
0.025800
0.011400
-0.008600
0.018400
0.002400
-0.009200
-0.020400
0.009000
-0.008200
-0.013800
0.001800
0.025600
-0.009818
-0.016600
-0.004400
0.000400
0.000200
-0.005000
0.006600
-0.015400
-0.005800
-0.010800
0.006600
0.007600
-0.008800
-0.006800
-0.012200
-0.015800
-0.002200
0.006800
0.010600
-0.005200
-0.012600
-0.002200
-0.000800
0.009800
-0.003800
0.004600
-0.006000
0.000200
0.008600
0.020000
-0.026400
0.005400
0.004800
-0.006600
0.016600
-0.009200
-0.004200
0.016600
0.015600
-0.000600
0.007200
-0.003400
-0.031400
0.006800
-0.013800
-0.005200
0.034400
0.002400
0.011400
0.017600
0.020400
0.006200
-0.013400
0.000200
0.010400
-0.000400
-0.001000
0.000200
-0.016800
-0.000800
0.005600
-0.019400
-0.002600
0.029400
0.007400
-0.007600
0.012800
0.010600
-0.002000
0.007200
0.009000
0.006600
0.006400
0.003600
0.014000
-0.003400
0.002600
0.020400
0.001800
0.000000
-0.005000
0.008000
0.022600
-0.007800
-0.001800
0.034000
-0.003800
-0.023000
-0.011200
-0.004600
-0.001400
-0.017000
0.011000
0.006000
0.004800
0.002000
0.004600
-0.003600
0.014400
-0.024400
0.008600
-0.010000
-0.014200
-0.014800
0.000800
0.001800
-0.017400
-0.011000
-0.027200
0.001200
0.005000
0.003200
-0.008800
0.008000
-0.011400
0.006400
-0.002200
-0.000800
0.000400
-0.003400
-0.018000
-0.016200
0.023800
-0.012000
-0.010000
-0.002200
-0.015000
0.009200
0.003000
-0.008600
-0.011600
0.009800
-0.020600
0.008000
-0.013200
0.001400
-0.007600
0.003200
-0.004200
0.004800
-0.002000
0.000800
-0.022600
0.003400
-0.006200
0.009000
0.009600
0.002600
0.003600
-0.031200
-0.010200
-0.003800
-0.004600
0.004600
0.009800
-0.009600
0.009800
0.006200
-0.013400
-0.010200
-0.005800
-0.010200
0.002400
0.007600
-0.008400
0.018200
0.011600
-0.000400
-0.002364
0.016182
-0.020400
-0.007875
-0.010800
-0.006900
0.001000
-0.011100
0.006200
-0.006600
-0.000200
0.002600
0.002700
0.004100
0.050800
0.005400
0.001700
0.005600
-0.005700
0.006100
0.006500
0.036200
-0.006500
0.005100
-0.000100
-0.023300
-0.004500
0.009800
0.003900
0.023800
-0.017700
0.007600
-0.006400
-0.003200
0.007100
-0.000200
0.000300
-0.013500
-0.009600
-0.008300
-0.000600
-0.001158
-0.005200
0.006923
-0.017455
-0.008200
0.015800
0.004400
0.011000
-0.007600
0.007600
0.005800
-0.022600
0.004600
0.010200
-0.007200
0.015400
-0.005800
-0.003000
-0.009200
-0.008400
-0.005200
-0.001000
0.022000
-0.004200
-0.000800
0.011000
-0.010800
-0.010800
0.019200
-0.001200
0.002000
-0.018400
0.001000
0.005200
-0.018000
0.014000
0.009800
-0.012800
-0.009800
-0.015000
0.010400
-0.001600
0.011800
-0.004200
0.000533
0.033800
0.014400
-0.000200
-0.014200
-0.008600
0.022200
0.005800
0.015200
0.010000
-0.006600
0.011800
-0.002800
0.038200
-0.015000
-0.006800
0.007400
0.002000
0.008400
-0.003000
0.029200
0.004800
-0.005600
0.013400
0.005600
-0.004600
0.011800
-0.001200
0.011600
0.012200
0.050800
0.001400
-0.016800
0.000000
0.016400
0.039600
0.027400
-0.036400
-0.045000
-0.004800
0.014200
