0.136660
0.044480
-0.139558
0.080218
0.039800
0.040721
0.030545
-0.092917
0.105500
0.007921
0.088291
-0.131962
0.052581
-0.100148
0.032162
0.043212
-0.128086
-0.118373
0.044449
0.080547
0.026549
-0.061458
-0.092780
0.050691
-0.040000
0.043077
-0.011000
0.028000
-0.050769
0.059429
0.006923
0.011333
-0.014714
-0.009600
-0.028429
0.045091
-0.058000
0.028154
0.001714
-0.037333
-0.067733
0.015429
-0.039818
-0.043818
0.045000
0.017077
0.045231
0.009067
-0.010909
-0.030143
0.054308
-0.004923
0.004000
0.011000
0.063818
0.000545
0.028154
-0.018133
0.063571
0.038200
0.023833
0.011692
0.014833
-0.002727
0.004000
-0.026000
0.032167
-0.047429
0.002167
0.009667
-0.014235
-0.016500
0.127250
0.031263
-0.000625
-0.027875
-0.024941
-0.064000
0.025182
0.011739
-0.002444
0.003125
0.003053
-0.053647
0.021474
-0.024105
0.011714
0.007692
0.017368
-0.074842
0.011778
0.018476
0.062000
0.008500
-0.051789
0.045733
-0.004200
-0.012235
0.005053
0.015059
0.000267
0.006889
-0.043125
0.056636
0.003037
0.005158
-0.034300
0.020909
0.012909
0.012941
-0.005263
-0.002105
0.006000
0.041875
-0.062778
0.018571
0.006235
0.010235
-0.001789
-0.020190
0.003646
0.018446
0.012429
0.068434
0.201729
0.048410
0.056760
0.000828
0.176950
0.081690
0.034339
-0.013086
-0.048800
-0.035607
0.059054
0.065015
-0.006016
0.016148
0.045967
0.030908
0.022941
0.042797
-0.007448
0.073833
0.004914
-0.062267
-0.079810
0.010364
-0.024842
0.028273
-0.070870
-0.033684
0.052700
-0.006375
-0.043481
-0.064667
-0.035524
-0.025545
0.031826
-0.055810
-0.007250
-0.072105
0.017833
-0.054190
-0.039250
-0.079545
-0.040813
0.052824
0.023871
0.017882
-0.021029
0.039850
-0.001714
-0.001095
-0.000432
0.033111
-0.020065
0.020140
0.006857
0.004714
0.053471
-0.035050
0.020864
0.033429
0.035027
0.005405
0.052629
-0.012093
0.025600
-0.002324
-0.032606
0.001437
0.015879
0.041730
0.006000
0.060537
0.023806
-0.001737
0.044769
-0.001842
-0.008400
0.033200
0.024600
-0.033636
0.028000
-0.023400
0.021636
0.007500
-0.002923
0.056400
-0.010600
0.019200
0.001400
0.025800
0.023636
-0.035818
0.012909
0.012545
0.006800
-0.003167
-0.025400
0.009600
0.003455
-0.013167
-0.027600
0.024000
-0.029800
-0.002600
-0.000800
-0.009400
0.005600
-0.019800
-0.016053
0.010121
0.023897
-0.030933
0.047405
0.023692
0.031897
0.031935
-0.013636
0.009200
0.015800
-0.037800
0.011800
-0.004600
-0.030600
-0.027800
-0.006833
0.042909
-0.002400
-0.010909
-0.002000
0.024000
-0.002000
-0.046000
0.047800
-0.050000
-0.003200
0.009400
-0.002400
-0.006600
-0.028600
-0.013091
0.010500
0.012400
0.029200
0.006800
0.022545
0.001800
0.007600
-0.006400
-0.006333
-0.002848
0.008000
0.005939
0.012286
0.021476
0.012294
-0.017697
-0.020615
-0.007818
-0.003600
-0.003600
0.018909
0.014000
-0.017200
0.020308
-0.001846
-0.004400
-0.057200
-0.008200
-0.011000
0.039200
0.016000
0.016833
-0.024600
-0.033000
-0.018400
0.018200
-0.006400
-0.002800
-0.037800
-0.014000
-0.004833
0.002000
0.053200
-0.008545
0.039200
0.024200
0.011714
0.008333
0.008069
-0.039857
0.170143
0.091619
0.093474
0.025360
-0.050545
0.189625
0.039826
0.071917
-0.024333
0.190154
-0.012000
0.200087
0.059619
-0.056000
0.023250
0.207500
0.085143
-0.034105
0.017000
-0.055800
0.190733
0.062316
-0.023548
0.032722
0.001278
-0.006930
0.022256
0.009765
0.068000
0.005211
-0.028313
-0.038111
0.034359
0.020195
0.010256
-0.006462
0.004625
0.113867
0.014452
0.014341
-0.023077
0.065286
0.010194
0.068762
-0.009548
0.001118
-0.028471
0.007818
0.054333
-0.029053
0.001455
0.016000
0.015795
0.087514
0.001500
-0.062400
0.017818
0.008833
-0.004000
0.016600
-0.003833
0.061167
-0.013600
-0.064200
-0.004200
-0.002400
-0.005800
0.005000
-0.047200
0.060800
-0.003667
-0.013600
0.003400
0.015818
0.013400
0.014400
-0.024400
0.005231
0.007857
-0.033200
0.030200
0.008800
0.016909
-0.010600
-0.007800
0.005800
0.022372
0.010242
0.020645
0.069125
-0.013943
0.037805
0.007765
-0.007455
-0.006889
0.013273
-0.025400
0.056545
-0.024400
0.006200
-0.001800
0.018200
0.033000
-0.022400
-0.005400
0.013400
-0.017800
0.003800
0.018800
0.035286
-0.005000
0.043000
-0.027400
0.007800
0.005000
0.012000
0.027200
-0.006545
-0.012200
-0.000600
-0.046400
-0.029800
-0.038600
-0.004600
-0.003600
-0.022400
0.094375
0.077250
0.013314
0.016000
0.013875
0.024238
0.040457
0.024649
0.006364
-0.009400
-0.007400
-0.029800
0.011200
-0.021400
-0.015800
-0.013400
-0.001273
-0.008600
0.041600
-0.022267
0.003800
0.001400
0.020167
0.029231
0.014833
0.046400
0.020600
-0.026000
0.036000
-0.005600
0.027000
-0.000800
-0.009600
0.006200
0.023000
0.003200
0.014545
-0.002400
-0.006400
0.012400
-0.010600
-0.016400
-0.006400
0.017077
0.030400
0.006800
0.004833
0.030400
0.004000
-0.008000
-0.004000
0.013636
0.011231
0.019400
0.005833
-0.029273
-0.013667
0.071067
0.011400
0.003000
0.023091
0.006200
0.009200
0.005455
-0.020545
0.015500
-0.011600
-0.025167
-0.029333
-0.036200
0.002429
0.018167
0.046000
-0.042154
-0.004000
-0.055636
-0.003714
0.005800
0.016364
-0.009200
0.001800
-0.019818
-0.008364
-0.022308
-0.003667
-0.002200
0.019600
-0.007600
0.035667
-0.050200
-0.001500
0.027273
0.009077
0.016800
-0.034545
0.002769
-0.009600
-0.013091
0.050600
-0.015273
0.000000
0.006000
0.039091
0.001167
0.013833
-0.026364
-0.003400
0.009636
-0.002933
0.001385
0.008167
0.006800
-0.011200
-0.016308
-0.013818
0.004667
-0.002933
0.023400
-0.019667
0.015818
-0.018000
-0.024833
-0.026600
0.024909
-0.000667
-0.021636
0.002429
0.011200
-0.009818
-0.014571
-0.049636
-0.001400
-0.032545
0.000833
0.031273
-0.009000
0.007429
0.046727
-0.009500
-0.006750
0.001538
-0.022200
-0.001067
0.026000
-0.007077
-0.001818
0.015692
-0.009636
-0.012667
-0.003333
0.038800
0.037143
-0.039800
0.025273
-0.001273
0.015467
0.008727
-0.009091
0.026154
0.009600
0.018625
0.000714
0.042800
0.019231
0.013231
0.002615
-0.003833
-0.027571
-0.020250
0.014462
0.035529
0.050353
0.097000
-0.014000
-0.013143
0.013200
0.001385
0.015091
0.015385
0.013273
0.015500
0.004545
-0.002000
-0.015222
0.033385
0.006154
-0.010154
0.084909
-0.032143
0.030200
0.004857
-0.002000
0.013500
0.006400
0.006800
-0.014143
0.008500
-0.004600
0.012308
0.003250
-0.002000
0.006462
-0.011000
0.005067
0.021077
0.009000
0.003273
0.016000
0.053625
-0.004000
0.008400
-0.008500
-0.002286
0.004200
-0.002000
0.002133
-0.005714
0.001385
-0.002545
0.008182
-0.027818
0.013167
0.010000
-0.004333
0.004364
0.036182
-0.020000
0.004333
-0.023200
0.005636
0.033000
0.024615
-0.007727
0.001379
0.013351
0.022710
0.000258
-0.000741
0.030387
0.061308
-0.007846
0.007907
0.007455
0.001520
-0.015793
0.036778
-0.002833
0.002917
0.017143
0.000452
0.009824
-0.004148
0.002529
0.028375
0.036733
0.014786
-0.034759
0.096571
0.027000
-0.006839
-0.016162
-0.004313
0.096750
0.006750
0.000129
-0.001677
0.091576
0.042923
0.035444
-0.011500
-0.018357
0.016385
0.047852
0.027939
-0.010216
0.029034
0.009586
0.104875
0.011440
0.006000
