0.001520
0.002048
0.003750
0.012653
0.005891
0.005852
0.009030
-0.000404
-0.004609
0.001446
-0.003864
0.011219
-0.000086
-0.002352
0.001313
0.005481
-0.002903
-0.005353
-0.001612
-0.000075
-0.007978
-0.004458
-0.007260
-0.005345
0.015500
0.004462
-0.001167
0.011846
-0.007692
0.006429
-0.001077
0.017333
0.004000
-0.000100
-0.012429
0.003818
-0.010600
0.005538
0.019714
-0.007333
-0.004400
0.006857
-0.008909
-0.011091
0.014167
0.006308
0.004923
-0.007733
0.009273
-0.007286
0.001231
0.021077
-0.017000
-0.000667
0.003455
0.001091
-0.010615
0.008267
-0.004857
0.033000
-0.007167
0.011231
0.007167
-0.018545
-0.006667
-0.009429
-0.005167
-0.003143
-0.006500
-0.010500
0.006118
-0.013500
-0.003250
0.013158
-0.017625
-0.012250
-0.010706
-0.002000
-0.004273
-0.008000
-0.013889
0.000500
0.002842
-0.011647
0.005789
0.008211
-0.003048
-0.003385
-0.002211
0.000526
0.006778
-0.008286
0.002125
-0.006300
-0.003263
-0.018533
-0.006400
0.004706
0.011263
-0.006941
-0.010533
-0.012444
-0.005250
0.006091
-0.011333
-0.009895
0.014300
-0.003455
0.001636
0.014706
0.000632
-0.012211
-0.009100
0.005000
-0.003889
0.006476
0.005294
-0.004235
0.002211
-0.004857
0.006762
0.007856
0.015667
0.009907
0.018541
0.009344
0.004760
0.005391
0.012100
0.000879
0.001645
0.008534
0.001360
0.002967
0.006403
0.006015
0.000641
0.001541
0.001008
0.000874
-0.000794
-0.000864
0.009724
0.004208
-0.006000
-0.007067
-0.002000
0.003455
0.005368
-0.002000
0.004609
-0.020842
-0.010500
-0.018250
0.000148
0.005048
0.001524
-0.009364
-0.000261
-0.017905
-0.005333
-0.024105
-0.000083
-0.003048
0.003625
-0.002091
-0.000500
0.010235
-0.002323
0.002765
0.001886
0.000100
0.006457
0.003524
0.000865
-0.009500
0.000323
-0.000326
0.006914
0.000143
0.002118
0.000700
0.008318
0.003429
0.010649
0.003730
0.005086
0.001953
-0.002114
-0.003189
-0.003030
0.003000
0.008970
-0.006054
-0.005056
-0.001805
-0.002581
0.008368
0.001692
-0.003789
-0.001400
0.008000
-0.010400
0.002182
0.005600
-0.015400
0.010545
-0.009833
-0.008923
0.001400
0.007000
0.006000
0.004000
-0.002800
0.005273
0.006727
-0.011636
-0.008727
-0.006200
-0.007833
-0.018600
-0.012000
0.000000
-0.013833
-0.016800
0.009000
0.007200
0.003200
0.005800
0.000600
0.009200
0.000200
0.005211
0.000485
0.001949
0.011200
-0.004486
-0.000513
0.002615
-0.002258
-0.011636
0.005400
0.002000
0.013400
-0.019200
-0.005800
0.009200
-0.000800
0.000167
-0.001091
-0.003000
0.000364
-0.015000
0.006200
-0.007667
0.015455
0.022600
-0.008200
0.016600
0.010400
-0.005200
0.010400
0.011000
0.004000
-0.006000
0.005600
0.015200
0.005000
0.004364
-0.002200
0.005800
-0.009000
0.001556
0.002182
-0.001314
0.000121
-0.000686
-0.007857
-0.000412
0.000909
-0.000462
0.014727
0.002800
-0.006200
0.008000
-0.014200
0.005000
-0.004923
-0.007077
-0.010400
-0.007200
0.004400
-0.020400
-0.025600
-0.020800
0.000167
0.006800
0.016000
0.001000
-0.001000
0.002000
-0.003000
-0.003200
0.016000
-0.013667
0.008400
-0.010000
0.016909
0.003200
-0.009400
-0.003714
0.000333
0.005586
-0.014857
0.001857
0.004000
0.001789
0.003600
0.002182
0.005875
0.011130
0.006583
0.008500
0.012615
0.011800
0.022087
-0.000095
-0.008947
0.009833
-0.002250
0.009143
0.012421
0.015083
0.011000
0.007200
0.011474
-0.003613
0.006389
0.002167
0.000233
-0.005231
-0.004824
0.010444
0.019105
0.004812
0.004889
-0.002154
-0.001415
0.006615
-0.001538
-0.007188
-0.016600
0.015935
-0.006000
0.003846
0.005714
-0.009806
0.008952
-0.003097
-0.000176
0.003059
0.001091
0.001500
0.002842
0.003697
0.011538
0.017692
0.005405
-0.007667
0.010800
0.012727
0.000500
0.020909
0.009400
0.011333
0.011833
-0.008200
0.010800
-0.007600
0.004400
0.004400
-0.008000
-0.006400
0.013400
-0.010667
-0.003000
0.005400
0.007455
0.011200
-0.013600
0.005400
-0.006923
-0.000429
0.004800
-0.024800
-0.018200
0.002909
0.000000
-0.009400
-0.002000
0.002977
-0.002000
0.004903
0.003000
-0.000971
-0.000683
0.000412
0.001030
-0.005111
-0.001455
-0.000600
-0.003636
-0.011400
0.010000
-0.005200
-0.012600
0.009400
-0.009200
0.015200
0.001000
-0.005200
0.012200
-0.008200
0.002286
-0.005167
-0.006000
0.012000
0.020800
-0.005200
-0.000400
0.015800
-0.015091
0.006800
0.005400
0.019400
-0.006400
-0.010400
-0.002000
0.004600
-0.006600
-0.009938
0.012688
0.006514
-0.004848
-0.003750
0.004667
0.003086
0.014649
-0.010000
0.014200
0.008800
0.011000
-0.004800
-0.003400
-0.015400
0.005000
-0.002545
-0.008400
0.016000
0.007333
0.004200
0.015600
-0.009333
0.017077
0.000833
-0.011600
0.003000
0.001636
0.008000
-0.014600
0.008400
-0.013800
-0.000200
0.000200
0.001200
0.008000
0.004545
-0.019200
-0.001400
-0.002400
-0.009000
-0.003200
0.008800
0.000462
0.010000
-0.016200
-0.010667
-0.000400
0.007455
0.015286
-0.012182
-0.001818
-0.000923
0.004800
-0.019167
0.005091
-0.004667
-0.000800
0.001400
-0.006333
-0.010545
0.003600
-0.000200
-0.005273
-0.002727
0.004000
-0.001600
-0.013833
-0.005000
-0.008800
0.007714
-0.004333
0.004167
0.003231
0.002400
-0.008545
-0.002286
0.011600
-0.001636
-0.003000
0.009200
-0.016000
0.001091
0.006154
-0.025333
-0.001200
0.009400
0.009400
0.013833
0.001400
-0.010500
-0.017636
0.004000
0.011800
0.011273
-0.006154
0.022200
-0.008727
0.010200
-0.004364
-0.012545
0.008800
-0.011818
0.012167
0.006500
-0.006727
0.018000
-0.000545
-0.010800
-0.016000
0.019167
0.004800
-0.020800
0.011538
-0.007636
-0.012833
-0.012667
-0.000800
-0.002667
0.000000
-0.009538
0.001167
0.005000
-0.010000
-0.015000
0.006000
0.008857
0.004000
-0.003091
-0.015286
0.004364
0.012800
-0.023636
0.018333
0.005818
0.001833
-0.000857
0.007273
-0.001875
0.000750
-0.000308
-0.018000
-0.011733
-0.003111
-0.006154
-0.004182
-0.003538
-0.002727
0.006381
0.008000
0.011000
-0.015143
-0.006100
0.004182
0.003273
0.004267
-0.018182
-0.021636
-0.010000
0.000133
0.011750
0.001000
-0.003600
-0.003538
0.003846
0.005385
-0.002833
0.019000
-0.003125
-0.003231
-0.001882
0.002235
-0.007167
-0.008000
0.007429
-0.019600
-0.009231
-0.000182
0.005692
-0.017818
-0.015833
0.017636
0.017800
-0.008222
-0.004923
0.000923
-0.009077
-0.016727
0.011000
-0.013600
-0.003000
0.006133
0.004667
-0.017000
-0.003400
0.011429
0.007000
0.001400
-0.019692
0.004500
-0.004000
-0.005231
0.003400
0.011467
-0.006308
0.015167
-0.006182
0.000667
0.012125
-0.008800
0.003467
0.004000
-0.013857
-0.013600
0.004000
0.008400
-0.004000
-0.002462
0.015091
-0.001091
-0.006727
-0.019167
-0.011125
-0.007000
-0.014545
0.024364
0.019077
-0.000500
0.012400
0.010364
-0.000500
0.000000
-0.006455
0.003172
0.004703
-0.000903
0.003806
-0.005407
0.006323
0.003538
0.000231
-0.002744
0.000273
-0.004720
-0.002000
0.004611
0.000611
0.005583
-0.010629
0.000065
-0.003588
-0.003333
0.003941
-0.006437
0.000133
0.001571
0.007103
-0.001714
-0.001350
-0.009097
-0.004378
0.000687
0.004000
0.000167
0.004645
0.000194
0.011333
0.003231
0.008833
-0.011357
-0.005857
0.007692
0.004000
0.004121
0.002865
0.009724
0.001241
-0.003063
-0.001120
0.000296
