0.002140
0.006016
0.006173
-0.000891
0.000836
0.005934
0.002909
0.003211
-0.004261
-0.003208
0.001942
0.002629
-0.004903
-0.002278
0.002869
-0.003538
-0.001914
0.003314
-0.004245
0.003660
0.002000
-0.000932
-0.003640
-0.001582
0.001833
0.005231
0.010833
0.002462
0.013231
0.007000
-0.007846
0.007833
0.004000
0.001200
-0.001571
0.006909
0.008000
0.003231
-0.003571
-0.003500
-0.014267
0.001000
-0.007818
0.002909
-0.014667
0.002923
0.006154
-0.004933
0.006182
0.011429
-0.002769
0.005077
-0.022600
-0.001667
-0.009273
-0.025273
-0.012462
-0.007467
-0.004286
-0.006000
0.004000
0.000923
-0.012167
0.003091
-0.008000
0.007429
-0.008000
-0.020714
0.004167
0.003000
-0.000941
0.014333
0.000125
-0.000526
0.015625
-0.004875
0.018706
0.000526
0.002909
-0.008000
-0.004667
0.011000
-0.012632
0.006000
-0.002632
-0.005263
0.014571
-0.000077
0.007158
0.004105
0.005889
0.000857
0.009375
0.004300
0.008947
-0.011733
0.002600
0.006588
0.004842
-0.001294
-0.010533
0.015000
0.001125
-0.003545
0.005259
-0.007474
-0.003000
-0.000091
-0.020364
-0.003176
-0.010000
0.005684
0.005300
-0.008000
-0.001556
0.006095
-0.001059
-0.012824
-0.004105
0.006857
0.004272
0.004935
0.010492
-0.001426
0.005293
0.005230
0.001537
0.000516
-0.000167
-0.001552
0.003806
-0.000448
-0.000832
-0.000164
0.003938
0.005672
0.001063
-0.003213
-0.001322
0.001244
0.003176
0.003881
0.001638
0.002542
-0.005943
0.006133
0.008286
-0.003364
0.007158
-0.001364
0.010261
0.005368
-0.008700
0.012375
0.001704
-0.004857
-0.009524
-0.007545
-0.003826
0.010095
-0.005333
0.019684
-0.006167
-0.008381
-0.005625
0.011455
-0.002188
0.004118
-0.005871
-0.007471
0.000857
-0.003300
-0.009543
-0.002571
-0.010054
0.007333
-0.003032
0.001581
-0.006743
-0.005714
0.006706
0.014900
0.000455
-0.009257
-0.004378
-0.000054
-0.002400
-0.003349
0.000800
0.000649
-0.000545
-0.003938
-0.007939
-0.003730
0.010111
0.002049
0.002258
-0.000421
-0.001692
-0.007368
-0.007800
-0.007200
-0.001400
-0.004727
-0.007400
0.015000
0.009091
0.009333
0.009538
0.003800
-0.003400
-0.005400
0.002800
0.012400
-0.008182
-0.010182
0.000727
-0.006909
-0.011000
0.008500
-0.019000
0.010600
-0.003818
-0.007167
-0.013600
0.008000
0.008600
0.012600
-0.008800
0.020400
-0.007800
-0.003600
0.004421
0.003394
-0.001231
0.006467
0.002541
-0.002462
0.002359
0.006968
0.007455
0.003800
-0.001800
0.008000
0.009600
0.019600
0.019000
0.003800
-0.009667
0.015636
-0.003000
-0.000364
-0.012400
0.012400
-0.006833
-0.008545
-0.018000
0.003800
0.005200
-0.000600
0.012000
0.019200
0.003400
-0.024909
-0.006000
-0.018000
-0.002800
0.015600
-0.004364
0.000000
0.010600
0.009600
0.000444
-0.001879
-0.000114
-0.001636
0.012057
-0.006476
0.008471
-0.008848
0.004308
0.009455
-0.000200
-0.006000
-0.002364
-0.012000
-0.004000
-0.001231
-0.000615
-0.002200
0.007000
0.023000
0.002200
-0.013000
0.006800
0.001000
0.001600
-0.025200
0.002600
0.003000
0.009800
0.005200
-0.002200
-0.001400
-0.006000
0.006800
-0.007400
-0.004000
-0.005400
-0.014000
0.006571
0.014000
0.004000
-0.002286
0.003786
0.003143
0.003263
-0.000320
0.004909
0.008375
0.009478
0.005167
-0.003917
-0.003769
-0.004500
0.000957
0.005524
-0.007368
0.007583
-0.004875
-0.001524
-0.002632
0.003250
-0.013300
0.002667
0.000526
0.007806
0.001500
0.002667
0.011395
-0.001795
0.005941
0.005667
0.000474
0.005375
-0.003111
-0.003026
-0.003805
0.002769
-0.001077
0.004063
0.005133
0.000452
-0.006732
-0.002872
-0.003857
-0.003871
-0.010524
0.003548
0.000824
-0.008412
0.002545
0.008111
0.000579
-0.002848
0.003795
-0.009179
0.003676
0.003667
0.004000
0.001455
0.000667
-0.012727
-0.020000
-0.023500
-0.005833
-0.004200
-0.002200
0.000800
0.000600
0.007800
0.017600
0.000000
-0.011600
0.011167
0.003800
-0.004400
0.010545
0.022000
-0.003200
0.004800
-0.010000
-0.007429
-0.014600
-0.019800
-0.001400
-0.011636
0.007200
0.002000
-0.006400
-0.010837
0.006909
-0.002129
-0.003063
-0.004114
0.002829
-0.002353
-0.001879
0.001000
0.024727
-0.013000
0.008909
0.000400
0.005000
0.007000
-0.006400
0.000000
-0.009800
0.008600
-0.006800
-0.006000
0.000600
0.006600
0.005571
0.002167
-0.004600
-0.005000
-0.006600
-0.001800
-0.005400
-0.010200
-0.004727
-0.001600
-0.012400
0.008000
-0.007600
-0.022800
-0.001400
0.010800
0.002800
-0.001250
-0.009000
-0.008171
0.004606
-0.006375
0.005810
0.003886
-0.004973
0.008364
-0.003600
0.003200
-0.020000
0.003600
0.006600
0.004400
-0.006800
-0.013273
-0.001200
-0.009200
0.003067
-0.005400
0.001000
-0.001000
0.008769
-0.008500
0.001000
0.012000
-0.011455
-0.007200
-0.013000
0.005800
-0.001600
0.006800
-0.001600
-0.011200
-0.013000
-0.020364
-0.009800
0.003200
-0.006000
-0.000800
-0.005200
0.002200
0.004000
-0.011400
0.016200
0.006167
0.007200
-0.001455
0.005857
0.004182
-0.000364
-0.011231
0.009400
0.011167
0.005636
0.002500
-0.012133
0.008200
-0.004333
-0.016000
-0.005400
-0.004200
-0.009091
0.004909
-0.010667
0.008000
-0.009667
-0.001667
-0.015800
0.003000
-0.002667
-0.003500
0.007231
0.007800
0.016909
-0.002143
-0.003400
0.001273
0.003000
0.009200
-0.008909
-0.002182
-0.001538
-0.003833
-0.005400
-0.013000
0.012000
-0.002667
0.020600
0.004333
-0.006364
-0.007231
0.013600
-0.006545
-0.008308
-0.006000
-0.010545
0.009200
0.000364
-0.013273
0.002000
0.001636
-0.016500
-0.000667
-0.005091
0.008000
0.004000
-0.002400
-0.002769
0.004833
-0.008800
-0.005200
0.005385
-0.004545
0.005167
0.002000
-0.001400
-0.003833
0.001818
-0.003846
-0.003167
0.004400
0.008909
0.005333
-0.007273
0.020143
0.017400
-0.000545
0.016143
-0.013818
0.000800
0.016909
0.001167
-0.012545
0.013167
-0.008286
0.012909
-0.006125
0.000125
-0.010308
0.006800
-0.003467
0.002111
0.000462
-0.013455
-0.002462
-0.011818
0.005810
-0.016333
0.000600
0.004476
-0.004100
0.005636
-0.002909
0.015067
-0.009273
0.014364
0.014769
-0.002533
0.005250
-0.001000
0.005200
0.002769
-0.001077
-0.006000
-0.000833
-0.009857
0.009875
0.000615
-0.001765
0.002471
0.010500
0.000200
-0.011143
-0.016000
0.005231
0.006909
-0.009692
-0.002182
-0.026167
-0.008000
-0.008200
-0.000778
-0.017538
0.006923
-0.013538
-0.004364
0.004286
0.000800
0.000000
0.011600
-0.013000
-0.023400
0.014800
0.002143
-0.000500
-0.006600
0.006769
0.001625
-0.006000
0.012923
-0.005400
0.001733
-0.006308
-0.006167
0.011636
-0.009733
0.001625
-0.005200
0.000800
0.008167
-0.009429
-0.016400
0.001200
0.010933
0.004143
-0.008769
0.004364
-0.005273
0.008182
0.015833
-0.008000
0.004778
0.000182
-0.007818
0.002769
-0.022000
-0.004000
-0.003273
0.000875
-0.005077
-0.000455
0.005448
-0.003946
0.000645
-0.006194
-0.013481
0.010129
0.002692
-0.001000
-0.002140
-0.000409
0.000160
0.004621
0.012056
0.000389
-0.018250
0.000000
-0.005032
0.003647
-0.006519
-0.004118
0.006313
0.000467
0.001357
-0.001931
-0.006343
-0.001950
0.001226
-0.004973
-0.011000
-0.008313
0.002750
0.000000
-0.006903
-0.000485
0.006846
-0.007556
-0.008071
0.002500
-0.008923
-0.004593
-0.000545
0.000757
-0.004345
-0.010897
0.003875
0.009120
0.005556
