-0.002040
0.003632
0.007173
0.002376
0.002855
0.004279
0.003596
0.002055
-0.005326
-0.001089
-0.000136
0.009105
0.004043
-0.001074
0.005131
-0.000423
-0.000172
-0.005314
-0.001939
0.002094
-0.004967
0.003949
-0.002900
-0.001618
0.010333
0.009385
-0.024333
0.006000
-0.005077
-0.000571
-0.003231
-0.010500
-0.007571
0.004800
-0.007857
0.000727
-0.001200
-0.005077
0.006286
-0.004333
-0.010533
-0.011571
-0.003455
-0.002727
-0.008833
0.011846
0.008769
-0.000667
-0.014545
-0.010429
0.002308
0.010000
-0.001600
-0.004500
-0.004000
0.007091
0.005538
0.011600
0.008286
0.004400
-0.017167
0.006154
0.003167
0.007455
-0.007833
0.014857
0.002333
0.001429
-0.004333
0.001833
-0.006706
-0.013167
-0.006625
0.010632
0.007250
0.001125
-0.008824
-0.002737
-0.015909
-0.008348
-0.006111
-0.005125
0.001263
-0.003059
0.001684
-0.007263
-0.006571
0.002385
0.005579
-0.012526
0.006667
0.000000
0.012000
-0.004700
-0.003263
0.016933
0.005500
0.006824
0.009263
-0.001765
-0.000133
0.003111
-0.003500
0.005273
-0.005630
0.005263
-0.008100
-0.005545
-0.003455
0.003647
0.005789
-0.006211
0.003400
-0.008250
0.004667
-0.002667
0.004235
-0.011529
0.006632
0.003714
0.007347
0.005151
0.003095
-0.000202
0.003398
0.006984
0.004810
0.001297
0.001217
-0.000690
0.008403
0.003603
0.004576
0.000918
0.004527
0.001493
0.000516
0.002443
0.006595
0.000101
0.003324
0.002492
0.000672
0.004681
-0.004171
0.003067
0.014857
-0.004818
0.001684
0.000818
-0.002261
-0.002632
0.008300
0.014250
-0.002593
0.005524
-0.000381
-0.005455
-0.014609
-0.007333
0.004417
0.007474
-0.008833
-0.002571
-0.031000
-0.001545
-0.010875
0.004706
-0.003806
0.002471
0.004400
-0.000800
0.004629
0.001476
0.008973
0.007278
-0.001613
0.006977
-0.006286
0.002667
0.001118
-0.008450
0.002636
-0.005086
0.005027
0.000973
-0.008914
0.005814
-0.001943
0.002378
0.010485
0.001187
0.004727
-0.002703
-0.001556
0.002537
0.000258
0.005895
0.006051
-0.004368
0.024000
0.013600
0.002600
0.003091
-0.018400
-0.005000
-0.010000
-0.008833
-0.004308
0.008200
-0.001000
-0.012200
-0.008800
0.002400
0.009818
-0.004909
-0.002545
0.003455
-0.007800
-0.008667
-0.004400
0.001200
0.008909
-0.008333
-0.000200
0.009800
-0.007400
0.001800
-0.004000
-0.001200
-0.009000
0.030000
0.000158
0.011152
0.000359
0.008600
0.005243
0.001949
-0.005795
0.009484
-0.003091
-0.013200
0.011000
-0.003800
-0.004400
-0.003800
-0.012600
0.014400
-0.011000
-0.001455
-0.008600
-0.003818
-0.000400
0.015800
0.003333
0.008909
0.005400
0.003800
0.004600
-0.008000
-0.011200
0.006800
-0.008800
-0.009636
0.009167
0.015400
0.001000
-0.011600
0.004182
-0.006000
-0.010400
-0.005800
-0.003111
-0.006242
0.005257
0.001455
0.007086
0.001381
-0.005765
-0.000848
0.007385
0.001818
0.000800
-0.003000
0.008909
0.005600
0.010600
0.000769
-0.000923
0.002400
-0.001800
-0.003200
0.006200
-0.000400
0.002400
-0.003500
-0.017800
0.001000
0.006200
0.007400
-0.016800
-0.010200
0.011000
0.000200
-0.001167
-0.001400
-0.005400
-0.003818
0.000000
0.025000
0.003286
-0.001000
0.001241
0.006857
0.008000
0.004095
-0.004105
0.015360
-0.010091
0.003375
0.013913
0.006250
-0.016750
0.008231
-0.005300
-0.000261
0.014286
0.009053
0.002750
-0.010250
0.002381
0.015474
0.001750
0.008400
0.000600
0.002842
-0.001548
0.003111
0.000056
-0.002930
-0.009026
0.004294
-0.004222
-0.000947
-0.009687
-0.004000
0.008359
0.006098
-0.008051
0.003590
-0.001500
0.004400
-0.004774
-0.003073
-0.001846
-0.000857
-0.010452
-0.003381
0.001161
0.004529
-0.002000
-0.001818
0.005278
-0.004947
0.005333
-0.001436
-0.010359
-0.003297
-0.000167
0.004400
-0.001273
0.011333
0.020182
-0.002600
-0.005667
-0.014500
-0.001200
-0.001600
0.004800
-0.004200
0.009400
-0.003400
-0.006800
0.002800
0.010167
0.004200
-0.002200
-0.010909
-0.008600
-0.008800
-0.002400
0.000154
-0.007000
0.010800
-0.011000
-0.008400
-0.010545
0.004200
0.009800
0.018600
0.001023
0.003273
-0.002581
0.003938
-0.010743
-0.003756
0.004706
0.010788
-0.003667
0.002727
0.004400
-0.000909
0.001600
0.003600
0.012200
0.017600
-0.005000
0.001200
0.009000
-0.012400
0.006000
0.018200
-0.010200
-0.001429
0.006167
0.019800
0.016000
-0.004000
-0.026600
-0.019400
-0.001000
-0.003273
-0.008200
-0.004600
-0.009800
-0.000200
0.001600
0.003400
0.023800
-0.009600
-0.003000
-0.001125
-0.003829
-0.002303
-0.003000
0.001143
0.001943
0.009568
-0.004182
-0.004800
0.007200
-0.001400
0.017000
0.007000
-0.003200
0.004200
0.003455
-0.004400
0.009400
0.003200
0.003200
0.014200
-0.003000
0.008615
-0.001833
0.002000
-0.007000
-0.004909
0.007400
0.001000
0.007400
0.009800
0.000000
-0.013000
-0.011200
-0.003400
0.030727
-0.011800
0.000200
0.016600
-0.007800
0.005800
-0.012400
0.007385
-0.002800
0.004200
0.000833
-0.000400
-0.003818
0.012429
-0.002182
-0.005273
-0.011538
0.006800
0.015167
-0.006727
0.020000
0.006267
-0.016600
0.002667
0.005818
-0.005000
-0.008200
-0.007091
-0.004364
-0.002000
-0.003800
-0.005000
0.005000
0.003200
-0.002714
0.003167
-0.007000
0.009231
-0.009800
0.002182
-0.007857
0.001800
-0.009273
0.005000
0.008800
0.006000
0.013091
-0.009692
-0.011833
-0.020600
0.000000
0.003600
0.009833
0.000600
0.019167
-0.001818
0.006000
-0.015200
-0.011091
-0.018769
0.019800
0.005091
0.006600
0.007818
0.000364
0.008400
-0.014364
0.002000
0.016333
0.000909
0.018800
0.009455
0.001867
-0.004000
-0.008000
0.008600
-0.005200
0.002615
0.004727
-0.007667
0.002933
0.018600
-0.019833
0.020727
-0.006769
0.001333
0.001000
0.000000
0.000167
0.023091
0.009714
0.001400
-0.000182
-0.001286
-0.011818
0.022000
0.016364
-0.006333
-0.002727
0.001833
-0.001571
0.022000
0.003125
0.012250
0.008615
-0.002400
0.017733
0.003333
-0.004308
-0.004909
0.002154
0.002545
-0.008286
-0.007167
0.004200
0.007810
-0.012100
0.011091
0.021273
-0.002400
0.001273
0.002000
-0.003231
-0.020933
0.001250
0.011571
0.006400
-0.010615
0.008154
0.003846
-0.001500
0.003143
-0.000250
0.015385
0.000588
0.016706
-0.001167
-0.013600
-0.000571
-0.004533
0.014308
-0.008000
-0.008000
-0.005818
-0.005000
0.004000
0.024000
-0.014333
-0.010000
-0.003846
-0.002000
-0.011455
-0.008571
-0.001400
0.008143
0.002800
-0.003833
-0.011600
0.018000
-0.001857
-0.014333
0.005200
0.011846
-0.006375
-0.006556
0.006308
-0.015600
0.003333
-0.010308
0.006000
-0.007636
-0.005733
-0.001375
0.008000
0.001333
-0.006500
0.003714
0.006200
-0.002200
-0.008000
0.007286
0.012462
-0.001455
0.002364
-0.020727
-0.001167
0.013250
-0.005778
0.001091
-0.022364
-0.003538
-0.010833
0.019400
0.009273
-0.004375
0.007846
0.001727
0.002759
-0.006541
-0.001226
-0.006323
0.005037
-0.003161
-0.001846
0.002462
0.001163
-0.000136
-0.003520
0.000759
-0.003222
0.000667
-0.001167
0.000343
-0.004516
0.000882
-0.003852
0.000824
0.006562
0.002000
-0.003429
0.001793
0.001429
-0.012800
-0.005032
0.001622
-0.009062
-0.007625
0.001917
-0.004645
0.000839
0.003636
-0.000154
-0.007722
0.005357
-0.005214
-0.003615
-0.006889
-0.000485
-0.003568
0.001103
-0.006138
-0.001063
-0.004400
-0.000593
