-0.002740
0.002112
0.006654
-0.000693
-0.000782
0.002033
0.005051
0.001119
-0.001739
-0.003703
-0.001845
0.002019
-0.004452
-0.000759
-0.000242
0.000135
-0.002108
-0.001745
0.001041
0.000887
0.003758
0.003407
0.006360
0.000782
0.002667
0.000462
-0.010500
-0.000308
0.002615
0.013286
0.012000
0.007333
-0.010571
-0.009800
-0.000857
-0.018909
-0.015600
0.001692
-0.006143
0.001167
0.010000
0.004571
0.007273
0.009273
-0.003000
-0.010154
0.011077
-0.011733
0.006364
-0.001143
0.010462
0.005538
0.002000
0.008167
-0.000545
-0.000545
0.011846
0.007733
-0.005714
0.008400
0.007833
-0.003077
-0.012667
-0.002727
-0.010333
-0.000857
-0.008500
-0.009714
0.007000
0.004500
0.012471
0.004667
0.007625
0.003053
-0.001875
-0.002750
0.007294
-0.006421
0.010091
0.003652
0.008111
0.004500
0.007579
0.015176
0.007474
0.000947
-0.003429
-0.003923
-0.001895
0.007053
0.009444
-0.004857
-0.002000
0.000300
-0.002211
-0.003733
-0.000500
0.010588
0.000421
-0.005647
-0.008133
-0.009667
-0.002750
-0.008909
-0.008296
0.003579
0.004800
-0.010000
-0.010182
-0.000588
-0.002947
-0.016000
-0.008100
0.005000
0.000444
-0.004476
0.004706
0.010941
0.016211
0.009524
0.001088
-0.000576
-0.001254
0.002682
0.003068
0.003852
-0.003488
-0.000703
0.003150
-0.003672
0.000065
0.004241
-0.001104
0.000377
-0.001054
-0.002537
-0.002906
0.003148
0.001322
-0.000303
-0.000603
0.001695
-0.000259
0.002472
-0.000057
-0.012400
0.001429
-0.001455
0.016105
0.013455
-0.001739
0.010421
0.003500
-0.002250
0.001111
-0.010476
0.013524
0.001091
0.009478
-0.001429
0.003833
0.007684
0.002000
-0.006000
-0.003250
-0.001273
0.002563
-0.003529
-0.004258
0.003765
0.005371
-0.004550
-0.004571
-0.007000
-0.006703
0.016500
0.004065
-0.001721
0.010457
0.003524
0.011765
-0.005500
0.004727
0.000571
-0.009892
0.001135
0.000057
0.002233
-0.001657
0.001351
0.004909
-0.000125
0.004061
-0.002973
-0.006556
0.003317
0.006774
-0.003158
-0.001590
0.004684
-0.002000
0.000800
-0.005800
-0.006727
0.009200
0.003600
-0.021455
0.007333
0.001077
0.010000
0.002600
-0.007800
0.009800
0.020800
-0.009818
-0.001636
-0.006909
0.010000
0.003000
0.028167
-0.005200
0.019000
0.008909
-0.010667
0.022800
-0.010200
-0.000400
-0.025800
-0.015000
0.010600
0.003000
0.016600
0.007211
-0.000485
-0.005538
0.005867
0.001514
0.004359
-0.006256
0.002452
0.002727
0.000400
-0.001200
0.000000
0.004000
0.003000
0.007200
0.013800
-0.000667
-0.007273
0.009200
-0.001091
0.019000
-0.000600
-0.004167
-0.005455
0.021200
0.006400
-0.004000
0.026600
-0.010400
0.007000
-0.001400
-0.018000
0.008667
0.004200
-0.009800
0.007400
-0.017091
-0.017600
-0.004000
0.013800
-0.002722
-0.002121
0.003771
0.000848
-0.001543
0.002952
0.002941
-0.003879
0.004615
-0.003636
0.000000
0.006600
0.015091
0.017400
-0.001800
-0.015231
-0.000308
-0.014000
0.000200
0.009200
-0.005600
-0.006200
-0.003000
-0.010167
-0.001400
-0.018600
-0.004800
-0.005200
-0.011000
-0.004200
-0.009000
0.004600
0.017167
-0.020400
0.010600
-0.012182
0.019000
-0.004800
-0.004571
0.017333
-0.014621
-0.002857
0.010071
0.003810
0.004421
-0.008960
-0.002909
0.010875
0.005304
-0.006000
-0.001833
0.009077
0.009800
-0.002609
0.007524
0.003368
-0.005333
0.007625
0.006381
0.001158
0.002500
0.003000
0.001067
0.001579
-0.004710
-0.000056
-0.004333
0.000233
0.002513
0.005294
-0.000111
0.006158
0.000438
-0.001333
0.005538
0.005073
-0.001179
-0.010564
-0.005938
-0.001533
-0.002839
-0.006878
0.001641
0.013333
-0.003355
-0.000952
-0.008194
0.001353
-0.007706
-0.001091
-0.003722
-0.002947
-0.000242
0.002769
0.004718
-0.006486
0.009500
0.020400
-0.004182
0.009167
0.007091
-0.006000
-0.005500
0.009833
0.003000
-0.007400
0.012400
0.005600
0.009000
-0.006000
0.006600
0.007400
0.001167
-0.015400
0.005000
0.006545
-0.005600
-0.019200
0.003800
0.007692
0.006857
-0.006400
0.002800
-0.011400
0.009091
-0.007600
0.004600
0.004000
0.000419
-0.003152
0.008323
-0.005562
0.004000
-0.001951
-0.002118
-0.005576
-0.005222
0.007818
-0.005800
-0.001091
0.000800
0.010400
0.007600
0.014000
0.001200
-0.003200
0.010000
-0.007400
-0.013600
0.004000
-0.003600
-0.006571
0.002833
0.007800
-0.001400
0.002800
0.010200
0.002600
0.004600
0.012182
0.017800
0.016600
0.013600
0.010400
0.014400
0.006000
0.003400
0.004000
-0.008500
0.008000
-0.005600
-0.000788
-0.008125
0.001429
0.010400
0.002757
0.005818
-0.008400
-0.010600
-0.000400
-0.011400
-0.001800
0.003400
-0.030000
-0.001818
0.000400
-0.004000
0.002800
-0.004000
0.000600
-0.011333
0.015846
0.000500
0.003200
0.018200
-0.003636
0.010800
-0.001000
0.010600
-0.002200
-0.008000
-0.003200
0.005600
-0.012800
-0.008909
-0.009200
0.008800
-0.012800
0.023800
0.010600
0.005400
0.010462
0.001400
0.000200
-0.016500
-0.007000
0.018909
0.003000
0.006909
0.001273
0.000308
0.015400
0.000000
0.008000
0.010167
0.000133
0.002200
0.000333
-0.000364
-0.001000
0.002400
0.007636
-0.000727
-0.006167
-0.010200
0.000000
-0.017167
-0.008400
-0.013857
0.008500
0.000000
0.014000
0.019200
-0.003273
0.004143
0.001200
-0.000545
0.008200
0.006800
-0.002000
-0.001455
-0.011538
0.006833
0.010600
-0.011800
0.009000
0.013833
0.000400
0.006333
0.008727
-0.009385
-0.003000
-0.002545
0.004769
0.005000
0.005818
-0.000400
-0.006727
0.018909
-0.019800
0.002364
0.006000
-0.008167
0.000545
-0.002800
0.012909
0.004400
0.000000
0.007167
-0.006200
0.011800
0.011692
-0.005455
0.005833
-0.008267
-0.009200
0.002500
-0.010000
-0.006154
0.003333
-0.003000
0.009091
-0.003500
0.011273
0.003286
0.011400
-0.007091
-0.002857
-0.014364
-0.007600
0.008000
0.013667
0.010000
0.005000
0.005286
-0.007818
-0.005750
0.007875
0.013077
0.021200
0.009333
0.002556
-0.007231
0.002000
-0.008308
-0.001636
-0.008095
0.001333
0.007800
-0.005810
0.005600
-0.004000
-0.000182
-0.004933
0.007636
0.016000
0.002000
-0.002533
0.000875
0.004429
0.022200
0.000154
0.007231
-0.003692
-0.010667
0.016286
0.011125
-0.013231
-0.011294
-0.002353
0.007833
-0.003800
0.008143
0.000933
-0.002923
-0.000364
0.015538
-0.004000
0.002667
0.005818
-0.019800
0.008111
0.003231
0.006923
-0.021538
0.001636
-0.002571
-0.001600
-0.008429
0.004400
-0.007333
-0.006600
-0.008600
0.009714
-0.013500
-0.006800
0.007385
0.002125
0.011222
-0.010000
0.005200
-0.004667
-0.002154
-0.003667
-0.003636
0.002133
-0.007125
-0.007200
0.014000
0.017833
0.001714
-0.022000
-0.006000
0.005333
0.001429
0.000308
0.005636
0.009273
0.012000
-0.000833
-0.000250
-0.001556
0.015455
-0.002545
0.007692
-0.002333
-0.010200
0.015273
-0.004750
0.001846
-0.000545
0.001655
-0.000486
0.003355
0.002903
-0.000222
-0.004516
0.000538
0.000846
0.006977
-0.008000
0.009920
0.002828
0.002278
-0.003111
-0.010000
-0.006686
0.002000
0.001647
-0.006222
0.001706
0.006375
0.000733
-0.000929
0.001862
-0.001657
-0.006950
0.000387
0.004973
-0.009000
0.011250
-0.001167
-0.003419
0.006839
-0.001273
-0.006462
0.003556
-0.003643
-0.006214
-0.000385
0.001704
0.010606
-0.000811
-0.001724
0.006483
0.004250
0.003600
-0.003259
