0.001280
0.000192
0.005923
0.000416
0.001818
0.006934
0.003576
0.007450
-0.001326
0.002832
-0.003204
0.005676
-0.000387
-0.004111
0.000606
-0.000788
0.000516
-0.000961
0.002694
-0.001377
-0.003143
-0.000441
-0.002820
0.004982
0.022333
-0.003538
-0.005833
-0.002154
0.008615
-0.006429
-0.009538
0.010833
0.000429
0.008600
0.009286
0.000000
-0.020400
-0.005538
-0.012571
-0.009833
0.002667
-0.012143
0.003091
0.020545
-0.010500
0.009538
0.002923
0.017333
0.000909
0.002857
-0.006308
-0.007846
-0.003800
0.002000
-0.013636
0.007636
-0.002308
-0.003867
0.009143
-0.019200
0.011833
-0.000615
0.002667
-0.009455
-0.002667
-0.006000
-0.015000
-0.004857
-0.014167
0.015167
-0.001882
-0.001833
-0.000250
0.009368
0.007625
0.001875
-0.008235
0.005053
-0.018636
-0.000870
0.005111
-0.004250
-0.000211
0.005647
-0.010105
0.013579
-0.012571
-0.015077
0.005158
0.016316
-0.008111
-0.004667
0.002000
-0.014300
-0.001053
0.002133
0.001400
-0.001412
-0.003053
0.005294
-0.008533
-0.001222
-0.006375
-0.001818
0.011333
0.000316
0.013000
0.002000
-0.008000
-0.004353
-0.011263
0.006737
0.000400
0.007750
-0.003111
0.002190
-0.003882
-0.003059
0.008526
-0.004762
0.002163
0.006086
0.004206
0.001566
0.002361
0.003033
0.003719
0.003781
-0.004017
0.003845
-0.003677
0.003586
0.001136
-0.004328
-0.000295
-0.002343
0.002188
-0.004426
-0.005058
-0.000050
0.003074
0.000746
0.002983
0.002347
-0.009200
-0.002533
-0.001143
-0.000273
-0.000211
-0.001273
-0.006261
-0.008632
0.006700
-0.011375
-0.006963
-0.004381
0.004762
-0.001091
-0.005478
0.004286
-0.009333
-0.000632
-0.007750
-0.007429
-0.010875
-0.004364
-0.005125
-0.010353
-0.003419
-0.003588
-0.001086
-0.000500
0.006400
-0.002286
0.005514
0.003333
0.001613
0.003535
0.002571
-0.005857
-0.003118
-0.007750
0.001364
-0.000629
-0.001838
-0.005676
0.005829
-0.002651
0.000114
-0.009081
0.002303
-0.007313
-0.007273
0.008757
-0.001056
-0.004585
-0.002323
-0.003368
0.004923
-0.005211
0.000400
-0.003000
-0.002600
0.000000
-0.004400
0.003200
0.015818
-0.008333
-0.001692
0.010600
-0.010200
0.005000
0.010000
-0.019400
-0.002182
0.000545
0.004364
0.015273
0.000200
-0.012333
0.012400
-0.004200
-0.004364
-0.010000
-0.003800
0.015200
0.008800
0.006000
-0.002000
0.002400
-0.006600
-0.004200
0.005895
-0.003333
0.000154
0.005267
-0.001730
0.009436
-0.001282
-0.010258
-0.006364
-0.000200
-0.001200
-0.001400
0.000400
-0.015200
-0.010800
-0.010400
-0.011167
0.005455
-0.021000
0.011636
-0.008600
-0.011400
-0.009333
-0.008182
0.014000
0.031400
-0.009800
0.004000
0.003000
-0.012600
0.009400
0.017636
-0.016000
0.001400
0.008800
0.001800
0.000545
0.010000
-0.000400
-0.018000
-0.004333
0.008182
0.000171
0.001030
-0.007257
-0.001429
0.007765
0.003818
0.003538
-0.002545
0.024800
-0.010800
0.021091
0.000200
-0.001000
0.006000
0.000615
0.008000
-0.007000
-0.002800
0.004600
-0.002000
-0.004400
0.003333
0.013200
0.007400
-0.006600
-0.011000
-0.002200
0.004000
-0.007400
-0.004600
0.002167
0.000200
0.015200
0.002727
-0.005600
0.019800
-0.004000
-0.006000
0.001103
0.009571
-0.001929
0.000667
0.001684
0.003760
0.009545
0.006500
0.002261
0.001917
-0.004500
0.000769
0.008500
-0.006000
-0.005619
0.001053
0.004583
-0.007250
0.008381
-0.008421
-0.000417
0.010200
-0.012000
-0.001895
0.006581
0.003722
0.005833
0.003535
-0.013231
0.001647
-0.000556
-0.001526
0.005375
0.001556
-0.003590
-0.003707
-0.008667
-0.006821
-0.001625
0.000133
0.002968
-0.002390
-0.004615
-0.001143
0.001290
-0.005429
-0.009097
-0.003059
0.000765
0.003091
-0.008111
0.002789
-0.000970
0.004615
0.002923
0.004649
0.002833
0.011800
0.016000
-0.002000
0.001636
-0.000600
-0.011333
-0.008167
0.003000
0.008000
0.001800
-0.005800
0.000200
0.005800
-0.011800
-0.007600
-0.012833
0.010600
-0.013600
0.008182
0.010200
0.002600
-0.001400
-0.002923
-0.003143
0.007800
0.004200
0.016400
0.005818
-0.019200
-0.012600
-0.009200
0.001163
0.010182
0.004194
-0.007687
0.000514
-0.003268
-0.010529
-0.009091
-0.021778
-0.001455
0.002600
-0.008545
0.001200
0.009600
0.004000
-0.019600
0.006000
-0.000600
-0.004200
0.005200
-0.006400
-0.005600
-0.008200
-0.002714
-0.010333
-0.010400
0.009200
0.008800
-0.005800
0.007000
-0.005200
0.017455
0.007200
0.000800
0.012600
0.010200
-0.005000
0.014600
-0.001400
-0.009000
-0.013187
0.003187
-0.001543
0.002788
0.000812
-0.001857
-0.003200
-0.009676
0.000182
-0.001600
0.000800
0.004200
-0.006600
0.000600
0.015600
-0.002600
0.032364
-0.003600
-0.001000
0.003600
0.002600
0.002200
0.001000
-0.006308
-0.014000
-0.022600
0.011600
-0.001273
0.019400
0.010000
-0.004400
0.009200
0.002400
0.009000
-0.001200
0.002400
0.006545
-0.008000
-0.001800
0.002400
-0.001600
-0.007000
-0.005000
-0.000308
0.001600
-0.006600
0.005833
-0.021200
0.012545
-0.006286
-0.002727
0.008182
-0.003385
0.000800
-0.005000
-0.003455
0.001833
-0.001333
-0.006200
-0.010333
0.006182
0.000200
0.004600
-0.006000
0.010182
-0.002833
0.002400
-0.001000
-0.022500
0.001800
0.010000
0.008000
-0.003833
0.006000
-0.003400
-0.005636
0.015143
0.013000
-0.002545
0.004000
0.002600
0.003636
-0.008727
-0.012923
0.021000
-0.001400
0.003800
-0.003800
0.006833
0.006000
0.008167
0.002545
0.006769
-0.008800
0.008364
-0.011077
0.004400
-0.006364
-0.016800
0.019455
-0.004545
0.001200
0.010909
-0.003167
0.001667
-0.004727
-0.005400
0.004727
-0.002267
-0.003077
-0.006833
-0.008800
0.004600
-0.000923
0.003636
-0.012667
0.000133
0.018400
-0.005333
-0.007636
0.006615
0.000333
0.004200
-0.001091
0.001000
0.001273
0.009857
0.003400
0.001273
-0.010857
0.004727
0.006000
0.002364
0.003333
0.007091
-0.001333
-0.007286
-0.001455
0.005000
-0.014250
-0.005692
-0.001200
0.005333
0.004333
0.000462
0.002727
-0.006769
0.005455
0.001905
-0.002333
0.010200
-0.007429
0.007800
-0.003273
0.015273
-0.009600
-0.018182
-0.008000
0.007231
-0.013600
0.007125
-0.002429
0.016800
0.002000
-0.015538
-0.009538
0.001500
-0.007714
-0.004500
-0.010462
-0.002235
-0.008000
0.003333
-0.025400
0.015000
-0.006133
0.006769
0.007636
0.006615
-0.017091
0.013667
-0.002364
-0.018000
0.013222
-0.004615
-0.020154
0.011846
-0.003455
-0.002143
0.022600
-0.003143
-0.002800
-0.012667
0.008400
0.004200
-0.005143
0.000000
-0.007200
0.002154
0.002750
0.012000
-0.009846
-0.013200
0.009467
0.006923
0.016167
-0.018909
0.005333
-0.002125
-0.000400
-0.002267
-0.002500
-0.000143
0.014400
-0.010400
0.014133
0.015571
0.005385
-0.005636
0.009273
-0.011091
-0.009000
0.016000
-0.006000
0.004727
0.019636
0.006923
0.015667
0.000600
-0.005273
-0.002875
-0.001077
-0.002455
-0.011310
0.003676
-0.006645
0.008710
0.000148
0.002968
0.009846
-0.001462
0.000605
-0.000955
0.004960
0.001793
-0.003111
-0.003722
-0.001167
0.006514
0.000129
0.000647
0.009852
0.000706
-0.003687
-0.012133
0.008071
-0.003862
0.008400
0.001000
0.003032
-0.006865
0.005938
0.008313
0.000417
0.003355
0.002516
0.006424
-0.003308
0.012167
0.004214
-0.002357
0.003615
-0.004667
-0.002182
0.003622
-0.001448
-0.005034
-0.001063
-0.012000
-0.008815
