0.008160
0.004640
0.002865
0.000495
0.000218
0.000377
-0.003737
-0.002587
-0.000783
-0.005624
0.002738
0.000895
0.003978
-0.000204
-0.000566
0.001673
-0.000323
0.001569
-0.000408
0.006189
0.000901
-0.001203
0.001620
-0.001255
0.018500
-0.011231
-0.001333
0.003231
0.000308
-0.009571
0.012000
0.006500
0.000571
-0.003700
-0.003143
0.001273
-0.005200
-0.006462
0.000857
0.010167
0.003733
-0.002857
0.004727
-0.006545
-0.004833
0.010308
0.000923
-0.010267
-0.006364
-0.020000
0.009385
-0.000462
-0.002200
0.007167
-0.004545
0.010727
0.000923
0.001333
0.001571
-0.021400
-0.004500
-0.010769
-0.010833
-0.008909
-0.008333
0.002143
0.005000
-0.010714
-0.007500
0.011167
-0.008941
0.008833
0.014625
-0.010421
0.001375
0.004875
0.010235
0.011053
-0.010364
0.003565
-0.018444
-0.005875
0.003158
0.002706
-0.001053
-0.004421
-0.010000
0.000769
0.000105
-0.000947
-0.019111
-0.001619
0.009125
0.001600
-0.001579
-0.003867
-0.000700
0.011765
0.006632
0.017412
-0.005067
-0.006000
0.006250
-0.011182
-0.011407
0.001053
-0.002200
0.007000
-0.001273
0.010941
-0.015895
-0.012211
0.002300
-0.003250
0.005889
0.001905
0.003647
0.000941
0.005053
0.000381
0.001156
0.000273
0.000984
0.000078
-0.000075
-0.000918
-0.000149
0.005375
0.000800
0.006897
-0.002258
-0.003845
0.005200
0.002164
-0.000543
0.000493
0.002234
0.000590
-0.001388
0.000756
-0.001471
0.000220
-0.002207
-0.003792
-0.003371
0.011333
-0.003714
0.001000
-0.006737
-0.001909
0.000522
0.008842
0.002700
0.008500
-0.010889
-0.003619
-0.013810
0.002455
-0.001130
-0.001429
0.013833
-0.004842
-0.006917
-0.003905
-0.002125
0.009818
-0.003938
-0.003176
0.004710
-0.004588
-0.001543
-0.002700
0.002000
-0.002810
-0.010541
-0.001333
0.001226
0.004837
0.013371
0.004857
0.005294
-0.000250
-0.004409
-0.009143
-0.004378
0.002324
-0.009257
0.005442
-0.005657
-0.003622
-0.000121
-0.014313
-0.003152
-0.000973
0.002833
0.005512
0.008065
0.001316
0.000615
0.007000
0.004000
-0.010000
0.002000
0.001091
-0.014000
0.025200
0.020727
0.008167
-0.002154
0.008000
-0.013200
-0.013400
-0.014400
-0.008400
0.007091
0.012909
0.000909
-0.014727
0.002200
0.009833
0.003800
-0.004000
-0.000909
0.008833
-0.007800
-0.007000
0.021800
-0.009400
0.020400
-0.004600
0.001400
0.019000
-0.000895
-0.005879
-0.007179
-0.003333
0.008757
-0.007026
0.003026
0.004258
0.002364
-0.007200
-0.010600
-0.008600
0.005000
-0.005600
-0.023200
-0.013200
0.000500
-0.008909
0.006000
-0.005455
-0.000600
0.006400
-0.008333
-0.007636
0.017800
-0.007000
0.004000
0.004400
-0.004600
-0.018200
-0.000200
0.012364
0.005500
-0.002000
-0.003200
-0.004800
-0.003818
0.007000
-0.000400
0.016000
0.001056
0.005273
0.005829
-0.003576
-0.002971
-0.002667
-0.002471
-0.002061
0.007077
0.010000
0.007200
-0.020600
-0.016909
-0.004400
-0.012200
0.003846
-0.020769
-0.011600
-0.003800
0.000600
0.002600
0.018600
0.005200
-0.006667
-0.003000
0.008600
-0.005000
-0.008600
-0.010400
0.015000
-0.011200
0.019600
-0.003833
0.006000
0.009400
0.004727
-0.005000
-0.000200
-0.007000
0.000000
-0.009448
0.003571
0.002143
-0.010000
-0.015579
-0.003760
0.007727
0.017875
-0.006348
0.005083
-0.012167
-0.005692
0.010300
-0.000087
0.000857
-0.022316
-0.004083
0.001875
0.006762
0.002000
0.002667
-0.001500
0.001800
-0.007368
-0.007355
0.001000
0.007389
0.001163
0.006256
0.000588
-0.002667
0.005789
0.007000
-0.000889
0.002462
0.004098
-0.003231
-0.000718
-0.001125
0.000867
-0.008323
-0.006000
-0.000513
-0.002429
0.007355
0.000429
-0.013290
-0.002706
0.002176
0.005212
-0.002500
-0.002263
0.007636
0.005436
0.001282
0.002108
0.007667
-0.007800
0.002545
-0.013000
-0.008909
0.013400
0.018167
-0.004167
0.014000
0.025200
0.010400
-0.008400
0.002000
0.021600
-0.008200
-0.006000
0.001000
-0.003200
0.013600
-0.000182
-0.001800
0.007000
-0.003600
-0.012154
0.005429
0.002800
0.010600
-0.008600
0.000182
-0.020600
-0.009600
0.008000
-0.000605
0.001636
0.001290
-0.011312
-0.006457
0.003317
-0.001412
0.008061
0.002667
-0.013636
-0.004200
-0.004000
-0.004000
0.001800
0.006400
-0.005000
-0.016400
0.011400
0.000000
0.001200
0.005000
-0.006000
0.010600
0.008571
-0.001500
-0.019800
0.003400
-0.009800
-0.015000
-0.019600
-0.001200
0.013273
-0.018800
-0.009800
0.018000
-0.006000
-0.010000
-0.010800
-0.007200
-0.000600
0.003000
0.001250
-0.003200
0.001152
-0.001500
-0.010952
-0.009086
0.001459
-0.004727
0.012000
-0.003200
0.003400
0.023200
0.010400
0.007400
-0.001800
-0.000182
0.001800
-0.004000
0.010267
-0.012800
0.015400
-0.006333
0.019692
-0.000167
0.011600
-0.002800
0.009818
-0.007400
0.003200
0.005800
0.008000
-0.005200
0.001000
-0.008200
-0.016400
-0.000727
-0.011400
0.000600
-0.010200
0.017600
0.003000
0.001400
0.001077
-0.001000
0.002400
-0.023167
0.005600
0.000182
-0.007000
-0.004727
-0.005455
0.019538
0.016400
0.007500
0.004364
-0.002833
0.001467
0.014400
0.007000
0.003273
0.015200
0.009200
-0.011273
-0.005636
-0.014167
0.000400
0.003333
0.003333
-0.009600
-0.000286
0.004000
0.008167
0.006923
0.002600
-0.009091
0.016000
-0.005200
-0.006909
0.003400
0.001400
-0.010182
0.002545
0.002923
-0.015833
-0.007600
0.012800
0.006400
-0.006000
0.004400
0.006667
-0.001818
-0.004462
-0.004600
0.006000
0.020154
0.003000
-0.002182
0.003800
-0.003091
0.007091
-0.013800
-0.009273
0.016000
-0.001500
-0.006364
-0.011800
-0.015818
0.002533
0.005538
-0.005833
-0.002000
0.011800
-0.008462
-0.006000
0.001500
0.010533
0.002800
-0.014000
-0.016000
-0.005077
-0.005333
-0.009400
-0.000364
0.001000
-0.012364
0.016571
-0.019200
0.002545
-0.003857
-0.006182
-0.001800
0.018545
-0.008333
-0.002364
-0.004333
0.014000
0.016909
-0.016875
-0.002875
-0.008308
-0.000400
0.005467
0.003444
-0.009231
-0.007818
-0.002154
-0.010909
-0.000857
-0.004833
-0.008400
-0.004286
-0.001400
-0.000545
0.008545
0.008400
0.010545
-0.000545
0.009846
0.017067
0.017125
-0.009286
0.009600
-0.009538
-0.007692
-0.014923
-0.002500
0.000000
0.002125
0.000615
0.010824
0.004471
-0.018667
-0.001800
0.000286
0.001467
-0.001077
0.005636
0.004462
0.004000
-0.002167
0.005636
0.001400
0.007778
0.008308
0.009692
-0.008769
0.001818
0.007143
-0.005600
0.009286
-0.004000
-0.010667
-0.010600
-0.004600
-0.001286
0.009167
0.009800
0.005077
-0.018250
0.007778
0.001231
-0.008200
-0.011200
0.001385
0.007167
0.000545
0.002267
-0.009500
-0.012600
-0.000667
-0.000167
-0.003286
-0.006000
0.005000
0.002000
-0.007714
0.010769
0.010364
0.004000
-0.002909
0.006333
0.003875
-0.002111
0.019818
-0.012727
0.008615
0.003167
-0.009200
-0.010000
0.005625
-0.003077
-0.008364
0.000276
-0.008324
0.004903
-0.001161
-0.000963
-0.010774
-0.010615
0.009692
-0.001628
-0.000409
-0.015200
0.001379
-0.008000
-0.005056
-0.012917
-0.003200
0.001484
-0.005706
-0.004370
-0.000176
-0.008063
0.007000
-0.009929
0.007517
-0.004171
-0.000550
0.006839
0.000378
0.003250
0.002563
-0.006333
-0.000645
-0.014710
0.000848
-0.008692
0.001889
-0.003286
-0.013500
0.001538
-0.008370
0.000121
-0.001568
0.005172
-0.002276
-0.008750
-0.003600
-0.008963
