0.003000
0.004832
-0.002385
0.001446
0.001436
0.003951
0.004586
0.000807
0.000609
-0.001168
0.005126
-0.006610
0.000129
0.003185
-0.000263
-0.003846
0.006817
-0.003039
0.003163
0.000623
-0.001187
-0.004847
0.001920
0.006436
-0.003500
-0.020154
-0.009667
0.011077
-0.001538
-0.012857
0.009077
0.004000
0.006429
0.002800
0.006143
0.009455
-0.002600
0.011846
-0.005714
0.002667
0.006800
0.005429
0.006364
-0.007636
-0.011000
-0.004462
0.007692
-0.012667
0.005455
0.011000
-0.002923
-0.016462
0.016000
-0.015000
0.016182
-0.012727
0.000769
0.007200
-0.003000
0.004400
-0.005167
-0.006923
0.005167
0.010545
0.014167
0.007286
0.012833
0.000000
0.002000
-0.007833
-0.004000
0.011833
0.018375
-0.002105
0.001625
-0.017250
0.008235
0.003684
0.000364
-0.002609
-0.004333
-0.007750
0.008211
0.004941
0.004421
-0.002632
-0.005143
-0.005846
-0.004105
-0.000632
0.003222
-0.003905
-0.011750
-0.003300
-0.002842
-0.008000
-0.007200
-0.003765
-0.011368
0.004118
-0.008533
0.007222
0.005750
0.005909
-0.000148
0.005474
-0.002300
0.006273
-0.000545
-0.004353
0.006105
0.005684
-0.005400
-0.005375
-0.005111
-0.002476
0.002471
0.000588
0.008947
0.010286
0.003823
0.001871
0.004048
-0.005519
0.004316
0.001344
0.002562
0.005203
0.000517
-0.001948
0.001968
0.001776
0.006528
0.005656
-0.000992
0.006015
-0.004406
-0.004492
-0.003471
-0.003429
0.000765
0.003136
0.002948
0.001375
-0.000971
0.003867
-0.006952
0.008273
0.004947
-0.005000
-0.000261
0.002105
0.000200
-0.004625
0.002074
-0.005143
-0.004286
-0.001455
-0.003913
0.006667
0.000000
0.004211
-0.002667
0.000762
-0.005500
0.000818
0.009375
-0.004000
-0.007935
0.008353
-0.001657
0.002800
-0.004057
0.003857
-0.001243
-0.003000
-0.001871
0.000186
0.002400
-0.005000
0.004824
0.001650
-0.005773
-0.008457
-0.002541
0.006216
0.004114
-0.007814
0.011029
0.007514
0.004242
0.004500
-0.011576
0.006108
-0.004556
-0.001073
0.001355
-0.001947
-0.000256
0.002842
-0.005200
-0.019600
0.014200
-0.009091
-0.011400
-0.016400
0.013818
-0.000667
-0.008462
0.005200
-0.002200
0.001000
-0.000600
-0.007000
0.016909
-0.002182
-0.001636
-0.002909
0.006200
0.020833
0.011000
0.016400
-0.002545
-0.004333
0.009800
-0.000200
0.005200
-0.005200
0.010000
0.009000
0.000200
-0.010600
-0.002947
-0.002303
-0.005692
0.004333
0.005676
0.001436
-0.004462
-0.004710
0.005455
0.012200
-0.007600
-0.005200
-0.000800
0.006600
-0.003400
0.003600
-0.005500
0.016364
0.011000
-0.000727
-0.007000
-0.001600
-0.006667
-0.001455
0.001800
0.000600
-0.019600
0.006200
-0.003800
-0.002600
0.011800
-0.004909
0.012833
0.009400
0.001800
0.000200
-0.008364
0.012200
-0.004600
-0.019200
-0.001722
0.001758
-0.004343
0.003576
-0.007314
0.004762
-0.008235
0.000848
-0.011538
-0.014000
-0.014400
-0.020200
-0.006182
-0.002000
-0.001800
0.008615
-0.011077
-0.007000
-0.011000
-0.002600
0.002400
-0.018200
-0.004200
0.010667
0.000600
0.000200
0.009000
0.001000
0.005000
-0.000600
0.003600
-0.001800
-0.005667
0.002000
0.002200
-0.007273
-0.003800
-0.004600
-0.012000
0.002667
-0.002414
0.003857
0.006643
0.001524
-0.011263
-0.002960
0.000909
0.016250
-0.006000
0.003167
0.001500
-0.000231
0.008800
0.003826
-0.005905
0.009263
-0.011333
0.009000
-0.005429
0.004211
0.002750
0.015500
0.006733
0.004526
0.005161
0.005111
-0.001722
-0.002977
-0.004308
-0.008529
-0.000722
-0.003474
-0.012500
-0.006889
-0.003282
0.002976
-0.005436
0.002103
0.008125
-0.002667
0.001935
0.004976
0.002821
0.005952
-0.003355
0.000286
0.004903
-0.013294
-0.002471
0.005152
0.009944
-0.004105
0.002485
-0.007436
0.003897
-0.002703
-0.006667
0.006800
-0.001455
-0.004833
-0.000364
-0.002000
0.002500
0.017333
0.003800
0.005400
0.000800
-0.012200
0.015400
-0.001400
0.002000
-0.010400
0.001667
-0.010400
-0.002000
0.008909
-0.014000
-0.002400
-0.013800
0.000923
0.007286
0.013400
0.000400
-0.021200
0.007455
0.012000
0.008400
0.003400
0.007581
0.003212
0.002581
-0.003500
0.007486
-0.000244
-0.002706
0.005455
0.001778
0.006545
0.000000
0.009091
-0.012400
0.013600
0.007800
-0.005200
0.006600
0.006200
0.010600
-0.006000
-0.010000
-0.003200
-0.029200
-0.004000
0.013333
-0.000200
-0.007600
0.011400
-0.007400
-0.021600
-0.024600
-0.002727
0.003400
-0.014200
0.013400
0.017200
0.000600
-0.015800
-0.000400
-0.003600
0.004500
0.004000
0.003314
0.001212
-0.000625
0.003905
0.005029
-0.001243
0.002000
-0.015400
0.002800
-0.006600
-0.011400
-0.014800
-0.028200
0.005600
0.010182
0.005200
0.005000
0.009333
-0.012800
0.006600
-0.004667
-0.000923
0.001667
-0.005800
-0.008000
0.003091
-0.000400
0.012400
0.005400
-0.003400
0.000800
0.007000
0.012600
0.008000
0.015091
-0.000200
0.017800
0.002400
-0.014000
-0.001800
-0.007200
0.002154
-0.013200
-0.007400
0.006167
-0.011200
0.000182
0.002000
0.004727
0.006545
-0.003077
-0.010000
0.006000
0.009455
-0.001500
0.000933
-0.023400
-0.001500
0.003455
0.013200
0.000000
-0.004182
-0.004545
-0.002667
-0.011200
0.001500
-0.009333
0.000000
-0.007286
-0.001000
-0.007333
0.006615
0.001800
-0.017636
-0.001286
-0.013200
-0.015273
0.009400
0.006200
0.002727
0.007091
0.009231
0.024500
0.006000
-0.001000
-0.025600
-0.001333
-0.013000
0.008667
-0.001455
0.009692
0.003400
0.003091
-0.005231
-0.010200
-0.004000
-0.002200
-0.001818
0.001273
0.004000
-0.012182
-0.002167
0.006500
0.006727
-0.002000
-0.008909
0.006667
0.005077
0.004500
0.001400
-0.002000
-0.000923
0.005091
0.025000
0.001067
-0.000800
0.004167
0.006545
0.008769
0.010167
-0.008600
-0.000545
-0.006167
0.003455
-0.013000
-0.001600
0.018545
-0.008857
-0.003273
0.001200
0.003636
-0.001333
0.013818
-0.001500
-0.005857
-0.010909
-0.002750
-0.008375
-0.013077
0.012000
-0.015067
0.004000
0.016769
-0.017818
0.002615
-0.000182
0.008762
-0.012833
0.007200
0.012571
-0.003200
-0.000364
-0.004727
-0.011067
-0.006000
-0.003455
-0.014154
0.008667
0.000000
-0.001000
-0.005400
0.003692
-0.005846
-0.005077
0.009333
-0.001429
-0.016375
0.010615
-0.017176
0.008118
-0.007000
0.019000
-0.010714
-0.010400
0.009385
0.011091
0.006769
0.000909
-0.000667
0.010545
0.001000
-0.004667
-0.013385
0.007846
0.005231
0.003091
0.002286
-0.012400
-0.006714
0.019333
0.001833
0.001600
-0.009200
-0.006571
0.006000
0.008800
0.001538
0.008000
0.004000
0.004769
-0.000400
-0.002667
0.003692
0.009333
-0.009091
0.007333
-0.005250
-0.003800
-0.007867
-0.003500
-0.007000
-0.013400
0.004000
-0.006000
0.012143
-0.004923
0.001818
0.005091
-0.003636
0.006167
0.000625
0.014000
-0.004545
-0.004727
-0.021077
-0.011167
-0.005600
0.010000
0.003375
0.002308
-0.003909
0.000414
-0.008378
0.008645
0.004000
0.009926
-0.001548
-0.010692
-0.007538
-0.004744
-0.004091
0.004720
-0.001724
-0.006278
0.008333
-0.001833
0.002400
-0.007613
-0.002824
-0.001259
0.001412
-0.009750
0.005400
0.008857
0.004414
-0.000914
-0.002800
-0.010839
0.002054
0.003563
-0.007188
-0.001083
0.001419
-0.003032
0.005394
-0.001615
-0.003278
0.009786
0.018429
0.001231
0.006074
-0.002303
-0.011784
0.001034
-0.006207
0.001563
0.004000
0.001111
