0.001000
-0.000032
-0.000115
0.002614
0.003055
-0.003197
-0.002525
0.000789
0.000478
0.004257
0.001709
-0.005257
-0.004344
0.004074
0.002970
0.003135
0.002000
-0.005882
-0.001918
0.001887
-0.001385
0.002017
-0.000500
-0.004745
0.000167
0.005692
0.012500
0.005077
0.011231
-0.016571
-0.009077
0.001000
0.016143
-0.001100
-0.018000
-0.006182
0.012600
-0.001846
0.001857
0.020500
-0.006000
0.010429
0.006364
-0.006364
0.002833
0.008308
0.006923
0.000267
-0.008182
-0.001429
-0.010769
-0.016615
0.004600
-0.009500
0.001818
-0.004727
-0.005538
0.006400
0.010286
0.013800
0.004333
0.000923
0.000333
-0.022182
-0.007833
0.008143
-0.005333
-0.003429
0.010167
-0.000333
0.002706
0.005667
-0.005500
0.008211
-0.008250
-0.008000
-0.006353
0.003263
0.008727
0.002435
0.003556
-0.010625
0.003579
0.006000
0.005684
0.002526
-0.005143
-0.000077
-0.000421
0.006316
0.010889
0.002190
-0.009375
0.004800
0.010421
-0.014933
0.001400
-0.011529
-0.001053
-0.002706
0.007600
-0.007111
0.002000
-0.001000
-0.012296
-0.006947
-0.001600
-0.006000
0.000000
-0.000118
0.007684
-0.007579
-0.008800
0.007875
0.008444
0.026571
0.009529
-0.004471
-0.005579
-0.001714
-0.001456
0.000403
-0.000032
0.001287
-0.000105
-0.001508
0.002066
-0.003906
-0.002083
-0.002293
0.005484
0.004362
-0.001056
-0.005098
-0.000605
-0.001388
-0.000594
0.001164
-0.001636
-0.004101
0.002500
0.000441
-0.002448
0.000236
0.004971
0.003333
-0.000286
0.006455
0.007368
-0.003909
-0.002522
0.002105
-0.001300
-0.009750
0.001407
0.005810
-0.003333
0.011091
-0.010870
0.000190
-0.000667
-0.002000
0.002500
-0.013429
-0.000250
0.009000
0.001937
0.006941
-0.001677
-0.005529
0.008171
0.002200
0.005486
-0.001429
0.002216
-0.010889
-0.000258
0.004884
0.001714
-0.002190
0.001588
0.003100
0.007909
-0.003829
0.002216
0.004973
0.010286
0.005814
-0.005029
-0.006865
0.000485
-0.007750
0.000121
-0.002324
-0.012444
0.003902
0.009677
-0.002789
0.005231
0.002263
0.003000
0.000200
-0.000400
0.001273
0.009200
-0.024000
0.006000
-0.005500
0.006462
0.010200
-0.013200
0.003200
-0.016600
0.004000
-0.003455
-0.002364
0.004364
-0.002727
0.006000
-0.015167
-0.004200
0.015800
0.007273
0.002667
-0.000400
0.004200
0.015800
-0.018600
0.019800
0.008200
0.016200
0.006400
-0.004316
0.003515
0.000667
-0.004467
-0.003892
0.004308
0.004051
-0.000903
-0.005273
-0.000200
-0.010200
-0.010200
-0.003600
0.011200
0.004000
-0.007400
-0.001167
-0.009455
-0.010000
-0.009455
0.015400
0.000800
0.009333
-0.003636
0.001200
0.002800
-0.007000
-0.007000
0.003200
-0.004400
0.000000
0.001273
-0.000667
-0.009000
0.011400
0.012000
0.010364
-0.022800
-0.005800
-0.002000
-0.006278
0.008364
0.001829
0.002970
0.003543
0.003714
-0.008059
0.005515
-0.004154
0.005091
-0.006400
0.000200
0.012727
-0.009000
-0.009400
0.003692
-0.004154
0.010400
-0.005400
-0.004200
-0.008600
0.006400
0.017800
0.006833
-0.014400
0.017800
-0.001400
-0.001600
-0.010200
-0.009800
-0.011400
-0.024800
0.004667
0.009000
-0.012000
-0.008364
0.002600
0.006600
-0.013143
-0.002833
0.008069
-0.003714
-0.003214
0.006762
0.002842
0.000240
0.005273
0.007000
-0.006957
0.003667
0.005083
0.000077
-0.019300
-0.000696
-0.010667
0.007579
-0.005500
0.003125
0.001524
-0.001579
0.008167
-0.007500
0.012200
0.000526
0.006968
-0.000944
-0.006444
-0.000419
0.000462
0.005529
0.000722
-0.003105
-0.004250
0.003389
-0.002923
-0.001073
0.005026
-0.003231
0.007250
-0.006267
-0.006645
0.001951
-0.011487
0.006000
-0.003742
0.001476
-0.000581
0.004059
0.003471
-0.004970
-0.001944
-0.008211
-0.001939
-0.003590
-0.006051
0.013351
-0.006500
0.007000
-0.014182
0.005833
0.014000
0.005000
0.001833
0.010000
0.002200
0.002200
0.002200
0.002600
-0.004600
0.005400
0.006200
0.003800
0.009667
-0.003400
-0.009800
0.016909
0.008400
-0.002200
-0.003000
0.016308
-0.004714
0.000400
0.000400
-0.003600
0.007818
-0.007400
-0.019800
-0.005000
-0.006698
-0.004970
-0.000452
0.002125
-0.007886
-0.005171
0.002000
-0.002909
0.009889
0.001455
-0.002200
-0.008545
0.004600
0.013400
-0.004400
-0.000200
-0.009600
-0.015400
0.007000
-0.001000
0.005800
-0.014600
0.016400
0.004286
-0.003667
-0.015200
-0.010000
-0.000200
0.001200
-0.025200
0.004600
0.009091
0.008800
-0.012800
-0.017800
0.000000
0.006600
0.000200
-0.002800
-0.007400
-0.000125
-0.005250
0.002629
0.004182
0.005812
0.004667
-0.002571
0.009027
0.021273
-0.001400
0.007600
0.004400
0.000400
0.002400
0.008800
-0.004800
0.007818
-0.003200
0.016400
0.009600
-0.008600
-0.004800
0.005833
0.006462
-0.002333
-0.011400
0.007800
-0.006000
0.001400
0.008600
0.006400
0.012000
-0.020600
0.006400
0.005800
0.008200
-0.004545
-0.016600
0.012600
0.020200
0.007000
-0.003400
-0.005600
-0.023385
0.001200
0.006000
0.011167
-0.000600
-0.011818
0.010429
0.002909
-0.010909
-0.018000
0.008200
-0.001000
0.006909
-0.019833
-0.007467
-0.009000
-0.017333
-0.007273
-0.000200
-0.019600
-0.004545
0.006727
0.004500
0.001200
0.012833
0.010833
0.000600
-0.006429
-0.003167
0.014667
-0.002923
-0.014600
-0.015636
-0.023143
-0.012800
0.003636
-0.001000
0.001800
0.001091
0.006000
0.004923
-0.007333
0.002400
-0.010000
0.007800
-0.007167
-0.014400
-0.006500
0.010545
-0.008462
0.002800
0.011091
-0.000615
-0.000800
0.000364
0.003800
0.012545
0.002364
-0.010000
-0.002182
-0.012000
-0.003000
0.010000
-0.006600
-0.002364
-0.006533
-0.004923
0.003667
0.002200
-0.008800
0.009692
-0.008000
-0.002333
-0.004533
0.004400
-0.007833
-0.007273
0.005846
-0.002833
0.001000
0.009273
0.000333
-0.001455
-0.005857
0.002400
-0.001818
0.007714
-0.018909
0.000200
0.005455
0.001000
0.003818
-0.005333
-0.004000
0.004909
-0.019750
0.010750
-0.016615
0.002200
-0.004800
-0.008222
-0.000154
0.013273
-0.004615
-0.004727
0.001524
0.003833
-0.011000
-0.004190
-0.013100
0.012909
0.011818
-0.007067
0.019273
-0.015818
0.017538
0.017333
0.002625
0.022143
0.006800
-0.017231
-0.011385
-0.002769
-0.000333
-0.007714
-0.004250
0.004308
0.000118
0.009059
0.006500
0.002600
0.013286
-0.006000
0.002615
0.000182
-0.006615
0.000000
0.013167
-0.013273
-0.007400
-0.008889
0.006923
-0.003846
0.006308
-0.012182
0.010571
-0.010200
-0.001143
0.010800
0.000000
-0.000800
0.001200
0.003000
0.008333
0.009200
-0.014154
-0.002000
-0.005556
0.002308
0.000600
0.000000
0.006308
-0.006500
-0.000909
0.001333
-0.008375
0.011400
-0.003067
0.002833
-0.002714
-0.009200
0.001600
-0.008533
-0.012857
0.016154
-0.000727
-0.010909
-0.015455
-0.006667
-0.000875
0.007778
0.009273
-0.006545
-0.013385
0.009833
-0.011000
-0.003455
-0.011250
-0.018615
0.000727
0.010966
0.000649
-0.014387
0.004452
-0.011630
-0.003161
0.012615
-0.001769
0.003860
0.003273
-0.003680
-0.002966
0.004833
-0.001444
-0.004750
-0.002286
-0.008516
-0.001882
0.001185
-0.006176
0.001250
-0.003867
-0.012429
-0.008138
0.005086
0.004650
0.010452
0.004378
-0.003250
0.001313
-0.012000
-0.001484
0.008774
0.010485
0.002538
-0.003111
-0.008786
-0.005000
-0.003846
0.003185
-0.000182
-0.002270
0.009862
0.003862
0.005000
-0.003280
0.013259
