-0.000460
0.002944
-0.001308
-0.006416
0.003364
-0.008131
0.004182
-0.002899
0.001348
0.001465
0.000408
0.001410
0.002366
-0.001944
-0.002162
0.001654
0.004624
0.003647
-0.002469
0.002038
-0.000132
-0.001288
-0.003240
0.000527
-0.002333
0.003692
-0.009000
0.004615
0.000923
-0.006714
0.000923
0.020500
0.001286
0.000900
-0.005143
0.007091
-0.004200
-0.000923
0.005143
-0.009667
0.008267
-0.011714
-0.012182
0.007818
0.014167
0.009538
0.001077
-0.010133
0.003818
-0.001857
0.004462
0.001692
-0.005600
0.019500
-0.008182
-0.019091
0.016308
-0.000667
-0.016857
-0.011200
-0.002833
-0.014769
0.004667
0.006727
-0.004333
0.002714
-0.006500
0.004571
0.018667
-0.017167
-0.006588
0.007167
0.011375
-0.004737
-0.008000
0.012000
0.004235
0.009579
-0.000182
0.007565
-0.007667
-0.005125
0.004526
-0.006588
0.017053
-0.005053
-0.006857
0.001846
-0.003263
0.000526
-0.010667
0.009524
-0.004250
0.002100
0.007474
0.011867
0.005400
-0.001412
0.006526
0.010353
-0.017467
-0.004889
-0.004875
0.001636
0.000593
-0.006316
0.002800
0.000273
0.013273
-0.009059
0.007895
0.004000
-0.006900
-0.000250
-0.013778
0.004095
-0.003647
0.000000
0.000316
0.001143
0.003388
0.003683
-0.004698
0.004992
-0.001053
0.003443
0.003058
-0.001094
0.001050
-0.004483
0.002145
0.001362
-0.001040
0.003164
0.005147
0.003851
0.001484
-0.004164
0.000661
0.000319
0.000235
0.001695
0.002190
0.002167
-0.000400
0.002267
0.010286
0.009818
0.005263
0.002727
0.001043
0.011263
-0.000100
-0.009000
-0.007407
0.002095
0.010381
-0.000727
-0.001391
0.005048
0.007333
0.005789
-0.010250
0.001048
0.014625
0.006727
0.002188
0.012706
0.007806
-0.003529
0.001829
0.003000
-0.006743
-0.003095
0.001622
0.004889
0.000968
0.000093
-0.010914
-0.008571
0.001765
0.001050
-0.000091
0.008171
0.003189
-0.006486
0.001257
0.000791
0.007714
0.003189
0.000242
-0.004188
-0.000121
0.006757
0.006389
0.004000
-0.004645
-0.003632
0.000103
0.001263
-0.002000
-0.017200
-0.011400
-0.007455
0.007600
0.008600
0.015636
0.012000
-0.006769
0.000000
0.001000
-0.002200
0.002200
-0.007600
-0.011455
0.012909
-0.005091
0.015818
-0.009200
-0.009000
0.006200
-0.000200
-0.010364
-0.002000
0.022800
-0.012400
0.014400
-0.016400
0.009000
-0.005600
-0.019400
0.009600
0.000211
0.000545
0.000564
-0.002467
0.004000
0.004205
0.001641
0.011355
0.010364
0.011000
0.000000
0.025200
0.004000
0.002000
-0.021800
0.009000
0.002667
0.003455
-0.009600
0.008909
0.007200
0.018800
-0.010500
-0.014727
-0.008200
0.001400
0.003800
-0.032800
0.002400
0.002000
-0.014400
-0.002727
0.008333
-0.004000
0.010600
0.003800
-0.001273
-0.013600
-0.013200
-0.008000
-0.000444
0.006485
0.003314
-0.000061
0.003657
0.003762
0.006235
-0.009758
0.002769
0.001273
-0.006200
-0.017800
-0.014909
-0.007600
-0.001000
-0.012154
0.002154
0.007200
0.006800
0.010800
-0.008200
-0.005800
-0.003800
-0.015000
0.009400
-0.005800
0.006000
0.005600
-0.002800
-0.012800
-0.020000
0.003200
-0.011167
0.006200
0.000000
0.003091
0.005000
-0.004800
-0.002286
0.009667
0.004621
0.012000
-0.004786
-0.003619
0.010316
0.018080
0.009273
0.001625
-0.001826
-0.008667
0.007083
-0.002231
0.000300
0.010696
0.010476
0.000842
-0.000500
0.006750
-0.001238
-0.007053
0.000667
0.013900
0.001267
-0.013684
-0.008516
0.002333
0.010889
-0.004000
-0.002410
0.000588
-0.006944
-0.005474
0.002500
0.011944
0.002154
0.006537
-0.002359
0.000462
-0.005063
0.003067
0.009355
-0.006683
-0.004154
0.002238
-0.008839
-0.002429
-0.003032
-0.009412
-0.009765
-0.004182
0.001333
-0.008579
0.003394
-0.001538
0.003846
0.002054
-0.001333
0.006800
0.000000
-0.001500
-0.007455
0.001800
-0.011333
0.005167
0.009400
0.011600
0.004200
-0.004000
-0.005000
-0.002000
-0.012200
0.002600
-0.010833
-0.008200
-0.011000
0.006364
-0.001000
0.019400
-0.001000
-0.008308
0.007143
-0.017000
0.009000
-0.000200
0.000364
-0.003800
0.003200
-0.013000
-0.008512
-0.001091
-0.002000
-0.008563
-0.002343
0.000293
-0.004353
0.001939
-0.001889
-0.007091
-0.014200
-0.005091
-0.002400
-0.005200
-0.006800
-0.010400
0.028800
-0.012000
-0.006800
0.008400
0.002400
-0.001200
0.009400
0.002000
0.008833
0.011000
0.000200
0.011200
0.010200
-0.002800
-0.002000
-0.006000
-0.013600
-0.009800
-0.006000
0.002400
0.001800
0.005800
0.011200
0.001600
0.000438
-0.003250
0.000114
-0.008182
0.001313
0.003762
0.002000
0.003568
-0.014182
-0.005600
-0.012000
-0.002800
0.003400
-0.009400
0.006800
-0.003000
0.002364
-0.000400
-0.009600
0.010000
0.004800
0.010200
-0.003000
0.004308
-0.002833
-0.014600
-0.001400
0.010182
-0.004000
-0.022000
-0.002200
0.006000
-0.004200
0.012600
-0.014800
-0.016800
0.007455
0.008000
-0.002200
0.000200
0.009600
-0.012000
0.007400
0.014462
0.014200
0.022600
-0.002667
0.002400
0.006000
-0.003571
-0.014000
0.003636
0.000154
0.004800
-0.004000
0.001636
-0.002500
0.001067
0.005800
-0.007333
-0.008545
-0.003400
-0.001000
0.011273
-0.002545
0.007000
0.008400
-0.003833
0.000000
0.018200
-0.012857
-0.002333
-0.001333
0.004308
0.006800
0.012364
0.014286
-0.003400
0.007091
-0.003600
0.011200
0.001273
-0.000727
-0.014769
-0.003167
-0.002000
0.017000
-0.018000
0.002167
-0.020600
-0.018667
-0.014182
0.004615
0.009400
-0.001636
0.004769
0.010400
0.004545
-0.007200
0.002000
-0.000545
0.008200
-0.001455
0.000167
-0.002167
0.005455
-0.005000
-0.002545
0.002667
-0.021846
0.008500
-0.002600
0.002000
0.008923
0.005091
-0.007333
-0.003733
0.003000
0.014667
0.008545
-0.012615
0.001000
-0.016400
-0.013273
0.004167
0.008182
-0.005857
-0.000800
0.002182
0.011429
0.015818
-0.010800
-0.002182
0.006667
-0.007455
0.008500
-0.006286
0.002000
0.007750
-0.012500
0.018462
0.023400
-0.009333
0.004000
0.004000
-0.017091
0.014923
-0.007273
-0.007810
0.000167
-0.002200
-0.004286
0.012600
0.006000
-0.005091
0.010667
-0.005818
-0.001818
-0.000923
0.004267
0.001375
-0.016286
0.002800
0.008769
0.001077
-0.003385
0.004667
0.012286
0.003125
-0.013231
0.011412
-0.001765
-0.008500
-0.003400
0.007429
-0.001867
0.005538
0.002545
-0.017538
-0.012364
-0.009833
0.008727
0.008800
0.000778
0.006769
0.000769
-0.011077
0.002545
0.005000
0.006000
-0.009000
-0.006533
-0.006333
0.006800
-0.006600
-0.012571
-0.015667
0.003000
0.008923
0.001875
0.001556
-0.000154
0.005000
0.000667
-0.004462
0.003000
-0.015818
-0.007200
-0.009375
-0.009400
-0.012000
0.003833
-0.008000
-0.002000
0.001400
0.009200
0.012714
0.009692
-0.008545
0.003636
-0.001273
0.011833
0.000250
0.000000
-0.005273
-0.006545
0.009846
-0.002667
0.003800
0.002000
-0.015125
-0.002462
0.000364
0.007379
0.012108
0.000194
0.005484
0.007630
0.010323
0.001308
-0.004923
0.006744
-0.004864
0.002880
0.003586
0.000889
-0.014556
-0.002833
-0.006914
-0.002000
-0.000176
-0.000148
0.003765
0.005250
0.008467
0.004000
0.006276
0.004857
-0.005700
-0.010903
0.000703
-0.009938
-0.006812
-0.007500
0.021226
0.000581
-0.001697
-0.003000
0.004000
0.000929
-0.000071
-0.001308
-0.003185
0.013455
0.002000
-0.007724
0.005517
0.006437
-0.005120
0.004593
