0.005660
0.002688
0.011962
0.009030
0.016709
0.006115
-0.000485
0.008550
0.009087
-0.012475
-0.011223
0.021638
-0.009183
0.004389
0.008626
0.021135
-0.012559
-0.013255
-0.010673
0.006887
-0.004264
-0.015983
-0.002020
0.010527
0.000500
-0.001538
0.008333
0.014462
0.006769
-0.000714
0.005385
0.001500
-0.001000
-0.002300
0.028571
0.000364
0.012600
-0.002923
-0.002143
0.004833
0.004800
-0.002143
-0.000364
0.001455
-0.000167
-0.001231
0.007385
0.004400
0.007455
-0.002000
0.009077
0.002000
-0.014600
0.004167
-0.000909
-0.010182
-0.010154
-0.004133
-0.014857
0.019400
0.000833
0.000154
0.007333
0.003273
0.004167
-0.006714
0.016500
-0.019143
-0.014667
-0.006500
0.010824
0.012000
-0.010500
-0.008421
0.018750
0.014500
0.001176
-0.007158
0.006000
-0.011217
0.012667
-0.012875
-0.008211
0.010588
-0.005158
0.009579
-0.005238
-0.011846
0.002632
0.015895
0.007889
-0.019238
-0.005375
-0.004400
0.014421
0.000667
-0.006200
-0.002235
-0.005053
0.018471
-0.007467
-0.004000
0.010500
-0.015455
-0.011259
0.004000
0.007800
-0.009455
-0.013273
-0.016471
0.007053
-0.000737
-0.016600
0.000625
0.010889
0.005048
-0.010000
-0.000941
-0.004947
-0.001333
0.007510
0.026763
0.014889
0.003147
0.026556
0.010410
0.027190
0.022641
0.004633
-0.005362
0.012048
0.026172
0.021856
0.020721
0.007628
0.003582
0.002938
0.008754
-0.005570
0.011294
-0.007147
0.016186
0.010534
-0.000375
-0.014857
-0.007733
-0.014095
0.007909
-0.002526
-0.001818
-0.013391
-0.006421
-0.010600
-0.018625
-0.009926
0.004571
-0.015810
-0.006909
0.002609
-0.019619
-0.006500
-0.014526
-0.019083
-0.004762
-0.021000
-0.014000
0.008375
-0.024471
-0.005226
0.003059
-0.005257
0.006900
-0.005143
-0.012333
0.004324
0.001833
0.000194
0.007302
0.001486
0.007905
0.001059
-0.008950
0.003000
0.006857
0.007135
-0.004865
-0.001143
0.005488
0.009543
0.004054
-0.001879
0.011875
-0.009394
0.001892
0.000556
-0.003268
0.024903
-0.011263
0.001077
0.006211
0.019600
-0.003000
0.011200
0.001273
0.007400
-0.006800
0.009636
-0.002500
0.004000
0.011400
0.017000
0.002200
-0.007400
-0.009400
-0.025636
0.005455
0.002727
-0.012182
-0.016400
0.004500
0.004200
-0.010400
0.011091
0.007167
0.000800
0.009400
-0.002800
0.007200
0.008200
0.003200
0.008400
-0.009600
0.010684
0.002727
0.003949
-0.002133
0.006324
0.007641
-0.003077
-0.010000
0.008909
0.006000
0.005000
-0.018200
-0.000600
-0.005200
-0.001400
-0.007400
-0.006167
-0.006000
-0.003600
0.017273
-0.017400
0.000000
0.003333
0.009273
0.008000
0.008000
-0.005600
0.007200
0.001400
0.018400
0.006200
0.002000
-0.006000
-0.009200
0.014600
-0.001000
-0.006000
-0.003200
-0.000400
-0.009000
0.007444
0.003879
-0.007486
0.004970
-0.009771
-0.005619
0.001471
0.000485
-0.014769
-0.010000
-0.002000
0.008000
-0.006727
0.010000
-0.011200
-0.001846
0.006615
0.015200
-0.001000
0.002800
0.015800
0.000000
0.010800
-0.018167
-0.008000
-0.008200
0.003400
-0.021600
0.001200
-0.012200
-0.017200
0.003400
-0.013833
-0.002800
-0.004200
0.011273
0.005400
0.001800
0.024429
-0.000333
0.006828
0.019143
0.007357
0.000857
0.002000
0.007920
0.007909
0.004625
0.016261
0.006917
0.025250
-0.008538
0.018600
0.007913
0.007048
0.014105
0.028083
0.022750
0.014095
0.003368
0.016000
0.019200
0.004667
0.006632
0.015742
0.000778
0.010944
0.012047
0.001692
0.004294
-0.007056
-0.006632
0.007437
0.009444
-0.001231
-0.000390
-0.001538
0.010513
-0.001500
0.008467
-0.009355
0.000976
0.020923
-0.006810
0.004516
-0.008714
0.011290
0.004529
0.012882
0.003273
0.002556
0.015263
-0.012727
0.016410
0.013641
-0.004649
-0.000833
0.005600
0.016727
-0.006500
-0.001455
0.021000
0.025333
0.000667
0.004200
-0.022000
-0.009400
0.010600
0.011200
0.004000
0.010800
-0.009600
0.007000
-0.001000
-0.003200
0.019636
-0.004800
0.003000
0.011600
0.007846
0.004000
0.000600
0.009600
-0.004800
-0.003091
-0.003200
-0.001800
-0.005800
-0.012047
0.002061
0.014065
0.008125
0.003086
-0.007073
0.009000
0.002242
-0.004333
-0.005091
0.019400
0.003273
-0.005200
0.000600
0.014000
-0.011200
0.002000
0.003200
0.005800
-0.001600
-0.012600
0.012400
0.006400
0.002429
-0.016500
0.000200
-0.007200
0.006600
0.006000
-0.007200
0.004000
-0.004909
0.001400
0.012600
-0.001200
-0.006000
-0.003400
0.004600
-0.004800
-0.004600
0.002000
-0.008000
0.004686
0.009212
0.013625
0.002381
-0.014171
-0.002378
0.009636
-0.002200
0.000400
-0.000400
-0.000400
0.005400
-0.002800
-0.009800
-0.003636
-0.014000
0.011200
-0.004133
0.002400
-0.000400
-0.016333
0.007692
0.013500
0.012000
-0.011400
-0.001818
0.026400
0.009600
0.006800
0.002400
-0.000400
0.009600
-0.002000
0.004600
-0.016545
0.003400
0.021400
0.009000
0.007400
0.005000
0.004600
-0.004615
0.008200
0.005000
0.008500
-0.009200
-0.005455
-0.011000
-0.001818
-0.010000
-0.005846
-0.019400
0.008167
0.004364
0.010667
0.003733
-0.001200
0.006167
-0.003636
-0.008000
0.011600
0.006545
-0.001455
0.005333
0.002000
-0.003167
0.001333
-0.010800
0.002714
-0.021500
0.004833
0.009846
-0.019400
-0.012000
-0.001571
0.011000
-0.010364
-0.004000
0.001600
0.006545
0.003636
-0.008154
-0.007667
0.024200
0.010600
-0.006200
0.009833
-0.020800
0.001833
-0.002727
-0.013538
-0.014200
-0.000909
0.013538
0.012000
-0.004364
-0.009000
0.011091
-0.005636
-0.006600
-0.009091
-0.006833
0.000333
-0.006182
0.001000
0.004364
-0.002800
0.005231
0.006667
-0.024600
0.002000
0.023846
-0.001091
-0.001333
-0.002533
-0.011400
-0.001167
0.013273
0.013077
0.013667
-0.018800
0.007455
-0.009500
-0.015636
-0.015143
-0.013800
0.007636
0.006714
0.006727
-0.001800
-0.007455
-0.012667
0.008545
-0.000833
0.014571
-0.008545
0.010000
-0.002500
0.013846
0.011600
-0.000533
-0.004556
-0.002615
-0.012182
0.004769
0.001273
-0.008190
0.012167
0.000000
-0.004381
0.009400
0.003091
-0.001818
-0.012533
-0.009455
0.009818
0.009692
0.011867
-0.013375
-0.000571
-0.013200
-0.003385
-0.007846
-0.000308
-0.006333
-0.010000
-0.011625
-0.001846
0.008471
0.015882
-0.008333
0.007400
-0.006429
0.000533
-0.003077
0.002000
0.001077
0.010727
0.011000
-0.014000
0.004600
0.023444
-0.013692
-0.022154
0.014308
0.003818
0.008714
0.003200
-0.000143
-0.002400
0.002500
-0.013800
-0.001800
-0.002571
0.014500
0.005600
-0.001538
0.005000
0.003667
-0.011077
-0.003800
0.003333
0.001538
0.021000
0.016727
-0.009067
0.007875
0.002600
0.011467
-0.007500
0.015143
0.003000
-0.023200
-0.006133
-0.001286
0.005692
0.013455
0.008545
-0.003818
0.000500
0.013375
0.006556
-0.009636
0.001455
-0.006769
-0.004500
-0.003000
0.014545
-0.004875
-0.013077
-0.001636
-0.008000
0.005189
-0.002581
-0.012710
0.004370
0.006774
0.006077
0.000077
-0.009907
0.008955
-0.003920
-0.000207
-0.004889
0.003222
-0.000417
0.002229
-0.002452
-0.000471
0.018222
0.003000
-0.004250
-0.001667
0.000786
0.011241
-0.001886
0.003500
0.002323
0.006486
0.002437
-0.005375
-0.006083
-0.006516
0.012258
0.014727
-0.003923
-0.003222
0.014071
0.005214
0.003615
0.011704
-0.000545
0.011081
-0.002621
0.003103
0.000188
0.000240
-0.006593
