0.127360
0.031584
-0.070519
0.011624
0.030691
-0.014590
0.034949
-0.032275
0.066761
-0.045030
0.074078
-0.064667
0.012473
-0.039815
-0.013899
0.053212
-0.064258
-0.060627
0.002571
0.073396
-0.011473
-0.021983
-0.052380
0.006418
0.006667
-0.002308
0.016333
0.001385
-0.046923
0.006143
0.005538
0.001333
-0.009000
0.001700
0.013143
-0.006727
0.012400
-0.003846
0.021429
-0.010833
-0.013733
-0.043000
-0.022909
0.002182
0.008167
0.001077
0.004000
0.014400
-0.026182
-0.000286
0.002923
-0.026923
0.013600
0.001667
0.028182
-0.002000
0.042308
0.010800
0.016571
0.021200
0.003333
-0.001538
0.004833
-0.043818
0.014833
0.028143
-0.003000
-0.030000
-0.029667
0.017500
0.008824
-0.041667
0.003500
0.051263
-0.005750
-0.041750
0.003294
-0.035579
0.010909
0.026522
-0.040222
-0.007375
0.011789
-0.006471
0.012526
-0.034316
-0.014000
0.036538
0.022737
-0.004316
0.002667
0.041048
0.029250
0.039700
-0.023579
0.013067
-0.002900
-0.043765
0.004842
0.022706
0.024000
-0.015667
-0.033625
0.029273
0.028222
-0.007158
-0.046300
0.015818
-0.034727
0.024588
-0.011158
-0.003263
0.011100
0.020625
-0.029444
-0.005048
0.001882
-0.000235
0.008737
-0.007524
0.058707
0.045741
-0.037429
0.067147
0.082541
0.090836
0.045719
-0.027312
0.061617
0.073069
0.036194
-0.043466
0.002880
-0.025459
0.077938
0.062373
-0.027844
-0.050344
0.040512
0.045630
0.049868
0.015780
-0.037724
0.073208
-0.000171
-0.014267
-0.050952
-0.010909
-0.049895
-0.007182
-0.035826
0.027474
0.024000
-0.042875
-0.040148
-0.048190
-0.021905
0.001455
-0.004261
-0.019238
-0.022167
-0.042421
0.006833
-0.033429
-0.007000
-0.053182
-0.004437
0.018118
-0.007290
-0.032412
-0.006000
0.051100
-0.030057
0.032667
-0.008865
0.045056
-0.026387
0.036047
-0.004571
-0.004000
0.051588
-0.012050
0.038091
0.017543
0.056541
-0.005568
0.045486
-0.020140
0.009486
-0.010432
-0.016485
-0.014937
-0.023939
0.044865
-0.019500
0.030732
-0.028452
-0.020737
0.084923
0.005263
-0.007600
-0.002400
-0.035800
0.006182
-0.010400
-0.013400
0.009273
-0.001500
-0.014615
0.015000
-0.028000
0.004800
-0.011000
0.020000
0.023273
-0.017091
0.026182
0.000000
0.028600
0.004000
-0.006800
0.005400
0.002364
-0.026833
0.004200
0.010600
-0.019600
-0.006400
-0.012200
-0.009600
0.003800
-0.010600
-0.028474
-0.035273
0.039282
-0.030200
0.081351
-0.014462
0.001538
0.010710
0.018727
0.016800
0.020000
-0.000800
-0.021000
-0.010200
-0.007600
-0.009000
-0.010000
-0.014364
0.008600
-0.003818
-0.010600
0.010000
-0.004333
0.000909
0.023200
0.005400
0.015600
-0.017600
-0.007000
-0.015600
-0.002200
0.001818
0.003000
-0.001400
0.020000
-0.022600
0.005091
0.007000
-0.001200
-0.008800
0.018278
-0.020424
-0.029600
0.008121
0.008457
0.067095
-0.012824
0.021394
0.017231
-0.005273
-0.007000
-0.015000
0.016182
0.047000
-0.015000
-0.006923
0.007846
-0.005200
0.010000
-0.034400
0.002600
-0.011400
0.001200
0.000000
-0.007600
-0.001000
0.011400
-0.017400
0.002000
0.021600
-0.013400
-0.011800
-0.024000
0.014400
-0.009400
-0.002909
-0.004000
-0.004200
0.008857
-0.002500
-0.013310
-0.009571
0.075500
0.101333
0.076632
0.050720
-0.029636
0.057000
0.073043
0.097333
-0.022167
0.066462
-0.020600
0.084783
0.076476
-0.044000
-0.021250
0.071625
0.114476
-0.023368
0.054000
-0.015400
0.067867
0.066737
-0.055677
0.006778
-0.011778
0.018186
0.011538
0.015471
0.039722
0.013474
0.018812
0.004056
0.026821
0.010976
0.021385
0.005333
0.011437
0.024600
0.021161
-0.014780
-0.007897
0.037476
-0.008839
0.041905
-0.002903
0.004882
-0.006412
-0.020606
0.050611
0.006211
0.026909
0.020923
-0.039538
0.042378
0.009500
-0.029000
-0.006182
0.026000
0.023455
0.014200
-0.013000
0.032333
0.031800
-0.018600
-0.001200
0.009800
-0.003800
-0.007400
0.003600
0.001400
0.011667
0.007800
-0.013000
-0.000909
-0.006800
-0.006400
-0.004600
0.010154
-0.001143
-0.016200
0.016800
-0.004800
-0.005091
0.017600
-0.024600
0.005600
0.039535
0.009455
-0.040065
0.039375
-0.064971
0.038878
0.027176
-0.000485
0.006333
0.001818
-0.012600
0.030909
-0.017600
0.009800
0.012600
0.004200
0.035600
0.006800
0.009800
0.003400
0.003800
-0.000200
0.028400
0.011000
-0.007333
0.012000
-0.028800
0.005400
-0.044000
0.049400
0.006200
0.000727
-0.001000
0.014600
0.005000
-0.013400
-0.010600
-0.008000
-0.013200
0.011800
0.000125
0.061250
0.014000
0.006303
0.027250
-0.022476
0.026000
0.007351
-0.011091
-0.006800
-0.022600
0.003400
-0.007600
-0.023400
0.007600
-0.005800
-0.020909
0.007600
0.016000
0.012533
0.015000
-0.018400
0.012167
0.001846
-0.011667
0.004800
0.004400
0.041818
0.003000
0.006200
0.011800
-0.018600
0.005600
-0.008800
-0.008400
0.019800
0.000182
-0.017600
-0.044000
0.010800
-0.001200
0.017600
-0.021200
0.004154
0.002000
-0.008400
0.011833
-0.005200
-0.009818
0.013571
-0.023273
-0.023636
-0.023231
-0.036000
0.019500
-0.000364
-0.022833
0.022267
-0.016000
0.037667
0.002727
-0.003000
-0.002400
-0.021273
-0.007455
-0.000833
-0.004200
-0.011833
-0.020333
0.002400
0.000571
-0.022000
0.015333
-0.008000
0.013000
-0.038364
0.028429
-0.018200
0.000909
-0.011800
0.012800
-0.005636
-0.003455
-0.018154
0.012167
0.000800
0.008200
0.003200
0.016167
0.000200
-0.006000
-0.000364
0.003385
0.010400
0.012182
-0.002923
-0.005400
0.004182
0.043600
0.003455
0.016000
0.006000
0.021273
-0.008667
-0.003833
-0.016727
-0.008600
0.012182
-0.017333
0.029385
-0.000833
0.034800
-0.000800
-0.016923
-0.028545
-0.009833
0.003333
0.019800
-0.025333
0.025818
-0.021385
-0.012000
0.007400
-0.007636
0.000000
-0.000909
0.003857
0.032000
-0.033091
-0.009857
-0.006727
-0.021800
0.014000
-0.004667
0.011636
0.003000
-0.005857
0.007091
0.009750
-0.015750
0.007077
0.008000
-0.005867
0.042667
0.012154
-0.026000
0.042000
-0.011091
0.005905
-0.000667
-0.022000
0.023238
-0.012300
-0.011818
0.019273
0.022267
0.025818
-0.007636
-0.007692
0.003733
0.013500
0.012429
0.017200
0.010154
0.015538
0.007231
0.005167
-0.034857
0.012625
0.015077
-0.005765
0.012353
0.005167
0.027200
-0.006857
-0.007067
0.011231
0.017455
0.008154
0.012000
0.001667
0.018182
-0.021200
-0.010889
0.039231
0.009846
0.015846
0.002364
-0.007000
-0.002200
0.017143
-0.007200
-0.000167
0.002400
-0.026800
0.004714
-0.021333
0.028600
-0.014154
-0.010250
0.008889
0.030154
0.006600
0.002133
0.020923
-0.002833
0.005818
-0.011333
0.025875
0.039000
0.030667
-0.006167
0.010429
-0.016200
0.002200
-0.000800
-0.014714
0.003231
-0.007818
0.004545
-0.003455
-0.031333
0.010000
0.017667
-0.023636
0.008364
0.015846
0.023833
0.004400
0.024182
0.015500
0.011077
0.000818
0.005862
-0.004973
0.009548
0.013419
-0.003704
0.000710
0.031769
-0.010692
-0.012512
0.020818
0.001040
0.023172
0.010444
0.015722
-0.006083
-0.001314
-0.001677
-0.008941
0.004741
-0.013588
0.005750
0.006200
0.016571
-0.005034
0.012571
0.063500
-0.010065
0.013676
0.006188
0.041125
0.026000
0.002452
0.019419
0.015333
0.045692
0.024389
0.002714
-0.004429
0.000462
0.018741
0.054667
-0.004595
0.003448
0.008759
0.017625
0.023760
-0.001111
