0.070560
0.022976
-0.015769
-0.006158
0.029291
-0.010738
0.019374
0.008807
0.049630
-0.042832
0.026233
-0.011124
-0.005484
-0.007796
-0.018687
0.040385
-0.020430
-0.036961
-0.010510
0.034906
-0.015604
-0.023102
-0.021640
0.008655
0.000000
0.017846
0.013667
-0.035231
0.001692
-0.008429
0.022923
-0.017833
-0.014714
0.005000
0.018857
-0.007818
0.017200
-0.006308
0.015857
-0.000167
0.017467
-0.022000
0.002909
0.012545
0.007167
0.031846
-0.003231
-0.023467
-0.001818
-0.002571
0.025077
-0.026308
-0.010000
-0.003000
-0.017273
0.009455
0.017385
-0.007467
-0.015143
0.017600
-0.006000
0.023692
0.003333
-0.019818
0.002000
0.008000
-0.012833
0.001286
-0.014667
0.019500
0.010353
0.012167
-0.018375
-0.001684
0.013250
0.003750
-0.004118
-0.019895
0.004000
0.030348
-0.008778
-0.016375
0.013053
0.016824
0.008526
-0.004211
-0.013238
0.016231
0.015579
0.008947
-0.021000
0.014000
-0.025625
0.005300
-0.015895
0.018533
0.000200
-0.011412
-0.017895
0.056353
0.014800
0.000222
-0.002250
0.000545
0.031704
0.008526
-0.018500
-0.022727
-0.029818
0.013176
-0.001158
0.001895
0.003100
0.026875
-0.005889
-0.003143
0.005059
0.002706
0.021263
-0.014857
0.064626
0.050878
-0.024444
0.023132
0.021053
0.045754
0.041653
0.000219
0.004233
0.006328
0.027097
-0.014638
0.026624
0.009787
0.038977
0.055194
-0.032953
-0.020262
0.008975
0.045479
0.039662
0.020322
-0.003690
0.019097
-0.014000
0.001733
-0.020476
-0.017182
-0.026526
-0.039000
-0.009565
0.044105
0.003700
-0.042750
-0.037111
0.011143
-0.010381
0.015273
-0.021304
0.012857
-0.014417
-0.031474
-0.001583
-0.019238
-0.005125
-0.016636
0.003125
-0.012118
-0.004968
-0.022882
0.003371
0.004700
-0.003486
0.005952
-0.010432
0.030111
-0.006710
0.019674
-0.002800
0.011429
0.017941
0.013600
0.013182
0.006571
0.036649
0.002865
0.023657
-0.013907
0.004686
0.019892
-0.003758
-0.017937
-0.010000
0.018595
-0.014389
0.001659
-0.018258
-0.011211
0.056103
0.008632
-0.012200
-0.003800
-0.019000
-0.020000
-0.027000
0.002400
0.004182
0.010500
-0.010923
0.004200
0.009800
-0.006400
0.007000
0.002000
0.001636
-0.006182
0.011273
0.022909
0.008200
-0.002167
-0.018400
-0.020400
-0.008909
0.011500
0.006600
0.016600
-0.032400
0.016200
-0.002200
0.011200
0.014200
-0.003000
-0.015421
-0.027030
0.032923
-0.003333
0.042649
-0.010103
-0.008205
0.011871
0.005636
-0.011600
0.008200
-0.011800
-0.006000
-0.004200
-0.006200
0.013400
0.006500
-0.007818
0.006200
-0.012364
0.006200
-0.018000
-0.012500
-0.003273
-0.012600
-0.006600
-0.006400
-0.004600
0.006400
0.003200
0.007800
0.009455
0.011167
0.011600
-0.000200
0.004400
0.005818
-0.013000
-0.001400
0.000600
0.003889
-0.002061
-0.025600
0.001455
0.012686
0.045952
-0.010882
0.005697
0.002308
-0.018727
-0.001400
-0.002600
0.013273
0.004200
0.001600
0.015538
-0.014615
0.004600
-0.004000
-0.018600
-0.001000
-0.007800
0.007400
0.004667
-0.020400
-0.000200
-0.001000
-0.021800
0.001000
0.005000
-0.017600
0.006000
-0.009667
0.013800
-0.009000
-0.004182
-0.014200
-0.000600
0.009571
0.001167
0.026207
0.035286
0.001071
0.076190
0.034421
0.070320
-0.018000
0.001875
0.049304
0.078917
0.005500
-0.007231
0.015700
0.013304
0.083238
-0.016526
0.006583
0.007625
0.091619
-0.000632
0.052083
-0.010900
0.000333
0.045474
-0.021806
-0.005222
0.001167
0.033907
0.011538
0.010706
0.001167
-0.000211
0.013125
0.026500
-0.009538
0.018780
-0.001795
0.015846
0.004938
-0.010600
0.001742
-0.010488
0.020051
-0.002905
0.002516
0.002286
0.026903
-0.000529
0.007706
-0.019091
0.013222
0.038895
0.006848
0.015026
-0.007795
-0.002108
0.003667
-0.005800
-0.018364
0.019333
-0.014000
-0.000800
0.000333
-0.008167
0.008200
0.007000
0.009400
0.028800
0.011400
0.005200
0.004800
-0.007600
0.008333
-0.008800
-0.011000
0.010727
-0.020600
-0.019400
0.005400
-0.003692
-0.012000
0.004800
0.010400
-0.008400
-0.007091
0.009600
0.000200
-0.014600
0.026791
0.019091
-0.012774
0.000750
-0.012457
0.013805
0.033647
0.020788
-0.002889
0.009818
-0.011400
0.016727
0.000800
-0.025000
-0.010000
-0.002200
-0.012800
-0.018600
-0.006600
-0.013400
-0.007400
0.001000
-0.005800
0.011857
-0.003333
0.008000
0.012800
0.010600
-0.009600
-0.007800
0.006800
-0.024909
0.017800
-0.004800
0.000600
-0.008200
0.003800
0.002000
0.010000
0.006200
-0.024250
0.028125
0.011771
0.000182
0.020875
-0.012381
0.001829
0.025622
0.008000
-0.016600
-0.005800
0.003600
-0.005600
0.005600
-0.005800
-0.002800
0.000727
-0.019200
-0.014000
-0.008667
-0.000400
0.007400
-0.006000
0.007385
0.002833
-0.007200
0.012400
-0.014545
-0.005800
0.014800
0.020200
-0.006600
-0.007800
-0.006800
-0.009000
0.004600
-0.018909
0.038200
0.004000
0.004400
0.001000
0.004800
-0.003800
-0.008615
-0.012200
-0.007600
0.018167
-0.011400
-0.000364
0.000714
-0.009818
-0.009091
0.008154
-0.004000
0.017000
-0.006727
-0.014667
-0.003467
0.003200
-0.002833
-0.001636
0.001400
0.013400
-0.012545
0.003273
0.005000
-0.012400
-0.002500
-0.019500
0.007600
0.008857
-0.008333
-0.000167
-0.021385
0.010600
0.023636
0.013143
-0.000400
0.006727
0.011800
-0.004200
-0.004909
0.002727
-0.006462
0.009167
-0.008600
0.001600
-0.003800
0.000333
0.003200
0.002500
-0.005636
0.006000
-0.003200
-0.017636
0.003846
0.006200
0.022909
0.017600
0.003455
0.003636
0.001600
-0.000182
-0.015667
0.000000
-0.008909
0.011800
0.006364
0.014400
0.011385
-0.006000
0.000400
0.010200
-0.014000
-0.010000
-0.000667
-0.004533
0.001400
0.010833
0.012000
-0.021385
0.010333
0.007600
-0.005636
0.005333
0.008182
0.005429
0.006000
-0.014727
0.004571
-0.011273
-0.022200
0.007818
0.001833
0.008909
-0.004333
0.003571
0.005818
0.017250
-0.011750
0.018923
0.005200
-0.014800
0.016667
0.000923
-0.015455
0.002462
0.017091
0.016286
0.008000
-0.027600
-0.010476
0.011400
0.013273
0.022182
0.012533
0.002000
-0.020545
-0.004000
-0.017200
0.000625
-0.015429
-0.028600
0.011231
0.004154
0.016154
-0.005167
-0.014000
0.014625
0.026308
-0.021412
0.006000
-0.015000
0.024200
-0.008000
-0.015200
-0.008615
-0.001273
0.000923
-0.005455
-0.005667
-0.005636
0.005600
-0.010000
-0.009692
0.017692
-0.002769
-0.008364
-0.001429
-0.008000
0.006143
-0.003333
0.011000
-0.012600
-0.016800
0.011571
-0.016000
0.018400
-0.007846
-0.012250
-0.005111
0.029846
0.006200
-0.007067
-0.025385
-0.002333
0.018909
0.018000
-0.015750
0.012400
0.015200
0.001333
0.000286
-0.008600
0.019200
0.020933
-0.010286
0.005846
-0.000545
-0.000909
0.005091
-0.011500
0.020000
0.002333
0.005455
-0.010000
0.022615
-0.006333
0.017400
-0.005636
0.010250
0.016462
-0.001273
-0.008069
-0.008973
0.021484
-0.002129
0.006148
0.004645
0.021308
-0.014615
-0.019163
0.011273
-0.006160
0.018414
0.001611
0.017278
0.008000
0.004343
-0.001226
-0.014471
0.006074
0.003706
0.007625
-0.001000
0.017500
0.014069
0.004800
0.033350
0.002774
0.032162
0.011437
0.008812
-0.002833
0.021097
0.017548
-0.000424
0.010615
-0.002778
0.024571
0.003000
0.015308
-0.010889
0.045455
0.012162
0.009931
0.002069
0.009625
0.007920
-0.000593
