0.002160
0.002928
0.007269
-0.001941
-0.003782
0.001803
-0.006061
-0.003284
-0.004391
-0.002317
-0.000097
-0.004895
0.002581
0.005296
0.001071
0.004904
0.001140
-0.004392
-0.000531
-0.002566
-0.000220
0.002881
0.000620
0.007782
0.004833
0.002923
-0.001000
-0.000308
-0.003385
0.006571
-0.004462
0.004000
0.002714
-0.000600
-0.005000
0.006909
-0.003200
-0.004308
-0.001286
-0.012167
-0.002533
0.003000
0.009636
0.005455
0.011167
0.004462
-0.000462
0.000533
0.014545
-0.007143
-0.000154
0.008462
0.008200
0.018833
-0.004545
0.013636
-0.004308
-0.018400
0.014714
0.002200
-0.015833
-0.006462
0.000833
0.011273
0.005000
-0.005857
0.013833
-0.013286
-0.016000
-0.004667
-0.000471
0.007000
-0.002625
-0.014632
0.002125
0.017375
0.986471
0.005789
0.003909
0.004261
0.000111
0.017125
-0.010737
-0.005412
0.004842
0.001579
-0.013619
0.004538
-0.005684
-0.005895
-0.001556
0.000286
-0.008875
0.007200
-0.008737
0.019867
0.000400
-0.000588
-0.004211
0.001059
-0.000133
0.012667
-0.001250
0.010364
-0.011407
0.002947
0.002800
0.000000
-0.006727
-0.010941
0.012105
-0.000105
-0.006500
0.001875
0.002778
0.002952
0.008000
0.009294
0.000842
0.006762
-0.002299
0.995180
0.000825
0.000899
-0.001308
0.000574
0.002876
-0.002344
-0.001250
0.005776
0.000581
-0.004517
0.990096
-0.008000
-0.000884
-0.002478
0.001469
0.001607
0.003438
0.000034
-0.001279
0.004525
0.006500
0.001847
-0.011486
-0.013067
0.000190
-0.007182
-0.007895
-0.005273
0.002087
0.011158
-0.009800
-0.003375
-0.006444
0.006762
-0.006476
0.009545
-0.005826
-0.008667
0.001333
0.009053
0.013000
-0.010952
-0.003250
0.005727
0.007250
-0.007647
-0.002129
0.001176
-0.008971
0.006550
-0.005543
-0.000619
-0.002054
0.002333
0.001871
-0.003023
-0.003086
-0.001810
0.007529
-0.002000
0.005136
0.001429
0.002216
0.002703
-0.003771
0.007395
-0.005429
0.004703
-0.004061
-0.001687
0.002303
-0.000595
-0.005556
-0.006439
0.001097
-0.010579
-0.006205
0.000579
0.000400
-0.001800
0.004600
0.014545
0.001200
-0.001000
-0.006545
-0.005500
-0.001538
0.007600
-0.000200
-0.024800
-0.010600
-0.018800
-0.006182
-0.010545
-0.010364
-0.005455
0.000000
0.010000
0.017000
0.018800
-0.014727
-0.016000
-0.014200
-0.006600
-0.005400
-0.004800
-0.010000
-0.010600
0.013400
-0.009200
-0.004526
-0.000606
0.002256
-0.002000
-0.001027
0.002718
-0.004821
0.002194
-0.006727
-0.001800
-0.003400
-0.007400
0.011400
-0.004000
0.005600
-0.005800
-0.002833
-0.005818
0.005200
-0.007455
0.020600
0.014600
0.001667
-0.030909
-0.009400
-0.005200
-0.008600
-0.005000
0.001800
0.006200
0.003200
-0.017636
0.004667
-0.010800
-0.001800
0.004800
-0.007636
0.017600
-0.001000
0.007600
0.003667
-0.009394
0.004229
0.000242
0.011543
0.001476
0.007941
-0.005879
-0.006154
-0.003091
0.025200
0.015600
-0.021091
-0.002800
0.015600
-0.010000
0.003231
0.010600
-0.005600
-0.006600
-0.002200
-0.008400
-0.005800
0.002667
0.000600
-0.005200
-0.001600
0.002800
0.003400
-0.001400
-0.011200
-0.010600
0.011667
-0.005400
-0.002400
0.011818
0.000600
-0.006600
-0.000857
-0.011167
0.991931
-0.004000
-0.006143
0.010190
0.006211
0.002880
0.992364
0.018125
0.005130
0.003917
0.990750
0.006077
-0.005600
0.001565
0.003810
0.991895
0.004667
-0.003875
-0.006857
0.991368
-0.015250
0.991600
0.001733
0.003263
0.000581
0.009778
0.004944
-0.004000
-0.007744
-0.012471
0.002611
0.007947
0.992313
-0.010389
0.003128
0.001463
-0.005026
0.000718
-0.002563
0.008667
0.008323
0.001512
0.000205
-0.005905
0.014645
-0.005429
0.001032
-0.010647
-0.009118
-0.002727
0.000222
-0.004368
-0.009091
0.009179
-0.004615
-0.006054
-0.006333
-0.013200
0.002000
-0.002500
-0.001273
0.012600
-0.009667
-0.001000
0.016000
-0.002000
0.010400
-0.008600
0.008200
0.005600
-0.008800
-0.016800
0.007500
-0.020400
-0.020200
0.005636
-0.027400
0.000800
0.004400
-0.012769
-0.010000
-0.003800
-0.007200
-0.001000
-0.005636
0.014000
0.000400
0.010600
-0.003721
-0.001697
0.000645
0.000063
-0.004114
-0.010000
-0.001118
-0.005515
0.014778
0.013091
0.000800
0.010909
-0.004400
0.004400
0.003600
-0.011400
0.006000
-0.001200
0.013400
-0.019400
-0.018600
-0.003200
-0.004800
-0.019143
0.000667
0.004800
0.004000
-0.006600
-0.003800
0.010600
0.009600
0.008364
0.001400
-0.005800
0.001400
-0.004400
-0.018400
0.004200
-0.004800
0.006000
0.005313
0.003000
0.003029
0.001939
0.992188
0.003429
0.004971
-0.003243
0.005636
0.006200
-0.007800
-0.009400
0.004200
0.008600
-0.008400
-0.006400
-0.003455
0.013600
-0.004600
-0.003067
-0.002400
-0.004800
-0.002000
-0.015077
0.007000
0.002200
0.010800
-0.002000
0.011000
0.001600
-0.002400
0.004600
-0.016800
-0.022400
-0.020200
-0.000400
0.004000
0.001200
-0.001200
0.003600
0.000200
0.000600
-0.011000
0.014000
-0.001800
0.006400
-0.006667
-0.012600
0.016182
-0.011857
0.000909
-0.003273
-0.004154
-0.004000
-0.003833
0.000545
-0.013000
0.018133
-0.012800
-0.007333
-0.006727
-0.004000
0.013200
0.001091
0.014364
0.007667
-0.013200
0.009167
-0.005833
-0.010400
-0.007286
-0.008333
-0.000667
0.007077
-0.009400
-0.001636
-0.002429
0.013800
0.012364
0.008000
-0.011000
-0.010545
-0.005273
-0.001231
0.009500
-0.012000
-0.003200
0.004400
0.012500
0.009400
0.004500
-0.003091
-0.006923
0.010000
-0.004545
0.008308
0.003200
-0.004364
0.000200
0.011273
0.003273
-0.026400
0.004727
-0.006667
-0.014500
0.002545
-0.020600
0.011455
-0.003867
0.002000
0.004500
-0.004200
-0.020600
-0.003077
0.012182
0.012000
0.007600
-0.002000
0.006333
0.012727
-0.011231
-0.021833
-0.015400
-0.002545
-0.003000
0.010909
-0.000286
-0.006400
-0.001273
-0.007429
-0.007636
-0.005800
-0.001455
-0.014500
-0.008909
-0.003667
0.007143
0.012364
0.012625
-0.006750
0.001385
-0.011400
0.002800
0.009000
-0.006923
-0.013455
-0.000923
0.006000
0.006000
0.001667
0.005000
0.002857
-0.003100
0.002000
0.000727
0.000800
-0.000727
0.000727
0.001385
-0.008267
0.010250
-0.013286
-0.001800
-0.008923
-0.005077
-0.007538
0.013500
0.002429
-0.014000
0.985538
0.011882
0.002824
-0.004833
-0.007600
0.006857
-0.001067
0.002308
-0.005455
-0.006000
0.002545
-0.006667
-0.005636
0.010800
0.004333
-0.000615
-0.006308
-0.003846
-0.009818
-0.003429
0.009000
-0.008286
0.988667
-0.000833
-0.000600
0.020600
-0.011714
-0.002500
-0.006200
0.011231
0.002250
0.005778
0.009385
0.000200
-0.001067
-0.010000
-0.005500
-0.005455
0.002000
-0.006000
0.005600
-0.002267
-0.002333
0.008000
-0.017600
-0.007000
0.006133
-0.010429
0.010462
0.001818
-0.010545
0.014000
-0.002167
0.003875
-0.001222
0.016000
-0.002000
0.000769
-0.005667
0.001800
0.014909
-0.003750
-0.006308
0.009273
0.006690
-0.003946
0.003548
0.012968
0.010667
0.009613
-0.005615
0.001462
0.002977
0.005000
0.002880
0.004000
0.003444
0.004667
-0.000583
0.006971
-0.000645
0.006588
0.003926
-0.000471
0.001063
-0.000267
0.001500
0.010759
-0.003886
0.003550
0.991290
-0.000541
0.991875
0.004625
0.003083
0.007613
-0.007806
-0.007879
-0.006000
-0.001000
0.011357
0.992714
-0.004385
0.010148
0.001152
0.992216
0.010690
0.001310
0.000562
0.002720
-0.000889
