0.007920
0.001504
0.006788
0.009228
-0.003691
0.002098
0.006101
-0.000202
-0.002326
-0.006594
0.002660
0.002476
0.001699
-0.003407
0.003091
0.000000
0.001957
-0.003314
-0.002980
0.002566
-0.002022
0.000814
-0.000220
-0.000109
0.016500
-0.008000
0.005000
0.013846
-0.016308
0.008429
-0.009692
0.004167
-0.003857
0.005900
-0.000857
-0.008182
0.002800
-0.013231
0.003143
0.001500
0.004133
0.005857
-0.005273
-0.003273
-0.020167
-0.000308
0.014308
-0.005067
0.014000
-0.007857
-0.002308
-0.007077
0.000200
-0.017333
-0.018000
0.014727
0.011385
0.006533
-0.004143
0.005400
0.001000
-0.004615
0.010000
0.015091
0.003500
-0.010000
-0.009500
0.007429
0.004833
0.010500
-0.001765
0.003333
-0.004500
0.006000
0.000125
-0.012750
0.004824
0.011789
-0.009364
0.001913
-0.012667
-0.006750
0.000000
0.003412
0.005684
0.007579
-0.006667
-0.006385
0.008737
-0.007053
-0.007889
-0.005333
-0.000125
0.001900
-0.002526
-0.010267
-0.000400
0.003294
-0.004947
0.010706
-0.006133
-0.010111
0.016000
0.006909
0.007037
-0.000526
0.009700
0.010727
0.004000
-0.001176
0.001684
0.003684
0.012100
0.009500
0.005556
0.003429
-0.009529
0.000000
-0.008000
-0.014000
0.008014
0.007223
0.004841
0.003225
0.004090
0.004525
0.002562
-0.000891
-0.000400
0.004828
-0.002081
0.001793
0.000864
0.004951
0.006946
0.009731
-0.003094
-0.002492
0.008744
-0.000639
-0.000044
-0.005119
-0.000448
-0.000708
-0.002457
-0.003600
0.006095
-0.010091
0.008632
0.014545
0.001304
0.007368
-0.016100
0.012250
-0.001778
0.003238
0.001905
-0.007000
0.002870
-0.005524
-0.007417
-0.002737
0.003917
-0.005524
0.010750
-0.000364
-0.007188
0.005059
0.002452
-0.002941
0.003657
0.004750
-0.003257
0.002952
-0.004703
0.001278
-0.001032
-0.006651
0.000743
0.000190
0.008353
-0.007150
-0.000864
0.001029
0.007676
0.002054
-0.004743
-0.005349
-0.005886
0.003405
0.001030
-0.001687
0.003333
0.010811
0.008722
-0.001707
-0.005677
-0.001053
0.006154
0.003421
0.001800
0.015200
0.014600
-0.012000
0.000400
0.018400
0.004727
0.007333
-0.011231
0.020400
-0.014000
0.006400
-0.001600
0.012600
0.001636
0.002182
-0.001273
-0.010364
-0.000600
-0.002000
-0.004600
-0.020200
0.004000
-0.003667
0.002200
0.006200
0.000400
0.006200
0.007400
-0.000400
0.011000
-0.000600
-0.000684
0.003576
0.002205
0.004467
-0.004649
0.010359
-0.003897
0.001613
-0.014182
0.015000
-0.019200
0.016200
-0.007000
0.008200
-0.012000
0.008400
-0.004000
-0.024727
0.005400
0.004364
0.008200
0.024000
0.002000
0.006909
-0.000400
-0.000800
0.013800
0.012600
-0.016000
0.008800
0.003400
0.011091
0.012500
0.002000
-0.007600
-0.013600
-0.004727
-0.016000
0.003000
-0.012000
-0.002389
-0.002848
0.005086
-0.003455
0.007486
0.000571
-0.010647
0.001879
-0.010615
0.016364
-0.000600
0.015200
0.006364
0.001600
-0.000400
-0.008000
-0.000769
0.016400
-0.000200
0.018000
-0.001600
-0.015800
-0.011600
-0.001833
0.003400
0.007200
-0.010400
-0.008800
0.006200
-0.005200
0.005600
0.011400
0.004667
-0.005600
0.006600
0.015455
-0.001400
0.013200
-0.006714
-0.008333
-0.003241
0.000000
0.001143
-0.003524
0.005684
0.000160
0.004545
0.002875
0.007304
0.009750
-0.004333
0.006308
0.014100
0.001217
-0.001619
0.010000
0.005417
0.002250
0.008000
0.005789
0.007250
0.000300
0.005000
0.007474
0.006258
-0.002278
0.000333
-0.006605
-0.000615
0.002412
0.000444
-0.003053
0.005687
0.003389
-0.003590
-0.000488
0.000718
-0.005487
-0.005250
-0.000733
-0.000065
-0.006537
-0.002410
-0.001810
0.000065
0.002524
-0.004452
0.002824
-0.005824
-0.003758
0.004000
-0.004632
-0.003455
-0.005077
0.002308
0.008541
0.011167
-0.032200
-0.007273
-0.005667
-0.011636
0.002200
0.005000
0.005000
-0.002400
-0.008000
0.021200
-0.006400
-0.012800
-0.026600
0.000400
0.004600
-0.018000
0.008200
0.000200
0.000909
0.025600
-0.025400
-0.001800
0.011077
-0.013714
-0.002800
0.002000
-0.014800
0.010545
0.008000
-0.005400
-0.004200
-0.001395
0.002364
0.002516
0.013187
-0.002457
0.002878
-0.007118
-0.001879
-0.008889
0.004545
-0.006000
-0.006545
0.008800
-0.013800
0.017400
0.005600
0.006200
-0.002800
0.011200
0.013800
0.003000
-0.010200
0.020200
-0.005143
-0.003500
0.009000
-0.003400
-0.001800
0.005200
0.014800
0.020400
0.002182
0.003600
0.000200
0.008000
-0.005200
-0.006200
0.009400
0.009200
0.012600
0.004000
-0.003312
0.001486
0.008485
0.000063
-0.006810
0.007429
0.010216
-0.018182
0.006600
0.009600
0.000000
0.002400
-0.002400
0.003800
0.001000
-0.011636
0.016200
-0.003400
0.005867
0.014000
-0.014600
0.004333
-0.000462
-0.006500
-0.010800
0.003400
-0.008727
-0.010000
-0.011200
-0.008600
0.002400
-0.000600
0.001600
-0.008000
-0.001000
0.012000
0.004400
0.007000
-0.018000
-0.003400
0.001200
-0.003800
-0.004615
0.014200
0.025400
-0.002000
-0.012800
0.016364
-0.008714
0.018364
-0.012000
-0.009077
0.002200
0.015500
-0.004182
0.006833
-0.004667
0.012600
-0.007500
0.006182
-0.023800
0.000800
-0.005273
0.003636
0.002167
0.002000
0.021333
-0.020167
0.004600
0.008429
-0.008667
-0.017833
-0.001692
0.009400
-0.002727
-0.006000
-0.002600
0.016364
-0.000800
0.006000
-0.004364
0.006727
0.014308
-0.007000
0.000600
0.012400
-0.012000
-0.003167
0.009000
0.010000
0.006545
0.000000
0.002000
-0.015273
0.014615
-0.005000
-0.008545
0.015200
-0.005636
-0.008909
0.014400
0.008727
-0.012167
-0.014500
0.000000
-0.000400
0.003091
-0.000133
-0.015385
0.014667
0.009000
-0.011800
0.007846
-0.003455
-0.018000
-0.000400
-0.002200
0.010000
-0.011636
0.001231
-0.007167
-0.024600
-0.002182
-0.005500
0.004182
-0.000286
0.011800
-0.000364
0.003143
0.000364
0.005400
-0.004000
0.001167
-0.004000
0.012167
-0.007143
0.014545
0.004500
0.003375
-0.008923
0.001800
0.017867
0.017778
0.003231
-0.009091
0.001231
-0.005455
-0.003619
-0.004500
0.005200
0.003048
-0.001700
-0.011818
0.002000
0.003200
-0.007273
-0.006182
0.007231
-0.005067
-0.001625
-0.005286
-0.012200
0.004154
-0.004923
0.004462
-0.001667
-0.011429
-0.006250
-0.009846
-0.010471
-0.006235
0.014667
0.001000
0.011286
-0.001067
0.007231
-0.007091
0.008923
-0.007818
0.004667
0.003636
-0.004600
0.000889
0.002154
0.004154
-0.014462
-0.000909
-0.000286
-0.006200
0.001286
-0.002533
-0.002500
0.012200
0.000800
-0.002571
-0.006500
0.001600
0.007385
0.011375
-0.008222
-0.003231
0.004400
0.001733
-0.002769
-0.020667
0.004182
0.004267
0.007000
0.000000
-0.005067
0.002333
-0.001857
0.007400
0.006800
0.002133
0.000429
0.003846
-0.000727
0.006545
-0.003636
-0.017500
-0.001500
0.006111
-0.000909
0.006909
-0.003231
0.004667
0.009000
-0.002909
-0.005500
-0.008923
-0.013000
0.001517
0.010649
-0.002645
-0.004710
-0.001852
-0.002323
0.006077
-0.001231
0.004837
-0.006682
0.006480
0.008690
-0.004222
-0.001611
0.000667
-0.001657
0.011548
-0.001529
0.000444
0.012529
0.006375
-0.005400
-0.005429
-0.000828
0.002971
0.003650
0.006645
-0.001676
0.003250
-0.008063
0.012333
-0.002387
-0.007097
0.002545
0.000462
-0.002333
-0.008571
-0.002500
-0.003615
0.004815
0.010182
0.002919
-0.005517
0.004690
0.000000
0.007280
-0.001037
