-0.002180
-0.001392
0.001038
0.008079
0.005655
0.003869
-0.002949
-0.003064
0.002196
0.001960
0.000524
-0.001486
-0.004409
0.003815
-0.000182
0.008385
0.008129
0.003706
0.002816
0.002132
-0.007648
0.001051
-0.001260
0.002836
0.005000
-0.003692
0.004833
0.005077
-0.006462
-0.007286
0.009077
0.001000
-0.000429
-0.005100
0.004429
0.007091
-0.012000
-0.007846
-0.002143
0.002333
0.002800
-0.011714
0.004545
-0.006364
0.010333
-0.005385
-0.009692
-0.002400
0.011091
-0.003429
0.012154
0.007077
-0.006000
-0.000667
-0.019818
-0.006364
-0.001692
-0.008267
-0.006429
0.007000
-0.001833
-0.007846
-0.006500
0.004182
-0.011500
0.009000
-0.018333
-0.006571
0.000500
0.002167
0.006941
0.011167
-0.006250
0.002105
-0.004375
0.000250
-0.002471
0.008000
0.002000
0.005739
0.000000
-0.007750
-0.003368
0.003647
-0.001474
-0.000316
0.005619
-0.002462
-0.004000
0.004737
-0.001889
0.002381
0.003500
-0.004100
-0.007895
-0.000667
0.014300
0.015529
-0.009158
-0.007529
-0.012000
-0.010556
-0.004500
0.004000
-0.000519
0.008105
0.011100
-0.006818
0.008545
0.000471
0.005263
0.001579
0.004700
0.011375
-0.003222
0.000286
-0.007882
-0.006235
0.006526
-0.001333
0.000980
-0.004259
0.001683
-0.006822
0.001850
-0.007836
0.002033
-0.004844
0.000117
-0.003776
0.000726
-0.001500
-0.006176
-0.000213
0.001457
-0.002537
0.004234
0.006426
0.003636
-0.000403
0.004059
0.006390
-0.006276
-0.001361
0.002114
0.003200
-0.000571
-0.003909
0.008526
0.010364
0.009739
0.006947
0.001700
0.016375
0.000667
0.016952
-0.007238
0.004091
-0.002696
0.003619
0.004583
0.006737
-0.000333
-0.003048
-0.008750
0.001545
0.003250
-0.011765
-0.004129
-0.006235
0.008914
0.004600
-0.004514
-0.007048
0.000432
0.000278
-0.007742
-0.000233
0.007600
0.001857
0.000235
0.004250
0.003318
-0.000171
-0.002865
0.008703
0.004171
0.003163
-0.003600
0.004811
0.003212
0.002875
0.009091
-0.004378
-0.006389
0.000927
-0.002065
-0.001105
0.000359
-0.006895
0.007200
0.005400
0.015000
0.006909
0.012000
-0.002800
0.000000
0.000000
0.015538
-0.002000
-0.001800
-0.003600
0.001400
0.007400
0.005273
0.010182
0.008727
-0.004545
0.000800
-0.008833
-0.004800
-0.010400
0.004182
-0.012000
0.012600
0.018400
-0.014000
0.015400
-0.003800
0.001800
0.022600
-0.027400
0.004947
0.004182
-0.002256
-0.009133
0.008000
-0.001333
0.007077
-0.011613
0.020364
0.012000
0.011800
0.006600
-0.000400
-0.019000
0.009600
0.013000
-0.011833
0.004909
0.006200
-0.004364
0.003400
0.020000
-0.012833
0.009636
0.017800
-0.002000
0.009400
0.007800
-0.001800
-0.011200
0.004400
-0.001455
0.002167
-0.013000
-0.009000
-0.001000
-0.003273
0.002400
-0.005200
0.008800
0.001444
-0.002606
0.001771
0.000485
0.002686
-0.007000
-0.000235
0.002364
-0.009846
0.009636
-0.009400
0.014400
-0.002727
-0.000800
-0.008600
-0.000308
-0.007231
-0.005600
-0.021200
-0.003600
0.000400
-0.005800
-0.015000
0.004167
-0.011200
0.007800
-0.002400
0.009000
-0.006000
-0.003000
-0.007800
0.012000
-0.014667
0.007600
0.011200
-0.014364
-0.006800
0.008600
-0.010857
-0.008833
-0.000552
0.015143
-0.006214
-0.004952
0.000421
0.012000
-0.008273
0.005125
0.002174
-0.008750
0.006167
0.012923
0.006300
0.010000
0.006000
0.005158
-0.004417
0.000125
0.013810
-0.008316
0.000667
0.001500
0.008800
0.011684
-0.005484
0.002389
0.009500
0.000279
-0.000872
0.001176
0.011611
-0.006895
-0.004063
-0.008056
-0.001590
-0.014049
-0.002872
-0.002103
0.004000
0.006800
0.001097
0.006488
0.004718
-0.007571
-0.004258
-0.006381
-0.003097
-0.005706
-0.001824
-0.004000
0.000556
0.000526
0.002303
-0.002154
0.010513
-0.012649
0.000833
-0.006400
0.009636
-0.003333
0.013091
-0.000400
-0.006500
0.014000
0.003400
-0.015200
-0.013400
-0.014400
-0.006800
-0.003600
0.015200
-0.000800
0.000333
-0.005200
-0.003800
0.007091
0.004000
-0.004200
-0.007000
0.000615
0.018714
-0.004400
-0.008600
0.008400
-0.020182
0.004800
-0.000800
-0.017200
-0.001116
-0.010121
-0.004452
0.006562
-0.001314
-0.005561
0.008824
-0.002909
0.001222
-0.015273
0.010800
-0.009273
-0.011800
-0.004800
0.015000
-0.005400
-0.005000
0.011600
-0.007600
0.012400
-0.000200
-0.006800
-0.003200
0.015286
0.007167
-0.010800
-0.011400
-0.005200
0.015400
-0.002600
-0.015600
-0.005636
-0.010000
0.009400
0.001400
0.010400
0.015000
0.006800
-0.001200
0.012200
-0.000063
-0.001125
-0.006971
0.002303
0.008375
0.000810
-0.005657
0.000703
-0.001091
-0.008400
0.002000
0.008600
0.000400
0.007000
-0.001200
0.007200
-0.010727
0.010800
-0.001400
0.001867
0.019400
-0.004800
-0.002333
-0.008308
0.008333
0.001800
0.004600
0.002545
-0.003000
0.004200
-0.000600
0.019600
0.000600
0.003000
0.008800
-0.012800
0.004909
0.004000
-0.032200
0.000000
-0.000200
-0.017000
0.003400
0.003692
0.006800
-0.015000
0.005000
-0.009400
0.008364
0.009857
-0.014545
-0.004182
-0.008923
-0.004600
-0.008500
0.006909
-0.001667
0.006800
0.007000
0.010333
-0.000909
0.014000
-0.004600
-0.009273
0.005636
-0.008333
-0.009000
0.004167
0.019500
-0.005600
0.006000
0.000500
0.013167
0.005231
-0.017800
0.017818
0.017714
0.004200
-0.009455
0.006000
0.012600
0.016364
0.008727
0.001538
-0.007000
0.006600
-0.009600
0.002800
-0.011000
-0.002600
0.000333
0.008364
0.006308
0.014800
0.008364
-0.002923
0.000400
0.013455
0.001000
0.003091
-0.008545
0.003600
0.000727
-0.007500
0.000167
-0.005636
0.010200
-0.003455
-0.003333
0.016462
0.013833
0.001200
0.002800
0.008615
-0.010182
0.001833
0.010933
-0.002200
-0.010667
-0.013818
-0.000923
-0.002167
-0.015400
0.008727
0.003667
0.000364
-0.013143
0.016800
0.010364
-0.004286
-0.003818
-0.002200
0.005636
0.005000
0.004727
-0.005000
0.002714
-0.010545
0.003750
0.001875
0.001538
-0.004400
0.000933
0.000444
-0.000154
-0.001091
0.015231
-0.008727
0.002571
-0.003167
-0.012600
-0.004857
0.004600
-0.000182
0.001455
0.003867
-0.029273
0.009818
-0.008154
0.003600
0.007625
-0.015571
0.013000
-0.004000
-0.002769
0.008308
0.003333
0.000571
0.009125
0.002308
-0.003412
0.003176
0.003000
0.011400
0.007571
0.000667
0.007077
0.000909
0.002615
0.012909
0.001333
-0.022545
0.007600
0.001111
-0.000308
-0.006154
-0.011385
-0.013818
-0.009429
0.001600
0.000714
-0.012800
-0.002000
-0.023400
0.000200
0.008857
0.011833
-0.004800
-0.006462
-0.017125
-0.009778
-0.009077
0.014600
-0.009200
0.014923
-0.012500
0.001091
-0.010933
-0.001000
-0.000800
0.014000
-0.001333
-0.002143
0.003600
0.002200
0.002000
-0.009143
-0.014615
-0.014000
0.007273
-0.003636
0.019500
0.004125
0.008889
0.010727
0.005818
0.005231
0.003500
-0.009200
0.002364
-0.016500
-0.012000
-0.002273
-0.006069
0.016649
-0.012065
0.000129
-0.003259
-0.017677
0.006154
0.003923
0.003581
0.005909
-0.012560
0.003586
-0.004444
-0.003667
-0.003000
-0.005429
0.004065
-0.001588
-0.005852
0.012294
0.007875
-0.012267
-0.001500
0.007310
0.004229
-0.000600
0.002516
-0.012054
0.003250
0.007750
-0.003417
0.006258
0.001806
-0.005212
-0.011154
-0.000500
-0.003571
-0.008857
-0.008538
0.002222
-0.005212
-0.009676
0.001241
0.008897
0.000500
0.009520
0.001481
