0.009520
-0.003008
0.010250
0.012158
0.010345
0.006836
-0.001354
-0.001046
0.003565
-0.010535
-0.006990
0.015676
-0.011570
-0.003685
0.003253
0.013519
-0.004645
-0.006314
-0.000878
0.004792
-0.004176
-0.008746
-0.006260
0.001182
-0.009833
-0.004615
0.017333
0.000000
-0.001077
0.002143
-0.003231
0.006500
0.004429
-0.003400
0.003429
0.004545
-0.003400
0.002615
0.011143
0.013167
0.001733
0.000714
-0.004727
0.003273
-0.011833
0.016000
-0.006615
-0.001333
-0.000364
-0.008714
-0.004308
0.002000
0.004600
-0.007000
0.005091
0.018909
-0.005385
0.012667
-0.001714
0.001400
-0.003333
0.006308
0.006500
0.021091
0.017833
-0.005714
-0.005000
0.003714
0.005167
-0.003500
-0.002941
0.011833
0.013250
0.002947
0.015625
0.001750
0.012471
0.003684
0.002273
-0.018783
0.021556
0.004875
-0.012105
0.005294
-0.003789
0.001158
0.005810
-0.003308
-0.004526
0.007789
0.003333
0.006952
0.001125
-0.001700
0.004421
0.003467
-0.006700
-0.007882
0.001053
-0.013529
0.003067
0.000667
0.018875
0.001000
0.003111
-0.005263
-0.000800
0.004636
0.015455
-0.005529
-0.001579
-0.006632
-0.002000
-0.007625
0.012111
-0.007619
0.007059
-0.011647
-0.010947
-0.020476
0.008585
0.008878
0.017524
0.005643
0.028165
0.014918
0.008397
0.015281
0.011517
0.011828
0.006597
0.021655
0.008816
0.005410
0.011984
0.005522
0.001500
0.013885
-0.005587
0.003546
-0.001779
0.006831
0.018241
0.001917
-0.006971
-0.021467
0.002667
0.003000
-0.008842
-0.010818
0.001913
-0.006842
-0.000600
0.012500
-0.007926
0.009905
-0.024476
-0.000364
0.000957
-0.000286
-0.008167
-0.007895
-0.015583
-0.010857
-0.005000
-0.005727
0.014937
-0.003294
-0.004968
-0.006412
0.003143
0.003650
0.002400
-0.006571
0.003027
-0.008444
-0.000710
0.006837
-0.002800
0.000952
0.007000
0.001850
0.006682
0.006743
-0.008216
-0.004162
-0.010457
0.010884
0.002971
0.008486
-0.000606
0.013125
-0.002061
-0.007405
-0.001389
0.003024
0.006065
-0.004211
0.001949
-0.006105
-0.002400
0.000200
-0.010800
-0.001273
-0.008000
0.009800
-0.004727
-0.022667
-0.003231
0.005800
-0.004000
0.001200
0.001800
0.020600
0.003273
0.005455
-0.002000
-0.006182
0.002200
0.011167
-0.005000
0.000200
0.011455
0.006500
-0.007600
-0.012200
-0.005400
0.017000
-0.009200
0.003200
-0.007800
0.000600
0.002684
0.004182
0.000769
0.004533
-0.002486
-0.000513
0.002154
0.009935
0.007273
0.012000
-0.002200
0.000600
-0.001200
0.016400
0.003400
0.016600
0.000167
-0.009455
0.000200
0.000000
0.013800
0.007200
-0.000167
0.008364
0.002400
-0.026800
0.007800
-0.002000
0.007600
0.000800
0.002200
0.000909
-0.004667
0.011400
-0.021400
-0.023600
-0.010182
-0.003800
0.014800
0.016000
-0.003944
0.001697
0.000971
0.003515
0.001943
-0.003381
-0.014471
0.002848
0.000769
-0.004182
0.009000
0.008800
0.021273
0.001400
-0.002600
0.001692
0.004769
-0.020000
-0.002200
0.000600
-0.009000
0.013600
-0.007400
-0.017167
0.004800
0.014000
-0.018000
-0.004800
0.010400
0.035200
-0.004200
-0.006600
-0.002500
-0.003200
-0.000200
0.013818
0.006400
-0.002200
-0.006286
-0.007500
0.004138
0.025429
0.007000
0.007429
0.014105
0.003760
0.004364
0.019875
0.022087
0.015083
0.014417
0.000231
0.011300
0.011043
-0.005714
-0.013263
0.024333
0.012500
0.000762
-0.000316
0.009083
0.013200
-0.002933
0.007474
0.008129
0.011833
0.013611
-0.001907
-0.003590
-0.001176
-0.009889
-0.006158
0.007812
0.011111
0.007282
-0.002439
-0.001026
-0.001026
0.003563
0.002867
0.000968
-0.007561
0.010103
-0.000714
0.005548
0.002190
0.000194
-0.013059
0.000529
0.003030
-0.016722
-0.001947
-0.005636
0.008000
0.015026
-0.001189
-0.004500
-0.006200
-0.008000
0.008833
-0.006545
0.006800
-0.004333
0.001500
-0.027000
0.012800
-0.005400
-0.009000
-0.004400
0.007000
-0.004200
-0.003000
-0.004833
-0.018200
0.001200
0.001273
-0.006200
0.000400
-0.004800
0.009231
0.002714
0.001800
-0.006200
-0.008000
-0.010909
-0.005000
-0.003200
-0.004200
0.003535
0.000606
0.008516
0.007437
0.002629
-0.005561
0.007706
0.002424
0.000444
0.008727
-0.017000
-0.006182
0.005800
-0.005400
-0.010400
-0.005200
-0.006400
-0.000400
0.006200
-0.001400
0.002400
-0.003400
-0.017000
0.012429
-0.000333
0.004200
-0.014400
0.002400
-0.006200
0.014000
-0.001600
-0.015455
-0.004800
-0.003600
-0.003000
-0.005400
0.004200
-0.011600
0.019800
0.004000
-0.007000
-0.008500
0.001371
-0.001939
0.000812
0.001095
-0.002971
0.002919
-0.016000
-0.017600
-0.013400
-0.007200
-0.018800
0.001800
0.001000
-0.017000
0.008000
-0.025200
-0.016200
0.002133
-0.021600
0.015600
-0.005667
-0.002000
-0.006167
0.003000
0.000600
-0.003091
0.017800
0.002800
0.004800
0.000600
0.011800
0.010000
-0.007800
-0.008800
-0.004909
-0.018400
0.000800
0.001600
0.017000
0.003800
0.014000
0.014615
0.006000
-0.021600
-0.018500
-0.009600
0.010000
0.003571
0.015091
-0.000727
0.016769
-0.012800
-0.003500
-0.009636
-0.013333
0.001067
-0.006800
0.006667
0.003091
-0.003400
0.000600
-0.010364
-0.010727
-0.002667
0.001800
-0.006000
-0.021333
0.010800
-0.002857
-0.000667
0.000500
0.016000
0.000000
0.017455
-0.005714
-0.004400
-0.012182
0.015400
0.012000
-0.006727
-0.006182
-0.006769
-0.005500
0.006800
-0.000200
-0.009600
0.005167
0.021400
0.002000
0.005818
-0.015692
-0.001000
0.011818
-0.006923
0.012000
-0.000182
-0.007000
0.001818
0.015455
0.001200
-0.010364
-0.009000
0.014833
0.009455
-0.005600
0.020727
-0.011467
0.004462
0.008333
-0.013600
-0.000800
0.017692
-0.018545
0.012000
0.013467
0.005000
-0.011667
-0.003455
0.001692
0.014000
0.001000
-0.012909
0.008833
-0.007636
0.000571
-0.004800
0.001091
-0.000429
0.008727
0.007200
-0.012727
0.014667
0.026364
0.000500
0.000000
0.007273
-0.006875
-0.010125
-0.018769
0.016400
-0.015467
-0.002667
0.008154
0.010545
-0.000308
-0.003091
0.006095
0.027667
-0.008000
0.008762
-0.009100
-0.000364
-0.010182
-0.021600
0.009636
-0.018909
0.004462
0.007733
-0.023875
0.000429
0.006600
0.009231
-0.016462
-0.004308
0.005167
-0.007286
0.000375
-0.006615
-0.004000
0.000353
-0.001000
0.000000
0.003857
0.001067
0.002000
-0.001636
0.005231
-0.010909
0.010667
0.000909
-0.016000
0.004667
0.010154
-0.008154
-0.001077
-0.001091
0.009286
-0.005800
-0.005429
-0.008800
0.001500
0.001600
0.002000
-0.002286
-0.015000
0.001200
-0.015692
0.005625
-0.009778
0.000615
-0.010600
-0.007200
-0.008000
-0.006333
0.002000
0.004133
0.004250
0.016600
0.011067
0.010833
-0.002286
0.004000
0.000200
0.005733
0.007714
-0.000462
0.020364
0.003636
-0.006909
0.009000
-0.007750
0.006222
0.009273
0.013091
0.000615
-0.005500
-0.012400
0.006727
0.000875
-0.007077
-0.007545
-0.002828
-0.005297
0.010000
0.001677
0.007333
0.007677
0.002231
0.002846
0.012651
0.004455
0.009840
-0.009931
0.006833
0.016444
0.001833
0.005886
0.009484
-0.006412
-0.003185
0.007765
-0.010000
-0.003733
0.013857
0.007931
0.003086
0.002100
-0.004581
0.012216
0.012438
0.005437
0.003500
-0.003355
0.020129
-0.002242
-0.014000
0.009444
0.005143
0.008000
0.002615
-0.007852
-0.004061
0.007081
-0.003103
-0.001517
0.005250
0.003920
-0.006148
