0.061920
0.073184
-0.194788
0.182475
0.078473
0.125803
0.008222
-0.159211
0.165152
0.064139
0.048039
-0.193429
0.090774
-0.167463
0.129838
0.013269
-0.196946
-0.155961
0.145612
0.046792
0.031604
-0.123288
-0.167640
0.136673
-0.075500
0.092615
0.009500
0.030154
0.034000
0.078571
0.033385
0.056500
-0.027571
-0.014800
-0.124571
0.100364
-0.114000
0.105538
-0.027000
-0.044167
-0.028533
0.079714
-0.019091
-0.126545
0.084333
-0.066923
0.109538
-0.032000
0.031273
-0.076143
0.063077
0.019846
-0.001600
0.030167
0.066000
0.034000
-0.027692
-0.006133
0.019857
0.088000
-0.048500
0.052308
0.022500
0.028909
-0.058833
-0.153000
0.067833
-0.040143
-0.058833
-0.041000
-0.108706
0.077000
0.185500
-0.057368
-0.049500
0.090875
-0.048000
0.018526
-0.037091
0.004957
0.050222
0.002125
-0.001579
-0.088588
0.012947
-0.089789
0.017333
-0.037462
-0.013474
-0.071368
-0.018556
0.002190
0.040375
-0.045900
-0.068316
0.136800
0.065900
0.116471
-0.053263
-0.042353
-0.007333
0.060333
0.089000
-0.029818
0.050963
-0.098316
0.079100
-0.054273
0.097091
-0.016706
0.000421
0.056947
0.024300
0.095250
-0.086778
-0.017810
0.056588
0.012588
-0.031368
-0.059619
-0.061061
0.064475
0.137810
0.001271
0.228541
-0.053787
0.015620
0.144984
0.208750
0.030224
-0.012403
0.117638
0.008896
0.075016
-0.034450
0.013254
0.100484
0.165803
-0.000165
-0.028840
0.056368
-0.055610
0.145345
-0.020125
-0.019029
-0.118667
-0.079714
0.012364
0.095053
0.054091
-0.057391
-0.090421
0.101000
-0.028875
-0.046222
-0.092381
-0.060476
-0.120909
0.077217
-0.047048
-0.045167
0.036421
0.005250
-0.058190
-0.092000
-0.040182
-0.089875
0.086588
0.113161
-0.001471
0.081886
-0.021150
0.006286
-0.128048
-0.037838
0.085222
-0.032839
0.098512
-0.033600
0.087905
-0.009412
0.045350
-0.045500
-0.012343
-0.088973
0.106649
-0.009486
-0.025581
0.109600
-0.029405
0.043758
-0.027875
-0.042545
-0.003135
0.017222
0.105512
0.016194
0.137316
-0.056103
0.073579
0.001000
-0.088800
0.003800
-0.028545
0.023200
-0.030800
-0.016909
0.048000
0.000462
0.027400
0.020600
0.068000
-0.014200
0.045400
-0.012727
-0.053455
-0.087455
0.058182
-0.002200
-0.010000
-0.023400
0.000600
0.024545
0.003667
-0.057400
0.026400
-0.024600
-0.031400
-0.010400
-0.065800
-0.005400
-0.012600
-0.014421
0.109818
-0.026974
0.038000
-0.104811
0.044000
0.142923
0.000387
0.007636
-0.037000
0.045200
-0.017200
0.004200
-0.015400
-0.051000
-0.009600
0.024833
0.005818
0.054000
-0.055455
-0.001600
0.022000
0.027667
-0.002000
0.012400
-0.041800
-0.043200
0.051000
0.004800
0.020000
-0.064600
-0.007455
-0.023833
0.052000
0.004000
0.046800
-0.007818
0.022800
0.037600
-0.024600
0.077944
-0.001152
0.110286
-0.017636
0.100914
-0.059190
0.041000
-0.147091
-0.040462
0.009455
0.045600
0.004800
0.059091
-0.016600
0.025800
-0.028615
0.048154
0.006400
-0.054800
-0.025800
0.043200
0.045000
0.010400
-0.001333
-0.049400
-0.023000
-0.036800
0.026000
-0.038600
-0.001400
0.002200
-0.034200
-0.023667
-0.001400
0.020600
0.051091
0.007000
0.038600
0.007714
0.060500
0.120483
0.085286
0.241071
0.077524
-0.005263
0.078800
0.046091
0.236000
-0.031304
0.014833
0.053667
0.243923
0.134100
0.219217
0.076952
0.060737
0.141583
0.196000
0.081143
0.062000
-0.135667
-0.010100
0.230467
0.077789
0.064387
-0.002000
0.060611
0.044419
-0.096154
0.032412
0.038778
0.012526
-0.045125
0.017722
0.008410
0.054341
-0.023641
0.053026
0.043562
0.151933
0.017484
-0.008195
0.041538
0.028857
0.069613
0.043714
0.029161
0.047706
0.041941
0.116182
0.013278
-0.058368
0.010909
-0.067949
0.094974
0.068162
-0.022500
0.004000
-0.010909
0.015667
-0.021818
0.065000
0.064333
0.047500
-0.038800
-0.043800
-0.030400
-0.006600
-0.020200
-0.017400
-0.065400
0.076600
0.062167
-0.036800
0.013600
0.002000
-0.009800
0.030000
-0.032600
0.008769
-0.017286
-0.012400
0.009600
0.028400
0.012182
-0.016000
-0.029400
0.021400
0.019302
-0.056970
0.131419
0.036750
0.077886
0.012098
-0.067706
0.045394
-0.030111
0.073455
0.006000
0.050182
-0.031000
0.003400
0.010600
-0.037000
0.011000
0.002400
-0.035200
0.075800
0.034200
-0.002200
0.017800
0.018000
0.002333
-0.006400
0.003600
-0.036200
0.040600
-0.001200
0.023400
0.015455
-0.008600
-0.013400
-0.029400
-0.066200
-0.065600
-0.031400
0.004800
-0.020000
0.139250
0.017188
-0.048400
0.066485
-0.018625
0.089952
0.009943
0.091892
0.074182
-0.019800
-0.011200
-0.026200
0.008200
-0.045000
-0.026200
0.002400
0.046000
-0.005200
0.021600
0.010000
-0.039200
0.044200
-0.012167
-0.003077
0.045833
0.020000
0.048400
-0.030182
-0.030200
-0.030000
0.002800
0.008800
0.049400
0.014000
0.037400
-0.036600
0.005273
-0.043600
0.023000
0.021200
-0.070800
-0.037800
-0.002000
0.015538
0.010200
0.027200
0.019333
0.015600
-0.016545
-0.068000
0.024364
0.068909
0.022462
0.048000
-0.025000
-0.025818
0.006167
0.037333
-0.020400
0.064667
-0.003636
0.062200
0.045600
0.038182
0.011818
0.033500
-0.016800
-0.056667
0.001667
-0.078600
-0.011571
0.026000
0.024667
0.061692
-0.043600
-0.010545
0.038857
0.029000
0.074364
-0.003400
-0.001000
-0.019455
-0.010000
0.008769
-0.039500
-0.008600
0.043800
0.019400
0.054833
-0.087400
0.010833
0.000000
-0.002769
0.011800
-0.105818
0.028923
-0.025800
0.021455
0.029000
-0.022000
-0.088000
-0.032600
0.053091
0.006833
0.002500
-0.011455
0.035400
-0.014000
-0.010267
0.066308
0.001167
-0.019400
0.021200
0.032000
0.041455
-0.025833
-0.009867
-0.009800
0.024833
-0.068000
0.030154
-0.025333
0.057000
0.017636
-0.005333
0.024545
-0.014571
-0.032800
-0.003818
0.009000
-0.074364
-0.001000
0.015273
-0.003667
0.007273
-0.035500
0.088571
0.023636
-0.010000
-0.006125
0.030615
0.000000
-0.022267
0.001333
0.024923
0.107455
-0.006769
-0.046364
-0.008952
-0.055500
0.118400
0.010095
-0.063900
0.080727
0.000364
-0.036133
-0.008727
-0.019455
0.077846
-0.031333
-0.047375
-0.002857
0.037200
-0.008462
0.015692
-0.007231
0.028833
0.031571
-0.016250
-0.026308
0.093294
-0.003765
0.118500
-0.021000
-0.060143
0.075467
-0.025231
0.013636
0.033231
-0.040727
0.045333
-0.039818
0.032600
-0.001000
0.002000
-0.039538
0.008000
0.133273
0.002429
-0.043800
-0.009286
-0.016000
0.007000
-0.047000
0.075200
-0.006429
-0.012000
-0.008600
-0.033538
0.058750
-0.029111
0.022154
-0.009200
0.017467
0.018923
-0.004167
-0.012727
-0.006000
0.016125
-0.016800
-0.050400
0.077333
0.055143
0.097200
-0.002600
0.052533
-0.002000
-0.001846
-0.054364
0.083636
-0.082545
0.087333
0.001125
-0.032000
0.045455
0.022727
-0.029538
0.011667
0.064800
0.019636
-0.008500
-0.008615
0.059273
-0.036828
-0.004595
0.010452
-0.008774
-0.060222
0.004839
0.081077
0.010154
0.052512
-0.005955
0.044240
-0.052414
0.022944
-0.022111
-0.004333
0.063429
-0.015161
0.010882
-0.017333
0.062882
0.024313
0.020067
0.022857
0.028276
0.119714
-0.021300
0.006710
0.005784
0.031313
0.126562
0.025167
0.037935
0.010323
0.134848
0.028462
-0.010778
-0.015000
0.035571
0.066846
0.017556
0.014061
0.003243
0.096621
0.033517
0.122375
0.002560
-0.051185
