0.027520
0.003312
0.014481
-0.006000
0.024418
-0.007230
0.003838
0.008165
0.023000
-0.020713
-0.002563
0.017390
-0.015871
0.004889
0.002747
0.033096
-0.005484
-0.017961
-0.011837
0.010340
-0.012505
-0.025576
-0.001960
0.012127
0.000833
-0.006000
0.012333
0.004615
0.010154
-0.003857
0.021231
-0.009833
-0.000857
-0.006000
0.011857
-0.005455
-0.014400
0.002769
-0.001571
0.013500
0.006933
-0.008429
-0.004909
0.010182
-0.002333
0.008154
-0.009077
0.002000
-0.008182
-0.007286
0.007692
-0.009231
-0.010000
-0.015667
0.018364
0.004364
0.016308
0.008800
-0.010571
0.023800
-0.015333
0.017385
0.007167
0.013636
-0.006167
-0.005143
0.008833
-0.012286
-0.003000
-0.003833
0.005529
0.001833
-0.020750
-0.013474
0.018000
0.007625
0.016235
-0.011684
-0.012727
-0.006000
-0.008444
0.004625
0.005263
0.007529
0.014316
0.017789
-0.017619
-0.002769
0.024421
0.022316
-0.008000
0.015143
-0.008625
0.003200
0.012421
0.010400
-0.007300
0.004118
-0.019368
0.012706
0.004933
0.001111
-0.000750
-0.005818
-0.008963
0.011053
0.009800
-0.010182
0.013636
0.000118
0.013158
-0.004105
0.001800
0.001375
-0.001889
-0.003905
0.003059
-0.018941
-0.003579
-0.006952
0.030503
0.041871
-0.002063
-0.000527
0.020992
0.022590
0.033967
0.019234
-0.005433
-0.018672
0.017968
0.013741
0.034512
0.024852
0.012574
0.032731
-0.005203
0.007016
-0.006314
0.031462
0.008735
0.017593
0.017948
-0.000861
-0.018343
-0.025333
-0.001238
0.003091
-0.014316
-0.020091
0.005130
0.024316
-0.002100
-0.023875
-0.013333
0.011048
-0.016762
0.002727
-0.018435
-0.005143
-0.009500
-0.016105
-0.008583
0.000667
-0.030000
-0.002091
0.002437
-0.008235
-0.008839
-0.000647
0.005829
0.011650
0.001771
-0.005286
0.006919
0.000556
0.000645
0.009535
0.004000
0.004905
-0.001588
0.014550
0.003409
0.013200
0.003514
-0.006000
0.004914
-0.003767
-0.003543
0.000703
0.006242
0.008125
-0.011515
0.020703
0.005333
-0.001317
0.023613
-0.006895
0.026000
0.009737
-0.017000
-0.009200
-0.010200
-0.019455
-0.008600
-0.003400
-0.005091
-0.003833
-0.008154
0.000400
-0.009200
0.010200
0.007400
-0.006000
-0.007636
-0.006909
0.002727
0.002545
0.011000
-0.006333
-0.017400
0.002800
-0.009273
-0.001000
-0.004200
-0.001200
-0.008600
-0.000600
0.032000
-0.005600
-0.004400
-0.015400
-0.000368
-0.006848
0.020154
0.005000
0.013405
0.002974
-0.015795
-0.007484
-0.012364
0.014400
-0.019200
-0.007800
-0.000800
-0.020000
0.003400
0.010600
-0.002667
-0.004727
-0.007400
-0.006545
0.003200
-0.020200
-0.003167
0.004182
-0.013200
0.007800
-0.008600
0.019400
-0.009200
0.004600
-0.014600
-0.008000
-0.003167
-0.011000
0.007200
-0.006400
0.006909
0.005000
0.005800
-0.014800
-0.004222
0.011152
-0.009943
-0.003152
-0.013771
0.028143
0.001882
-0.007212
0.000308
0.005091
0.002800
0.006200
0.010182
0.005400
-0.008800
0.015538
0.006462
0.009200
0.001400
-0.006800
0.013800
-0.011200
-0.002400
0.012500
-0.008200
0.014400
-0.002600
-0.006200
0.006600
0.001600
-0.011000
0.005600
0.007000
0.002800
-0.011800
0.009636
-0.016400
0.010600
0.009143
-0.006833
0.033517
0.032714
-0.004214
0.027333
-0.006632
0.039760
-0.006182
0.008250
0.032696
0.037167
0.020833
-0.011538
0.017200
0.013565
0.031143
-0.009263
0.017167
0.003875
0.056190
0.012947
0.033917
-0.000100
-0.008333
0.022737
-0.002839
0.005278
0.005556
0.029488
0.008872
0.003294
0.000889
-0.004421
0.025375
0.003167
-0.008410
-0.000049
-0.004513
0.011333
-0.000625
0.008133
-0.009161
0.009122
0.022000
-0.002143
0.006323
-0.007381
0.022323
0.009529
0.011235
-0.008606
-0.003889
0.034105
-0.027576
0.002923
0.004872
-0.016108
0.014667
0.011400
-0.004909
0.009000
-0.005091
-0.002800
-0.009667
0.004833
0.001000
0.000000
-0.018400
0.008000
-0.003600
0.003400
0.002000
-0.003400
0.010333
0.006600
-0.007200
0.003818
-0.012800
-0.016000
0.023200
-0.000615
-0.006429
0.022600
-0.002000
-0.003000
-0.018545
-0.029600
-0.004800
-0.019800
-0.005535
0.016303
-0.012129
-0.009500
0.004971
-0.023073
0.021765
0.019879
0.001444
-0.006364
0.002000
0.006909
-0.000200
-0.001000
0.011200
0.006600
0.001000
0.005200
0.025600
0.002200
0.005000
-0.002200
-0.001800
0.004286
0.008667
0.006800
-0.014000
-0.020600
-0.004000
-0.012800
0.015800
-0.016000
-0.001000
0.016600
0.012400
-0.006800
-0.002800
-0.004600
0.004600
-0.004000
-0.006250
0.002500
0.013257
-0.009818
0.017812
0.003048
-0.029600
0.005514
-0.022545
-0.022200
0.026000
0.002200
0.001400
0.006800
0.002400
-0.005600
-0.003273
0.008600
0.008400
-0.005733
0.006600
-0.016600
0.002833
-0.004154
0.006167
-0.003400
-0.003800
0.006000
0.004000
-0.004600
-0.023800
0.000200
0.006000
-0.000200
-0.003200
-0.018400
-0.012182
0.004000
0.008200
0.003000
-0.007600
-0.002800
-0.000800
-0.011846
-0.018200
0.000200
0.017000
0.003800
0.010909
0.002571
0.000727
-0.004909
-0.002154
0.005000
-0.001333
0.001273
0.007333
-0.008667
0.008800
-0.005167
0.000000
-0.004800
0.002600
0.003273
-0.004000
-0.005500
-0.002600
-0.004333
-0.012500
-0.003000
0.008571
-0.014000
-0.000833
-0.010615
-0.020000
0.003091
0.001857
0.014600
-0.004000
0.004000
-0.003400
-0.007636
0.002182
0.004154
-0.005833
-0.001000
-0.007600
0.009800
0.003667
-0.002600
0.009833
-0.000545
-0.009692
0.002000
0.009091
0.020000
0.000000
-0.017818
-0.002800
0.012182
0.006727
-0.001600
-0.005636
0.001000
-0.023167
-0.017091
-0.002400
0.012182
-0.003600
0.004615
-0.006000
-0.006400
0.014400
0.002308
-0.002000
-0.002000
-0.000800
-0.019200
0.022500
0.008909
0.022923
0.010333
0.009400
0.002727
-0.002000
-0.008364
-0.000714
-0.002200
-0.008727
0.002571
-0.004909
0.009600
0.006000
0.000833
-0.004182
-0.022667
-0.009000
-0.000909
0.000750
0.020625
0.001692
0.015800
-0.000533
-0.002111
0.002462
-0.002545
0.002462
0.022727
0.001333
-0.001667
0.010800
-0.007905
0.017900
0.002182
-0.008909
-0.001600
0.008909
0.018000
0.002154
-0.007333
0.012750
-0.006714
0.006800
0.013846
-0.001846
0.004923
-0.000333
0.014143
0.008250
0.024154
-0.002588
0.005412
-0.014167
0.002000
0.016714
-0.002133
-0.010769
0.011455
-0.018462
-0.001818
-0.016500
0.020545
0.001000
0.002333
-0.004154
0.009231
0.007538
-0.016182
0.003286
-0.014000
0.003714
-0.002800
-0.017500
0.000600
-0.003400
-0.003286
0.014667
0.010200
0.002000
-0.001750
-0.006333
-0.006308
-0.000600
-0.008933
0.013385
-0.001167
-0.011818
0.009600
-0.010625
-0.007400
0.008000
-0.003000
-0.018571
-0.017200
-0.007800
0.023867
0.001429
-0.007692
-0.005455
-0.003818
0.008000
-0.009333
-0.002500
0.000889
-0.001818
0.015273
0.016923
-0.019000
0.010800
0.011455
0.006375
0.005231
-0.002364
0.011793
-0.013622
0.013161
-0.007613
0.004000
0.012194
0.005538
0.007154
0.003163
0.010182
0.003840
-0.002759
0.006333
0.015056
0.003250
-0.008400
-0.012065
-0.010059
0.003556
0.002294
-0.003250
0.006667
0.005286
0.012828
0.001200
0.012150
0.023226
0.018324
-0.000313
0.014812
-0.001083
0.015097
0.003871
-0.006970
-0.000692
-0.009111
0.013000
0.003214
0.006308
0.000000
0.015212
0.016378
-0.000897
0.001931
0.007812
-0.003520
0.003926
