0.006140
0.067744
-0.205808
0.206634
0.115782
0.108197
-0.002788
-0.176092
0.192935
0.055168
0.005029
-0.198762
0.071570
-0.193204
0.176141
-0.008596
-0.202559
-0.060627
0.193020
0.005906
-0.007187
-0.088576
-0.183120
0.171309
-0.043333
-0.035385
0.111667
0.011538
0.039077
0.010143
0.027385
0.095667
-0.039857
0.019000
-0.205714
0.040364
-0.066600
0.074615
-0.015286
-0.133333
0.117467
0.036000
-0.028727
-0.189455
0.022833
-0.170308
0.087231
-0.011333
0.038909
-0.046714
0.054462
0.105538
-0.038000
0.120833
0.018000
0.038364
-0.068462
0.119467
-0.004286
0.034800
-0.033333
0.055077
0.110167
0.001455
-0.132000
-0.122000
0.061667
-0.008571
-0.069333
-0.007833
-0.183765
0.095333
0.057625
-0.044421
-0.123875
0.185500
0.312588
0.147158
-0.034818
-0.068522
0.036889
-0.004625
-0.019053
-0.057176
0.017895
-0.076105
0.014952
-0.005154
-0.114211
0.069474
-0.043444
-0.026190
0.001500
0.000100
-0.048737
0.075067
0.220200
0.118941
-0.054842
-0.110000
0.025600
-0.027333
0.181250
-0.050636
0.074074
-0.272316
0.183500
-0.053455
0.058000
-0.022471
-0.075684
0.175158
0.012000
0.051875
-0.056778
-0.048952
0.049059
0.016118
-0.038105
-0.084286
-0.113197
0.448806
0.212127
-0.028093
0.092992
-0.046607
-0.097719
0.206047
0.070233
0.015586
-0.111145
0.197500
0.424016
0.185066
-0.055721
-0.094552
0.248609
0.118820
-0.032066
-0.104134
0.068471
-0.244407
0.219845
-0.057903
-0.026914
-0.152800
-0.063619
-0.005000
0.162842
0.027636
-0.005913
-0.058211
0.072800
-0.032500
-0.025926
-0.040667
-0.114381
-0.095636
0.033739
-0.003714
-0.062583
0.166211
-0.016417
-0.025810
-0.052000
0.014364
-0.061125
0.029294
0.136774
-0.043059
0.167714
-0.052100
-0.086629
-0.101333
-0.104865
0.162944
-0.043677
0.193256
-0.105257
0.167524
-0.023118
0.108600
-0.051818
-0.134971
-0.113730
0.125081
-0.044800
-0.105860
0.149886
-0.090216
0.148485
-0.039500
-0.140788
-0.032703
-0.083111
0.163024
-0.051677
0.209000
-0.049641
0.116842
-0.076200
-0.082000
-0.017800
0.004727
0.015000
-0.042200
-0.019091
0.065667
-0.015538
-0.009600
0.030400
0.144400
-0.034400
0.141400
-0.002545
-0.028000
-0.088000
0.046909
0.012400
-0.083833
-0.043800
-0.056200
0.041091
-0.006500
-0.015400
-0.013000
-0.004400
-0.041400
-0.007400
-0.044000
-0.001000
0.015000
-0.037158
0.158121
-0.034615
0.093733
-0.115622
-0.071949
0.202821
-0.100516
0.011818
-0.039200
0.006400
-0.005800
0.002400
-0.016400
-0.059800
-0.001200
0.020167
-0.042545
0.041400
-0.010545
-0.023800
0.008000
-0.057500
0.095273
-0.018600
0.006200
-0.041000
0.004600
0.122000
0.014400
-0.048400
-0.049818
-0.043667
0.061400
-0.014400
0.021000
0.006545
0.053200
0.143400
-0.002200
0.180056
-0.082424
0.181486
-0.045879
0.125714
-0.048857
-0.067118
-0.107939
-0.037846
-0.068000
0.128600
0.014600
0.065455
-0.007000
0.004400
-0.068154
0.076000
0.003600
-0.024200
-0.041200
0.075400
-0.001600
-0.005600
0.011667
-0.030200
-0.014000
-0.037200
0.029600
-0.007400
0.007600
-0.004800
-0.030200
-0.000167
-0.007200
-0.075200
0.092182
-0.026800
0.044200
0.002714
0.067667
0.481034
0.288143
0.121929
0.028095
-0.043684
0.112240
0.477455
0.087500
-0.039739
-0.063583
0.444583
0.123538
0.236500
0.060261
0.082190
0.447053
0.134833
0.068750
0.034952
0.453053
-0.297167
0.397100
0.095400
0.086211
0.056645
-0.018111
0.040111
0.150512
-0.279436
0.139471
0.008444
0.062684
0.306000
0.073389
-0.016051
0.046439
-0.016821
0.089026
0.132188
0.043400
0.032000
-0.145756
0.144872
-0.017238
0.048452
0.014286
0.064968
0.190471
0.203824
0.112909
-0.003333
-0.136737
0.044727
-0.157179
0.063282
0.011135
0.023833
0.045400
-0.018364
0.015000
-0.009636
0.079600
0.048333
0.003667
-0.009000
0.003400
-0.029600
-0.016200
0.009400
0.004400
-0.062000
0.038400
0.078833
0.095200
0.019800
0.015455
-0.005200
0.002600
-0.055600
0.023077
-0.045286
0.040400
0.003400
0.024400
-0.004182
0.037400
0.001600
-0.012400
0.020140
-0.251576
0.096258
-0.009375
0.059543
0.008000
-0.143765
0.130303
-0.016111
0.086545
0.029000
-0.016727
-0.018200
-0.001200
0.038600
0.016200
-0.012600
0.031000
-0.031800
0.035400
0.048800
-0.006400
-0.007600
-0.097000
0.003500
-0.139200
0.029200
-0.009400
0.015000
-0.006000
0.028400
0.043273
0.015000
-0.025600
-0.006000
-0.053000
-0.008200
-0.025600
-0.021200
-0.059600
0.044437
-0.010063
-0.125886
0.107697
0.312437
0.065333
0.015543
0.090216
0.063273
-0.038200
-0.020000
-0.010200
0.015800
-0.051200
-0.050800
-0.005600
0.019818
-0.002600
0.005000
0.021067
-0.052400
0.040800
0.008667
-0.006769
0.007500
0.003600
0.057800
0.042000
-0.180200
-0.011400
0.000000
0.011200
0.059600
0.031600
0.018600
-0.046600
0.014000
-0.054400
-0.008400
0.005600
-0.065000
-0.051600
-0.027400
0.040000
-0.003800
-0.010200
0.008000
0.026200
-0.069273
-0.045429
0.016182
0.157455
0.026769
0.131600
-0.011333
-0.044545
-0.010833
0.003600
-0.097000
0.077333
-0.021273
0.024000
0.024200
0.090364
-0.004545
0.065667
0.000000
-0.051833
0.003000
-0.065600
0.000000
0.013833
-0.028833
0.096615
-0.037000
-0.021091
0.022000
0.062000
0.148182
-0.022000
-0.007600
0.005455
0.010727
0.008923
-0.014167
-0.030600
-0.013400
0.028600
0.004833
-0.029400
-0.008333
-0.005091
-0.016308
0.041800
-0.078909
-0.026615
-0.020000
0.040909
-0.006000
-0.119818
-0.107818
-0.070000
0.040000
0.022167
0.026167
-0.015091
0.045800
-0.008000
-0.016133
0.038154
-0.016667
0.011800
0.026400
0.009231
0.145091
-0.035000
-0.089867
-0.012200
0.066167
-0.084364
0.120462
-0.048333
0.076000
-0.000727
-0.006167
0.023091
-0.078286
-0.024800
-0.008364
0.013286
-0.072182
-0.035600
0.058545
-0.011500
0.016545
-0.027833
0.095857
0.024182
0.040125
0.073250
-0.047538
0.091400
-0.021333
-0.021667
0.153692
0.050000
0.009846
-0.107636
0.000857
-0.205333
0.058400
-0.003619
0.084000
0.046182
0.000909
-0.130133
0.010182
-0.102727
0.068923
-0.034667
-0.226875
0.072286
0.027000
0.017846
0.020769
0.035231
0.115000
0.019714
0.028625
0.228462
0.085647
-0.004235
0.024500
-0.003000
-0.106429
0.156667
-0.056769
0.039818
0.011385
-0.024000
0.027833
-0.014727
0.120800
-0.040111
-0.007692
-0.092769
0.094615
0.043273
0.033000
-0.015200
0.001714
0.298533
0.022833
-0.100000
0.065400
0.012571
-0.032333
0.003600
-0.113846
0.085125
-0.046778
0.061846
0.090200
0.016000
0.030308
-0.026667
0.014727
-0.041733
0.001375
0.004200
-0.103600
0.068500
0.185571
0.062800
-0.002200
0.072533
-0.000857
-0.026923
-0.138727
0.055273
-0.050727
0.042500
0.015750
-0.003889
0.038182
0.006364
0.024000
0.145667
-0.018400
0.126545
-0.020125
-0.035692
0.102364
-0.020690
-0.036432
-0.020581
0.020194
-0.094222
-0.045226
0.043462
0.003154
0.135953
-0.019318
0.037680
-0.039448
-0.019500
-0.041611
-0.084333
0.055771
-0.016065
-0.022706
-0.039778
0.104294
-0.027438
-0.014533
0.025571
0.103310
0.038743
0.001600
0.311226
0.067297
0.323000
0.026625
0.017000
-0.045677
0.176452
0.052545
-0.004154
-0.000889
-0.031929
0.349071
0.052923
-0.006667
0.020061
0.327297
0.062828
0.120276
0.020250
-0.018960
-0.212148
