-0.004420
0.002384
-0.000212
0.006178
-0.000673
-0.001180
0.009616
0.001817
-0.002435
-0.000356
0.000680
-0.001333
0.001892
0.005537
-0.002848
0.004827
0.000086
0.003118
-0.003224
-0.000736
-0.006484
-0.000085
0.002560
0.002091
0.000000
-0.016000
-0.010667
0.003231
-0.002308
-0.009714
0.010923
0.000333
-0.010286
-0.002800
-0.004429
-0.002182
-0.001600
-0.002000
0.006857
0.007500
0.004267
-0.001714
-0.011273
0.013636
-0.005333
-0.006154
-0.012923
-0.001867
-0.014364
-0.006714
0.009231
-0.002308
-0.000800
-0.000833
0.006364
0.018909
0.010000
0.008000
-0.000571
-0.006800
0.010000
-0.017385
0.000167
-0.008182
-0.002500
0.001571
0.005833
0.015429
0.001333
0.002833
-0.007176
-0.013000
-0.003000
-0.007368
-0.012125
0.003625
-0.010353
-0.005684
-0.000909
-0.006174
-0.002222
0.004875
0.002000
-0.003059
0.010316
-0.004632
0.002190
-0.001077
-0.004316
0.003789
0.002667
0.004381
0.005625
0.003200
-0.002421
-0.009733
0.004400
-0.016706
0.003368
-0.014588
0.007333
0.012889
0.009125
0.018364
0.000667
0.002316
0.001700
-0.004727
0.010727
-0.001882
0.002421
-0.002947
-0.004400
0.004125
-0.007111
0.005524
-0.000941
0.005176
-0.002526
0.006095
-0.000748
-0.001755
-0.001079
0.000295
0.001564
0.000066
0.000397
-0.001641
0.000400
0.000362
0.003419
0.000259
0.001536
0.005508
0.004992
0.002358
0.004797
-0.000672
-0.000793
0.000857
0.005015
-0.000949
0.002638
-0.000597
0.000857
-0.003600
0.012095
-0.006455
0.002842
0.001818
-0.009478
-0.001158
-0.002300
-0.006625
-0.002889
-0.007333
0.000857
0.007182
-0.000522
-0.012762
-0.004000
-0.006000
0.005250
-0.012190
-0.005750
-0.012455
-0.002812
0.001882
-0.003290
0.003118
0.001371
0.003050
-0.000171
0.001857
-0.002378
-0.008500
-0.004387
-0.011070
-0.006571
0.000619
-0.005353
0.002100
0.000091
0.010286
-0.003946
0.003189
0.009029
-0.006186
-0.001429
-0.006378
-0.004970
0.004562
0.001091
-0.001676
-0.005778
0.003561
0.003742
0.005316
0.006923
0.004053
0.002400
0.024200
-0.018400
-0.000364
-0.007000
-0.016200
0.017091
-0.010000
0.001846
0.009800
-0.002200
-0.003000
0.002400
-0.016400
0.000909
-0.006364
0.003273
-0.009636
-0.001400
-0.008333
0.009600
0.028000
0.001091
0.003167
0.001800
0.012000
-0.009800
-0.014600
-0.009200
-0.008000
0.019600
0.005600
0.003368
0.003394
0.003487
0.002400
0.003838
0.004359
-0.006051
-0.002581
-0.002909
0.006400
0.018400
0.001000
0.008600
-0.009600
0.011400
0.003400
0.005333
-0.023091
0.008000
0.002364
-0.002200
-0.013800
0.010000
-0.016364
-0.011000
0.003600
0.004600
0.006200
0.013200
0.017200
0.014600
0.000909
-0.004833
0.004200
0.008000
-0.014800
-0.002727
0.006000
0.005200
-0.002000
0.005167
0.000970
-0.003829
-0.001879
-0.004629
-0.005476
-0.000471
-0.001515
0.003385
0.005636
-0.011800
0.001800
0.011455
-0.000400
-0.001400
0.008154
-0.008154
-0.010400
0.002200
0.003200
0.017000
0.006000
-0.009200
-0.013167
-0.007600
-0.009000
-0.013400
-0.010600
0.015600
-0.001000
0.004800
-0.007000
0.005500
0.004400
-0.003200
-0.006909
0.000200
-0.005200
-0.009714
0.013000
-0.002828
0.022143
0.006786
0.002952
-0.001474
0.007040
-0.001182
0.002750
0.007826
-0.002750
-0.006500
-0.003462
0.005300
0.008522
0.005048
0.002105
0.010083
-0.000750
-0.006190
-0.006842
0.003583
-0.002900
0.015133
0.002632
0.010968
0.001889
0.002333
-0.004605
-0.001692
0.000588
0.004000
-0.004158
-0.006625
0.003667
0.000769
0.004000
0.001744
0.004000
-0.008438
0.006667
0.000194
-0.013463
0.011128
0.001571
-0.004065
0.003286
0.001161
-0.007471
0.005882
0.007333
-0.012333
0.002789
0.001030
0.002154
0.006974
-0.008595
0.005833
-0.000200
-0.007455
-0.000833
0.001273
-0.004000
-0.003000
0.004833
-0.001800
0.026400
0.019000
0.012400
0.001400
-0.010000
-0.001000
0.011400
-0.003500
0.002000
-0.002000
-0.009455
-0.003600
0.008600
0.007000
0.002615
0.004857
-0.002200
0.006400
0.002200
-0.000545
-0.005000
0.001000
0.001200
0.009209
0.011818
0.000258
-0.008500
0.001600
0.007122
0.002647
0.000545
0.008556
0.004727
-0.002200
0.003818
0.006000
0.013800
-0.004200
-0.002400
-0.004600
-0.021200
0.008800
-0.028400
-0.002400
0.002600
-0.013000
-0.004000
0.005167
0.003400
0.011000
0.008800
0.000600
0.003800
0.009400
0.013455
0.018600
0.004600
0.004000
0.000200
-0.004000
-0.002200
-0.002200
-0.012200
0.011312
0.004875
-0.001086
0.002061
-0.006313
-0.006048
0.000057
0.001730
-0.017818
0.006600
-0.020000
-0.015800
0.000400
0.002200
0.017000
-0.012800
0.011636
-0.026800
0.008600
0.009067
-0.006800
0.000800
0.007667
0.004462
-0.006167
0.005800
0.002000
0.011091
0.020600
-0.003000
0.000600
-0.008200
-0.009400
0.002200
-0.014400
0.010000
0.004182
-0.001200
-0.001600
0.003600
-0.012800
0.011000
0.007000
-0.007385
0.012000
-0.007800
0.006167
0.007400
0.004727
0.004286
0.009091
-0.010000
0.002000
0.010200
-0.013000
-0.005273
-0.006000
-0.007200
0.006000
0.009833
0.003273
-0.007000
-0.032400
0.008727
-0.005091
0.008167
-0.000800
-0.001333
-0.003333
-0.009400
0.004286
0.016667
-0.010167
0.016769
0.002800
-0.002182
-0.001286
0.006400
-0.007273
0.015600
0.006800
-0.017273
-0.013091
0.015846
0.000833
0.000800
0.005600
0.002600
-0.007667
-0.014400
0.002667
-0.001455
-0.008615
0.001400
0.002545
-0.015692
0.013600
-0.001091
0.002800
0.002727
-0.014727
-0.009000
0.008545
0.005000
-0.010000
0.011455
-0.008600
0.004545
-0.016133
0.000923
-0.002833
-0.004000
0.010400
0.008308
0.014545
-0.012667
0.006000
0.004000
-0.023667
-0.015091
0.014308
-0.003500
-0.003200
-0.001273
0.007333
-0.008545
0.001286
0.006400
-0.014545
-0.009286
0.016364
0.006400
-0.004909
-0.004667
0.004545
-0.009000
0.008857
-0.000364
-0.003125
-0.002125
0.003538
0.012200
-0.000667
-0.006444
0.007385
-0.005273
-0.009385
0.000727
0.000571
-0.005500
0.009400
0.001905
0.001600
-0.000364
-0.000909
-0.000800
0.003273
-0.002364
-0.003385
-0.006667
0.004000
0.015714
0.007800
0.016462
0.000923
-0.004154
0.006667
0.007714
-0.003000
-0.017846
-0.003059
-0.007176
-0.008167
0.019000
-0.005143
-0.008400
0.004462
-0.005818
-0.008769
-0.004182
0.006333
-0.003818
0.009600
0.003000
-0.005538
-0.004923
-0.000308
-0.003636
-0.002286
-0.012600
-0.001000
-0.017067
-0.003167
0.001000
0.007200
-0.011000
0.006167
-0.002400
0.013077
0.000375
0.011444
0.013231
-0.001800
-0.006933
-0.009231
0.017833
0.005636
0.006667
0.007375
-0.010800
0.016667
-0.014167
-0.000429
-0.001200
-0.008200
0.003467
0.002857
-0.002154
0.005273
-0.013273
-0.016000
0.014333
-0.003000
0.006889
-0.013273
0.006909
0.008000
-0.001667
0.009400
-0.000364
0.001125
-0.007846
-0.006000
-0.004690
-0.004378
-0.009355
-0.006516
0.003630
0.000129
0.002000
0.003846
0.000465
0.004864
0.009120
-0.004621
0.007222
0.007056
-0.006500
0.004686
-0.001484
0.004588
-0.014667
0.005706
0.002312
0.005467
-0.000643
0.007586
-0.008457
-0.001200
-0.010516
0.001081
-0.000375
0.000438
0.000000
0.003871
0.008129
0.001273
-0.004308
-0.011000
-0.011357
-0.003286
0.003538
-0.012000
0.003636
-0.005351
-0.000759
-0.009034
-0.000562
0.006400
0.004074
