0.000000
-0.020000
0.003692
-0.003000
0.010600
-0.001091
-0.008600
0.005800
0.004167
0.011600
0.005800
0.003400
-0.002000
0.002727
-0.007818
-0.003200
0.008400
0.006600
0.003000
-0.003800
-0.006800
-0.001000
-0.009400
-0.013800
-0.006600
0.002200
0.004727
0.026000
-0.005400
-0.000400
-0.009600
0.004200
0.014000
-0.004800
-0.001000
-0.014800
0.002000
0.003600
0.001800
-0.003200
-0.011500
0.003800
0.001400
-0.013800
-0.006000
-0.001000
-0.006000
0.019800
-0.001176
-0.005692
0.009765
-0.006385
-0.007714
-0.001333
-0.023333
-0.006250
-0.006800
-0.004615
0.008200
0.016200
0.003385
-0.005429
-0.010600
0.000400
0.003800
0.021091
0.038000
0.020200
0.003333
0.018615
0.024200
0.007200
