0.937400
0.017667
-0.008308
-0.001800
-0.008200
-0.006182
0.960600
-0.011200
-0.001833
-0.017000
0.963800
-0.005400
0.010400
-0.009091
-0.008909
0.948000
-0.008600
-0.009000
-0.007800
0.959400
-0.019400
0.965600
0.011200
0.020200
-0.003200
0.003000
-0.003091
-0.001600
-0.004400
0.004600
-0.009000
0.000400
-0.005200
0.002000
0.012600
0.006000
0.024000
-0.002800
0.008000
-0.005800
-0.016833
0.002800
-0.007600
0.014600
0.016400
-0.008400
-0.005200
0.001600
-0.008824
0.961692
-0.003412
0.005846
0.008429
-0.006533
0.005733
-0.011250
0.016200
-0.010000
0.004400
-0.070200
0.971231
0.080000
-0.003400
0.008200
0.016200
0.006364
0.004000
0.064200
0.010167
-0.014308
-0.062600
-0.003200
