0.030200
0.053500
0.040769
-0.103200
-0.048000
0.076727
-0.059400
0.058200
0.033333
-0.094800
0.130000
0.043000
-0.074200
0.070000
-0.012545
-0.002600
0.015000
0.130400
-0.110800
-0.029200
-0.086600
-0.032400
0.142400
0.002400
-0.070200
-0.063600
0.122364
-0.137000
0.026000
-0.047800
0.025400
-0.032400
0.050600
0.020800
-0.151800
0.070800
-0.007400
-0.070800
-0.142200
-0.144600
-0.106000
-0.054400
-0.132200
-0.222200
0.000400
0.137400
-0.248000
-0.065400
-0.080588
0.007385
0.082118
-0.000231
0.010000
-0.113333
0.038800
0.017375
0.071000
0.181692
0.059600
0.132600
0.033692
0.030429
-0.013400
-0.003800
0.151200
0.180364
-0.004200
-0.041000
0.052667
-0.090923
0.024400
-0.010000
