0.009000
-0.013500
-0.006000
0.014000
-0.009800
-0.004182
0.012200
-0.001800
0.000000
-0.000200
-0.001400
0.001600
-0.005600
-0.000182
0.006545
-0.001400
-0.004800
0.003000
-0.009600
-0.004000
-0.007800
-0.013200
0.008800
0.008200
0.005400
0.022600
0.020182
0.013200
0.019000
0.008000
0.002800
-0.013400
-0.020800
-0.009400
-0.015200
-0.013600
-0.012000
0.003600
-0.002600
0.000200
0.000000
0.004400
0.001800
0.008000
0.003000
0.025800
0.020600
-0.014400
-0.004824
-0.016308
0.007294
-0.011154
-0.002143
0.013467
-0.006133
-0.001500
0.027600
-0.005385
0.001600
0.002200
0.002923
-0.008857
-0.006800
-0.017600
0.022000
0.022909
0.016000
0.024200
0.025167
0.026923
0.017200
0.016600
