-0.016200
-0.012500
0.003846
-0.020200
-0.004200
0.004909
0.000800
0.015000
0.006500
-0.010200
0.017600
0.020600
0.003200
0.012000
0.011636
-0.013800
-0.000400
-0.008200
-0.011800
-0.009800
0.003400
-0.003800
0.007800
0.007600
0.001600
-0.008400
-0.010182
0.000400
0.010000
0.006600
0.018600
-0.010400
-0.013600
-0.006800
-0.016200
-0.001200
-0.001400
0.011200
-0.007000
-0.019400
0.002333
0.003200
0.010000
-0.000800
-0.004400
0.003200
0.019200
-0.029400
-0.017882
-0.005385
-0.004471
-0.001231
-0.006714
0.001467
-0.014533
0.008375
0.002200
-0.004000
-0.004200
-0.012800
0.017231
-0.005143
0.008200
0.001000
0.005800
0.002182
0.018800
0.033600
0.010500
0.018462
0.014400
0.006200
