0.020800
0.007167
-0.002769
0.007000
-0.010600
-0.033273
-0.003800
0.009400
-0.016167
0.001600
-0.019000
-0.023200
-0.019400
-0.018727
0.008000
-0.010000
-0.002600
-0.010800
-0.002200
0.018800
-0.001400
-0.012000
-0.006800
0.003600
0.012000
-0.012000
0.008364
0.002000
0.018800
-0.001600
-0.013800
0.010800
0.000000
0.000800
-0.000600
-0.011800
-0.002200
0.003200
0.007400
-0.037200
-0.004500
0.003600
-0.020200
-0.004000
0.002800
0.006000
0.003000
-0.006200
0.017529
0.013846
0.012941
-0.009769
0.011714
-0.004400
0.003200
-0.000500
0.009400
-0.005231
-0.015800
0.000800
0.054154
0.006571
0.005000
-0.041000
0.014000
0.034000
0.065400
0.093400
-0.020000
0.004769
0.019400
0.024400
