0.009800
-0.003333
-0.010615
0.022600
-0.017600
0.004727
-0.006600
0.009600
-0.006000
0.015600
-0.003600
0.011600
0.013600
-0.006000
0.001273
0.012000
0.007200
-0.012400
0.016000
0.025000
-0.009400
-0.004200
-0.003000
0.009200
0.010200
-0.003000
0.022364
0.010200
0.026400
-0.015000
-0.005400
-0.000200
-0.017200
-0.010400
-0.029600
-0.003200
0.018800
-0.006400
0.004800
-0.039400
0.019500
0.002000
-0.019800
-0.005000
0.002400
0.023600
0.007400
-0.013200
0.005059
0.006000
-0.000353
-0.003615
0.016571
0.001600
0.006933
-0.008875
-0.002600
-0.006615
0.003800
-0.010000
0.004308
0.006857
0.003600
0.001200
0.032200
0.005636
0.037200
0.054200
0.005333
0.018615
0.030600
0.044200
