0.005000
-0.007000
-0.001846
0.005400
-0.013600
-0.023273
-0.003000
-0.002200
-0.012000
0.004200
-0.000400
-0.011200
-0.011600
-0.018000
0.003818
0.004000
-0.005800
-0.000200
-0.006400
0.011600
0.004000
0.005000
0.002200
0.005000
-0.004600
0.006400
0.018909
-0.009200
0.000200
0.007000
-0.003000
-0.004600
0.010600
-0.015000
0.005200
-0.011800
0.006000
-0.004800
-0.010000
-0.012600
0.001500
-0.001400
0.008800
0.004800
-0.017600
0.008000
0.006000
0.012000
0.012235
0.005077
-0.005412
-0.007615
0.006143
-0.011467
0.012667
0.004625
-0.011400
-0.008000
0.001400
-0.002200
-0.012615
0.000000
0.009600
0.017400
0.016000
0.000000
0.010200
0.008400
0.000500
0.017385
0.023800
0.025000
