0.030400
-0.010833
-0.011538
0.006800
0.008600
-0.006364
-0.003200
0.008200
-0.005167
0.004400
-0.015000
-0.002400
0.000800
-0.003818
-0.012364
-0.001600
0.016600
0.009600
-0.019200
0.013600
-0.007400
0.003200
-0.009600
0.027400
-0.014800
0.000200
0.017273
0.011600
0.016800
0.005200
-0.004600
-0.002600
0.000800
0.015200
0.023000
-0.015200
0.015400
-0.002600
0.015000
0.010400
0.000833
0.031200
0.016200
-0.005400
-0.008400
0.017000
-0.006800
-0.003000
-0.017412
0.016462
0.002471
-0.009462
-0.010714
-0.014533
0.007600
-0.015375
0.006000
-0.009385
0.015600
-0.009200
-0.006923
0.001571
0.010000
0.019400
0.012000
0.022909
0.027600
0.029000
0.010333
0.018000
0.020000
0.017000
