-0.010800
-0.003500
0.004923
0.021200
0.002000
0.005273
-0.013200
0.028800
-0.005833
-0.011000
-0.007000
-0.005000
-0.010400
-0.003091
-0.001455
0.011800
-0.012400
-0.021600
-0.013200
-0.005600
0.017000
-0.001800
0.017000
-0.005400
0.018600
-0.009000
-0.005273
0.008600
0.012600
-0.018400
0.011800
0.006000
0.004800
0.003800
0.005600
-0.011600
-0.012000
-0.011200
-0.003200
-0.008800
-0.010500
0.005000
-0.002400
0.002000
-0.006600
-0.026800
0.015800
-0.003400
-0.000588
-0.001231
0.016471
0.007385
-0.010143
0.003333
-0.000400
-0.002250
-0.000400
0.002923
0.000400
-0.017000
-0.000615
0.016000
0.006000
0.018400
0.014400
-0.012545
0.026400
0.031200
0.012833
0.004769
0.008000
0.007000
