0.345000
0.297833
0.101692
-0.057000
-0.043200
0.183636
0.536200
-0.079600
-0.029333
-0.233800
0.554200
0.057600
-0.079800
-0.012909
0.056000
0.358800
0.063800
0.132000
-0.027200
0.585400
-0.256000
0.453000
0.083600
0.021600
-0.073200
-0.168600
0.046545
0.014600
0.069800
-0.041800
0.019600
0.002800
-0.159800
0.015000
-0.116200
0.001400
-0.027600
-0.043800
-0.020600
-0.015800
-0.084833
0.212000
-0.015200
-0.044200
0.092400
0.070400
-0.039400
-0.056800
-0.017882
0.358615
0.137647
-0.004462
-0.001857
-0.072667
-0.134000
-0.189000
0.044400
0.108154
0.134600
0.153000
0.324769
0.123000
-0.024200
-0.027400
0.335400
0.158000
-0.013600
-0.074000
0.012500
-0.298154
0.151600
-0.066600
