0.021800
0.007500
0.038000
0.061400
-0.015200
-0.020000
-0.053600
0.046400
-0.036667
0.063200
0.043800
0.014200
-0.001400
-0.014000
0.003636
0.029000
0.002000
-0.017600
0.049800
-0.037600
0.062200
-0.006600
0.027400
0.032600
0.018000
-0.034600
0.005636
0.003200
-0.024800
-0.011000
0.007200
-0.028400
0.045400
-0.005400
-0.032400
0.014600
0.003800
0.001400
0.018000
-0.076600
0.031333
-0.014000
-0.032800
0.031400
-0.003400
0.006000
-0.001000
-0.022200
0.006471
0.048923
-0.011765
-0.016846
0.006286
-0.013333
0.058933
-0.004875
0.003200
0.009692
-0.030400
-0.023000
0.069077
-0.013857
0.022800
-0.022600
0.023000
0.002000
0.029000
0.030200
0.019000
0.035846
-0.005800
0.057000
