-0.007200
-0.023667
0.127846
0.014800
0.031200
-0.022909
-0.095000
0.102200
-0.053333
0.065600
0.038400
0.021200
0.000600
-0.004364
-0.036364
0.027800
-0.001600
-0.017000
-0.012600
-0.048600
0.098600
-0.080200
0.091600
0.048000
0.006000
0.029000
0.044909
-0.058000
-0.104000
0.018200
-0.032800
-0.049600
0.072400
-0.048200
-0.117800
-0.006400
-0.020600
0.018400
-0.000800
-0.151200
-0.023333
-0.036200
-0.056200
-0.029200
0.019800
0.081200
-0.124200
-0.056400
0.017412
0.023692
-0.000471
0.006308
0.016286
-0.039200
0.108267
0.004875
-0.012000
0.077846
-0.016600
-0.015800
-0.024615
-0.035571
0.035400
-0.112200
0.021600
0.063091
0.047600
0.021800
0.027667
0.028308
0.003200
0.015000
