0.011400
-0.000167
-0.001077
0.004800
-0.017000
0.006364
-0.024000
-0.001400
0.018000
0.018000
0.015000
0.020000
-0.004600
-0.002545
0.008182
-0.016200
0.008800
0.000000
-0.003000
-0.012000
0.002200
0.007200
0.009200
0.001600
-0.003800
0.010600
0.010727
0.039600
-0.006400
-0.008400
0.007000
-0.002600
-0.010800
0.000400
0.023000
-0.013800
-0.010000
-0.005200
0.010600
0.000400
-0.006667
0.005400
0.032000
0.007600
-0.010600
0.004800
0.005200
-0.027600
-0.003059
0.008154
-0.001647
-0.006154
-0.004143
-0.001733
0.000800
-0.009750
0.000200
0.002000
0.009600
-0.011200
0.016462
-0.010429
-0.002000
-0.004200
0.013600
0.012182
0.022400
0.027000
0.007833
0.003692
0.023400
0.002200
