-0.004200
0.009667
-0.004000
0.006600
0.019800
-0.022727
-0.011000
0.017000
-0.007167
-0.002800
-0.010400
0.026000
-0.009600
0.005273
0.009636
-0.011000
0.005200
-0.014800
-0.003800
-0.007800
-0.002000
0.012600
0.001600
-0.002600
0.008600
0.006800
-0.000545
0.004800
-0.018600
-0.004400
-0.008600
0.006200
-0.006800
0.002600
-0.010200
-0.018200
0.014200
-0.004000
-0.012400
0.006400
-0.001833
0.010200
0.002800
0.001000
0.007600
0.017800
0.022400
-0.013000
0.009294
0.007846
0.011059
0.001154
0.006000
0.007200
0.010800
-0.003000
-0.015000
-0.014615
-0.003400
-0.026200
-0.010000
-0.003286
-0.013200
0.010800
0.014200
0.019091
0.027600
0.068400
0.016500
0.022923
0.039600
0.026200
