-0.002200
0.019833
-0.006462
0.002200
-0.003200
0.003636
0.009000
-0.005200
-0.011833
0.011200
0.011800
-0.021000
-0.014400
-0.014000
-0.004727
0.014600
-0.016800
-0.003000
-0.009800
-0.012600
0.014200
-0.017800
-0.003200
-0.003600
-0.006600
-0.003400
0.010364
0.021800
-0.000600
0.006200
0.005800
0.008000
0.022000
0.008000
-0.026600
-0.030200
0.019000
0.008800
-0.008600
0.005000
0.000167
-0.009600
0.006600
-0.000200
-0.000800
0.017000
-0.005200
-0.008600
-0.012471
0.016923
-0.004353
0.009077
0.005714
0.004667
-0.011467
-0.002625
-0.003600
-0.004462
-0.002400
0.002400
-0.005385
0.022000
0.010600
0.009200
0.005400
0.007455
0.018000
0.017400
0.019667
0.017692
0.023000
0.017400
