0.053500
0.065385
0.036667
0.063000
-0.068000
-0.018000
-0.058200
-0.069200
0.062600
0.069200
0.060600
0.080000
0.040462
0.041667
0.035333
0.028600
-0.038200
0.008400
-0.035200
-0.033400
0.042600
0.037200
0.040800
0.046200
0.026200
-0.009800
0.002000
-0.000800
0.009200
-0.002800
0.012600
0.019000
-0.007400
-0.031400
-0.021800
-0.019000
0.019400
0.004000
0.001200
0.004800
-0.017200
-0.006000
-0.029400
-0.013000
0.032000
0.011400
0.024400
-0.010800
0.033846
0.017167
0.017833
0.034333
0.026200
0.000167
-0.015800
-0.001800
0.017600
0.023600
0.042600
0.039000
