-0.049900
-0.043846
-0.053333
-0.044778
-0.120400
-0.127000
-0.098800
-0.113000
-0.062200
-0.075200
-0.088600
-0.068800
-0.074923
-0.113000
-0.097333
-0.102700
-0.126600
-0.130200
-0.124800
-0.131600
-0.218200
-0.210600
-0.205200
-0.219400
-0.042800
-0.014400
-0.012000
-0.016200
0.049400
0.051400
0.047200
0.061600
0.076600
0.090200
0.093600
0.085600
-0.036800
-0.045600
-0.047400
-0.026800
-0.000400
0.016200
0.016600
0.008800
-0.087800
-0.101800
-0.113200
-0.102200
0.091385
0.085667
0.092667
0.078667
0.060200
0.047167
0.049600
0.065000
-0.067600
-0.073200
-0.073200
-0.070600
