0.096000
0.108923
0.092167
0.105667
-0.020200
-0.021800
-0.015600
-0.015800
0.177800
0.179800
0.173200
0.186200
0.074462
0.077833
0.079778
0.070200
0.009600
-0.011200
0.005400
-0.005200
0.143800
0.144600
0.169800
0.147200
-0.032600
-0.008200
-0.007000
-0.013200
0.006400
0.012200
0.016800
0.010800
-0.020200
-0.034200
-0.015400
-0.036400
0.025400
0.015400
0.017200
0.022800
-0.010800
-0.009200
-0.013600
-0.003400
0.022200
0.013400
0.002800
0.011200
0.033077
0.029167
0.024000
0.024333
-0.017400
-0.030500
-0.022600
0.001800
0.102400
0.107467
0.091600
0.103800
