0.091400
0.110308
0.105500
0.096222
-0.019400
-0.019600
-0.005800
-0.018800
0.172200
0.168800
0.178000
0.167400
0.068462
0.050667
0.068889
0.071000
0.000600
0.002800
-0.015800
-0.008400
0.159400
0.115000
0.144400
0.149200
-0.003600
-0.006000
-0.019600
-0.031600
0.002000
0.008000
-0.000600
0.033600
-0.021000
-0.020600
-0.031400
-0.023000
0.019200
0.033600
0.035200
0.019000
-0.011800
0.006600
-0.017600
-0.010000
0.015200
0.018000
0.020600
-0.001000
0.030308
0.033667
0.022167
0.034444
-0.038000
-0.013167
-0.019600
-0.022400
0.080000
0.106533
0.105200
0.109400
