0.085900
0.084308
0.078667
0.097444
-0.014000
-0.021400
-0.022000
-0.026400
0.150200
0.141400
0.144400
0.156400
0.063231
0.055000
0.067778
0.056900
-0.011800
-0.008400
-0.007800
0.001400
0.118400
0.106000
0.151000
0.126600
0.006600
-0.008000
-0.004200
-0.010800
0.012000
0.004200
0.015800
0.011800
-0.017200
-0.031400
-0.016000
-0.010400
0.028000
0.013400
0.004600
0.036800
-0.006000
-0.013600
-0.008600
-0.008400
0.012600
0.010000
0.010800
0.009600
0.034615
0.031167
0.026500
0.028778
-0.013400
-0.027167
-0.031400
-0.034200
0.085800
0.088267
0.098000
0.078200
