0.103000
0.092769
0.074167
0.099778
-0.035600
-0.023000
-0.026800
-0.022800
0.187600
0.171600
0.174000
0.183800
0.070923
0.064833
0.073444
0.063800
0.000400
0.003600
0.002000
0.028800
0.150000
0.150000
0.157400
0.156800
-0.009800
-0.016400
-0.008400
0.002800
0.020600
-0.003600
0.012200
0.014000
-0.039800
-0.022600
-0.009000
-0.009200
0.020800
0.027200
0.034800
0.009200
-0.005600
-0.024600
-0.031600
-0.001400
0.011400
-0.010600
0.004400
0.005400
0.014462
0.034667
0.032500
0.017889
-0.017200
-0.020500
-0.023200
-0.038800
0.123600
0.107733
0.107400
0.101000
