0.095100
0.096000
0.093833
0.105667
-0.028400
-0.031400
-0.030200
-0.029800
0.181600
0.176800
0.182400
0.199200
0.068769
0.087000
0.073667
0.079100
0.001400
0.013600
-0.001600
0.002800
0.161400
0.136000
0.139600
0.161600
-0.001600
-0.023600
-0.001800
-0.024800
-0.007200
0.022000
0.006600
0.019200
-0.014800
-0.015600
-0.022000
-0.014400
0.025200
0.005400
0.030200
0.015600
-0.017600
-0.023200
-0.021400
-0.022600
0.027600
0.012200
0.024000
0.015000
0.017077
0.030000
0.018333
0.031778
-0.020200
-0.021667
-0.013800
-0.025000
0.103800
0.118933
0.097000
0.098800
