0.028800
0.034462
0.036500
0.026556
-0.079800
-0.068200
-0.079200
-0.075000
0.028600
0.034000
0.051600
0.040400
0.017692
0.012000
0.016889
0.002700
-0.033800
-0.032400
-0.049400
-0.026800
0.013800
0.017600
0.008000
0.000400
-0.005400
0.003600
-0.001200
0.016400
0.001600
0.013200
0.040600
0.023000
-0.009400
-0.013200
-0.001200
-0.009600
0.022400
0.025000
0.001200
0.017000
-0.014200
-0.022600
-0.034400
-0.008800
0.000600
-0.000800
-0.017800
0.001800
0.028923
0.034667
0.022667
0.020667
-0.004000
-0.000833
0.027400
0.012200
0.028800
0.033733
0.028000
0.031600
