0.066000
0.072308
0.084500
0.070889
-0.032800
-0.031600
-0.038600
-0.039400
0.106400
0.099000
0.074800
0.092800
0.041538
0.038500
0.039556
0.048000
-0.018000
-0.032600
-0.027400
-0.004800
0.071200
0.059800
0.070400
0.068600
0.002800
-0.002800
-0.007600
0.000000
0.007400
0.003400
0.018000
0.011200
-0.002800
-0.005600
-0.015000
-0.025600
0.023000
0.015000
0.018800
0.017800
-0.008800
-0.010400
-0.015800
-0.024200
0.003800
-0.001000
0.008200
0.007600
0.017231
0.019667
0.033333
0.014444
0.002000
0.003167
-0.001600
-0.008600
0.049200
0.056133
0.051400
0.058200
