0.088300
0.094462
0.097667
0.082778
-0.022000
-0.028200
-0.027600
-0.043400
0.170600
0.172400
0.150800
0.151000
0.077231
0.063167
0.063222
0.062000
-0.001600
0.003400
0.002400
0.016400
0.139600
0.120400
0.132000
0.132000
-0.014000
-0.016400
-0.015000
-0.014000
0.008000
0.018600
0.031800
0.011000
-0.035600
-0.015600
-0.026800
-0.021200
0.031400
0.005400
0.021000
-0.004200
-0.007600
-0.011600
-0.004000
-0.018800
-0.001600
0.002200
0.014600
0.000800
0.026154
0.025333
0.013167
0.033000
-0.033600
-0.018500
-0.022400
-0.020200
0.101000
0.098267
0.090800
0.087800
