0.088200
0.072308
0.080667
0.074889
-0.038000
-0.028600
-0.027600
-0.040600
0.135200
0.126000
0.133800
0.114400
0.070154
0.059333
0.064111
0.052700
-0.014200
-0.006600
-0.005000
0.002800
0.084200
0.093200
0.095800
0.104400
-0.000600
0.002200
-0.014400
-0.012800
0.021000
0.017000
0.005400
0.004400
-0.016400
-0.018600
-0.008600
-0.026800
0.019600
0.025800
0.020200
0.014400
-0.008000
-0.028600
-0.003800
-0.009600
-0.024400
-0.000400
0.008800
0.011600
0.033385
0.019500
0.030500
0.035556
-0.023000
-0.012500
-0.027400
-0.021000
0.051800
0.055867
0.073200
0.064400
