0.073200
0.100308
0.087333
0.096667
-0.031000
-0.027400
-0.004600
-0.031200
0.160000
0.151800
0.130400
0.132600
0.052615
0.074833
0.073111
0.077300
-0.001000
-0.006800
-0.011400
0.001000
0.116600
0.108000
0.127400
0.116800
-0.014200
-0.006400
-0.019400
-0.005000
0.019200
0.023600
0.027800
0.010800
-0.017400
0.001400
-0.028800
-0.015400
0.022000
0.000200
0.015200
0.021800
-0.004400
-0.002800
-0.019200
-0.007800
0.007800
-0.000200
0.011400
0.006400
0.016308
0.035167
0.019333
0.010556
-0.015200
0.001333
-0.020800
-0.024600
0.062600
0.082533
0.072400
0.083000
