0.085700
0.082154
0.092167
0.082556
-0.040600
-0.020600
-0.016000
-0.032000
0.169200
0.164800
0.172600
0.157000
0.073077
0.051333
0.072556
0.065500
-0.022600
-0.001600
-0.001600
-0.017000
0.150600
0.154200
0.134200
0.135200
-0.005000
-0.006400
-0.007000
-0.016000
-0.008600
0.007000
0.013400
0.004800
-0.018000
-0.001000
-0.019000
-0.045800
0.028800
0.028000
0.022800
0.007000
-0.021400
0.001400
-0.004000
-0.019000
0.015800
0.004000
0.023000
0.021600
0.027538
0.015167
0.015333
0.027778
-0.024800
-0.018667
-0.027200
-0.012600
0.085400
0.104000
0.089000
0.081000
