0.029400
0.039077
0.042833
0.026667
-0.013600
0.001000
-0.011200
-0.017000
-0.426600
-0.429800
-0.401000
-0.429800
-0.124154
-0.123667
-0.118889
-0.121000
-0.158600
-0.135400
-0.133600
-0.146800
-0.504800
-0.510800
-0.529200
-0.518000
-0.203400
-0.216400
-0.222800
-0.221400
0.044600
0.061800
0.034800
0.036600
0.246200
0.236000
0.238200
0.235600
-0.040000
-0.029400
-0.040000
-0.028600
0.217600
0.186200
0.203800
0.197400
-0.250000
-0.253200
-0.251000
-0.253800
0.069231
0.055833
0.062833
0.062889
0.046200
0.069667
0.062800
0.069000
0.217000
0.217467
0.215200
0.222200
