0.102200
0.070308
0.097500
0.102222
-0.016600
-0.010800
-0.041800
-0.016400
0.191800
0.193200
0.194600
0.195400
0.079077
0.069000
0.074444
0.072400
0.009200
-0.002400
0.000600
0.008200
0.155800
0.156600
0.161800
0.180600
-0.021600
-0.018200
0.011800
-0.015000
0.004400
0.013200
0.003400
0.006000
-0.032000
-0.022200
-0.028200
-0.026400
0.029600
0.032600
0.025400
0.009000
-0.014000
-0.015600
-0.010200
-0.014000
0.024800
0.008600
0.018600
0.014000
0.035077
0.021167
0.020167
0.018111
-0.009800
-0.029667
-0.024400
-0.022600
0.130400
0.117200
0.130000
0.130800
