0.110300
0.102923
0.103167
0.100889
-0.014600
-0.011000
-0.020000
-0.044800
0.181400
0.185200
0.189000
0.194600
0.065692
0.077167
0.070667
0.070900
-0.001800
0.004800
-0.011600
-0.002600
0.162600
0.168000
0.153800
0.183800
-0.016200
-0.011400
-0.013600
-0.002400
0.001600
-0.001600
0.022400
0.030600
-0.006000
-0.016800
-0.014400
-0.019800
0.025400
0.029000
0.037200
0.043600
0.007400
-0.012200
0.003600
-0.002800
0.020400
0.013000
0.015200
0.016800
0.033692
0.031000
0.055167
0.020667
-0.015600
-0.033000
-0.027600
-0.029400
0.104400
0.113333
0.125800
0.122400
