0.093300
0.092308
0.097667
0.095667
-0.024800
-0.006600
-0.017800
-0.014800
0.185000
0.165800
0.184800
0.198200
0.060000
0.063833
0.072444
0.070700
0.008600
0.011800
0.003400
0.002000
0.164600
0.161200
0.159200
0.150600
-0.014000
-0.012800
-0.023200
0.005200
-0.009400
0.007600
0.015400
0.022200
-0.024200
-0.025800
-0.032400
-0.036800
0.024800
0.013600
0.018400
0.010600
-0.015000
-0.019800
-0.025200
-0.008200
0.025800
0.013800
0.011800
0.010200
0.014615
0.019167
0.027333
0.007333
-0.029800
-0.029333
-0.016800
-0.024800
0.126400
0.113333
0.118200
0.121600
