-0.008000
-0.021231
-0.003833
0.006778
-0.001400
-0.000600
0.011600
0.001800
-1.000000
-1.000000
-1.000000
-1.000000
0.000000
-0.001500
-0.002000
0.007900
-0.011600
0.012200
-0.011400
-0.006800
-1.000000
-1.000000
-1.000000
-1.000000
0.014200
-0.014600
0.012600
0.008800
-0.007600
-0.011600
-0.002800
0.003000
0.006800
-0.013400
-0.005600
-0.004400
-0.001000
0.008400
0.008600
-0.008000
-0.023000
0.003200
0.003600
-0.008600
0.003200
-0.018800
0.002200
-0.006000
0.000923
0.005833
-0.006833
0.000667
-0.001400
0.001500
-0.006600
0.007800
1.000000
1.000000
1.000000
1.000000
