0.085100
0.080769
0.079167
0.072778
-0.030400
-0.030600
-0.036600
-0.030000
0.125800
0.103200
0.108600
0.102600
0.045846
0.035833
0.044889
0.061800
0.014800
0.005200
-0.022200
-0.024400
0.100400
0.090600
0.082200
0.102000
-0.016000
-0.001600
-0.020800
-0.014400
-0.002600
0.012800
0.038400
0.003400
-0.023200
-0.025000
-0.019000
-0.020800
0.031400
0.018200
0.021800
-0.001000
-0.006800
-0.016000
-0.010200
-0.017200
-0.012600
-0.001400
0.016200
-0.010600
0.021538
0.025167
0.016667
0.017778
-0.010800
-0.015500
-0.027200
-0.005600
0.055800
0.050000
0.063800
0.073000
