-0.001800
-0.009846
-0.005167
-0.003222
-0.109800
-0.088200
-0.107000
-0.070200
0.010400
0.004600
0.010400
0.010600
0.009692
-0.010833
-0.003444
-0.009100
-0.045800
-0.062800
-0.053000
-0.064400
-0.031200
-0.039600
-0.032400
-0.028200
0.001600
0.016600
0.028200
-0.009600
0.013800
-0.002600
0.008200
0.002600
0.009400
0.007400
0.002800
0.007400
-0.001400
0.024400
0.012400
0.010600
-0.021000
-0.019400
-0.033200
-0.002000
-0.013600
-0.034600
-0.010800
-0.011000
0.045231
0.030167
0.040333
0.043333
-0.002000
-0.002500
-0.003200
0.008200
0.030800
0.027600
0.041200
0.024800
