-0.050200
-0.041692
-0.047000
-0.041111
-0.106600
-0.123200
-0.124800
-0.109800
-0.009800
-0.018200
-0.009200
0.001000
-0.037231
-0.034333
-0.035556
-0.053000
-0.070000
-0.077800
-0.084200
-0.067400
-0.072200
-0.075800
-0.076600
-0.087200
0.059200
0.030800
0.050800
0.024600
0.019200
0.033600
0.031200
0.043600
0.016800
0.000600
0.015400
0.012200
0.003600
0.007200
0.009200
-0.008600
-0.045400
-0.065000
-0.052400
-0.059600
-0.036600
-0.023800
-0.002600
-0.023400
0.022308
0.033000
0.049667
0.040889
0.006200
0.017833
-0.004600
0.006800
-0.002000
0.012667
-0.001000
0.009800
