0.0 -7.651831149651418
0.30933624960962325 -4.772751146816767
0.6186724992192465 -2.9794980942431284
0.9280087488288697 -1.6301447016271062
1.237344998438493 -0.7604987335269724
1.5466812480481162 -0.0768868938192008
1.8560174976577395 0.528334854098818
2.1653537472673627 0.9229309764613863
2.474689996876986 1.2238252981508404
2.7840262464866092 1.3412133836974223
3.0933624960962325 1.6203918644715474
3.4026987457058557 1.650486963265778
3.712034995315479 1.7695978223764524
4.021371244925103 1.7903143851302576
4.3307074945347255 1.9479438449453057
4.640043744144348 2.0617384162692884
4.949379993753972 2.0216713448088024
5.258716243363596 1.9761680751265465
5.5680524929732185 2.148630966671713
5.877388742582841 2.0783802271763987
6.186724992192465 2.1419715665942043
