0.0 8.38996921296025
0.30933624960962325 7.312310526466322
0.6186724992192465 6.267030477622117
0.9280087488288697 5.622263539074341
1.237344998438493 5.075749204621655
1.5466812480481162 4.623886096187282
1.8560174976577395 4.109032738730357
2.1653537472673627 3.7981253985938968
2.474689996876986 3.5782695978370715
2.7840262464866092 3.3762560125558037
3.0933624960962325 3.2048000696743286
3.4026987457058557 2.979149903402793
3.712034995315479 2.840175157439868
4.021371244925103 2.777764593956105
4.3307074945347255 2.5399080399219804
4.640043744144348 2.558321109769402
4.949379993753972 2.458356530918155
5.258716243363596 2.5628634588846
5.5680524929732185 2.430397078639106
5.877388742582841 2.397370140894604
6.186724992192465 2.3632598694015132
