0.0 -3.795163158219229
0.3093362496096232 -3.687068716641572
0.6186724992192464 -3.8684381167088358
0.9280087488288695 -3.5169730454095847
1.2373449984384928 -3.001703744261859
1.546681248048116 -2.8037369840209303
1.856017497657739 -2.2339909396228133
2.1653537472673623 -1.7011336963476724
2.4746899968769855 -1.4728741168032993
2.784026246486609 -1.1417201102124133
3.093362496096232 -0.9189198195308557
3.4026987457058553 -0.7898073921116324
3.712034995315478 -0.5980142200725307
4.021371244925102 -0.510409354553553
4.330707494534725 -0.35643054864439483
4.640043744144348 -0.2390686842865562
