-0.018700
0.009538
0.010333
0.000778
-0.006600
-0.010400
0.002600
-0.028600
0.012200
0.019400
-0.010800
0.022200
0.008154
-0.013167
0.014667
-0.003000
0.002600
-0.021200
-0.016600
-0.032400
-0.014600
0.008800
0.007800
0.013400
0.002400
0.004600
-0.007400
0.014400
0.015000
-0.001600
0.002200
0.010600
-0.003600
0.012200
-0.004800
0.004400
0.020400
-0.004600
-0.004400
0.007800
-0.013400
-0.008600
0.001800
-0.008200
-0.013400
-0.013600
-0.010400
0.004800
-0.000769
-0.018167
0.008500
0.010222
0.009200
-0.013000
0.003600
0.013800
0.006000
0.006800
0.011800
0.024800
