-0.002800
0.000154
-0.001167
-0.018333
-0.020000
-0.019200
-0.022600
-0.016800
0.008000
-0.006400
-0.005600
-0.013600
-0.005538
0.005833
-0.009222
0.010900
-0.010200
-0.025600
-0.020800
-0.019000
-0.009200
-0.027600
-0.019800
-0.008400
-0.017000
-0.000200
-0.003000
0.000000
-0.003400
0.009400
-0.007200
0.002800
-0.000600
0.004000
0.017400
0.020800
-0.009600
-0.016400
0.001000
0.002800
0.004200
-0.009400
0.011000
0.004200
-0.006800
0.016800
0.000400
-0.004600
-0.004769
0.015667
0.006667
0.001889
-0.005000
-0.006667
0.005800
-0.009400
-0.008400
-0.006800
-0.015400
0.003600
