0.000400
0.001692
0.000333
-0.000667
-0.023000
0.006400
-0.012600
0.000000
0.010400
0.018400
0.017800
0.011400
0.017538
0.011667
0.022556
0.008300
-0.009400
-0.020200
0.010000
-0.007800
0.009400
0.020600
0.013800
-0.002400
0.000200
-0.005000
0.018400
0.004800
-0.000800
-0.006200
-0.005000
0.012000
-0.016000
0.014200
0.007400
0.019600
-0.009600
-0.000800
0.012000
0.003000
-0.005400
-0.001400
0.011000
-0.022800
0.005800
0.008400
0.022600
-0.003600
-0.001077
0.000333
0.017833
0.009444
-0.014800
0.007500
0.006200
0.030200
-0.001400
0.004533
0.025600
0.003000
