-0.009100
0.003385
0.002500
-0.011222
-0.007400
-0.027400
0.012200
-0.008600
-0.009200
0.022000
0.024000
0.037600
-0.002615
0.005000
0.010667
0.002200
0.010200
0.008200
0.003000
0.000600
0.008000
0.008200
-0.001000
0.013000
0.003000
-0.009200
0.002600
0.004800
-0.007400
0.014800
-0.012200
0.005200
0.016200
-0.002800
0.007800
-0.001200
-0.001800
-0.007800
-0.013400
-0.008200
0.006400
-0.005000
0.006000
-0.016000
-0.014000
0.003600
0.007800
0.007000
0.015077
-0.012500
-0.012500
0.001556
-0.004000
-0.006167
0.006000
0.004800
0.006800
0.005467
0.012600
-0.004600
