-0.029500
-0.050769
-0.111500
-0.032000
-0.019800
-0.037000
-0.089200
-0.049600
-0.063400
-0.039000
-0.037600
-0.034000
-0.012769
-0.074333
-0.062111
-0.007600
-0.050400
-0.043400
-0.056800
-0.044200
-0.017400
-0.069400
-0.076800
-0.085600
-0.014400
0.018000
0.017400
-0.012800
0.011000
0.022000
-0.018000
0.009400
-0.008000
0.040800
0.014400
-0.017600
-0.003200
-0.024200
0.014800
0.007800
0.002200
-0.000800
-0.005000
-0.013200
-0.006800
-0.016600
-0.029400
-0.006400
-0.002000
0.007333
0.018167
0.000000
0.006200
-0.001167
0.008800
-0.021400
-0.004000
-0.035200
-0.015800
-0.010800
