-0.012100
-0.027385
-0.029333
-0.037889
-0.030400
-0.023800
-0.062200
-0.015800
-0.003000
0.000800
-0.040800
-0.019800
-0.026308
-0.009500
0.012556
-0.015700
-0.024400
-0.014000
-0.004400
-0.006800
-0.025400
-0.034000
-0.027600
-0.023200
0.005400
0.012400
0.009600
0.003200
-0.020400
0.010600
0.014400
-0.003800
0.001400
0.000400
-0.016200
0.004000
-0.001600
-0.011000
0.000600
0.006000
0.003800
-0.012800
-0.016200
0.001200
-0.014800
0.008000
-0.006600
-0.004800
0.004154
0.016000
0.016500
-0.004556
-0.027200
0.007333
-0.006600
0.006200
-0.027600
-0.007333
-0.012000
0.011400
