-0.006200
0.002769
0.005000
-0.032889
-0.005000
0.012000
-0.032800
-0.043200
0.007200
0.013200
-0.001800
0.026400
0.011385
-0.004667
0.001778
-0.001000
0.008400
-0.008000
0.000200
0.003000
0.000000
0.025600
-0.015400
-0.014800
0.023400
0.008000
0.008800
-0.007400
-0.007200
-0.000200
0.009200
0.004000
0.019200
0.010600
-0.009800
0.008600
-0.004800
0.012000
-0.010200
-0.017000
0.015600
-0.009200
0.005600
-0.007800
0.003600
-0.001200
0.000600
-0.016800
0.006154
-0.012333
-0.006833
-0.008000
0.003800
0.010833
0.011800
0.015400
0.002400
0.007600
-0.014600
0.011200
