-0.012600
-0.004769
0.000667
-0.025778
-0.007400
-0.019400
-0.021200
-0.053800
0.000800
-0.036800
-0.023000
-0.006400
-0.014462
-0.009333
-0.004333
-0.010900
-0.009400
-0.008400
0.011000
-0.009800
-0.011400
0.004600
-0.002200
0.048600
-0.012000
0.019600
-0.010800
0.000800
0.004800
0.000600
0.027200
0.004400
0.025600
0.003000
-0.003400
0.002600
0.009400
-0.000600
0.011400
0.009200
0.014400
0.001600
0.002000
-0.000400
0.006400
-0.010600
-0.008400
-0.000400
-0.002923
0.003000
0.019167
-0.016444
-0.016000
-0.005000
0.004200
0.006800
-0.015400
-0.004800
-0.007000
0.003400
