-0.026000
-0.035231
-0.117500
-0.064333
0.034000
-0.042800
-0.049200
-0.060800
-0.090800
-0.090200
-0.070000
-0.115200
-0.032462
-0.062833
-0.052889
-0.037600
-0.025200
-0.032000
-0.046200
0.012200
-0.068400
-0.157800
-0.069600
-0.035000
0.023000
0.009600
0.012800
0.032200
0.054200
0.019000
-0.009400
0.016600
0.036000
0.059600
0.036400
0.005000
-0.046000
-0.013600
0.008400
0.005400
-0.018800
0.001800
-0.031400
0.003600
-0.025000
-0.066200
-0.029800
0.021400
0.019846
-0.003000
0.008000
-0.018444
-0.026000
0.011167
0.011400
0.003400
-0.026000
-0.027733
-0.013400
0.029000
