0.049100
-0.086615
-0.114833
-0.147111
0.001600
-0.088200
-0.084800
-0.176000
-0.127600
-0.090000
-0.086800
-0.166000
-0.114769
-0.102500
-0.061556
-0.022100
-0.123400
-0.120600
-0.083800
-0.100600
-0.146000
-0.252600
-0.263600
-0.144000
0.056200
0.009800
0.035800
0.036200
0.099200
-0.017200
0.039000
0.003200
0.078000
0.061400
0.052000
-0.019000
-0.145600
0.003000
0.002000
-0.014600
-0.027000
-0.025600
-0.021000
-0.016400
-0.077400
-0.085400
-0.060600
0.030200
0.017231
0.016167
0.027667
-0.066667
-0.009800
0.035167
-0.026200
0.004200
-0.068400
-0.029600
0.005200
0.056400
