-0.051100
-0.158615
-0.211333
-0.184667
0.029000
-0.140800
-0.209000
-0.240400
-0.229400
-0.173000
-0.212400
-0.291400
-0.226462
-0.095667
-0.083889
-0.198300
-0.192800
-0.201400
-0.171400
-0.118200
-0.219200
-0.353800
-0.340000
-0.284200
0.012800
-0.073400
-0.045000
0.143000
0.152600
-0.070600
-0.025000
0.098800
0.144600
0.141600
0.107200
0.109600
-0.178800
0.001000
0.012200
-0.090000
0.016000
0.088600
0.076600
-0.171800
-0.181200
-0.126800
-0.126400
-0.142000
0.053538
0.061167
0.053500
-0.033889
0.026200
0.088833
0.048000
0.007800
-0.023800
-0.002533
0.031800
0.038000
