-0.004800
-0.002769
0.004667
-0.017111
0.004000
0.001400
-0.012400
-0.000800
0.006600
0.004200
0.010400
0.031400
-0.017538
0.012667
0.010667
-0.006800
-0.007000
-0.011600
0.022600
0.006400
0.004600
0.033600
0.021800
0.006000
0.022200
0.000600
-0.007800
0.037200
-0.005600
-0.007800
-0.000200
0.018000
0.011600
-0.002200
-0.000800
0.000400
0.002000
0.004800
0.008800
0.012200
-0.006000
-0.007800
-0.006600
-0.007800
0.007800
-0.000200
-0.003000
0.007000
0.000000
-0.002333
0.001667
0.010778
-0.015000
-0.009167
-0.001400
0.011600
0.004800
0.004800
-0.000800
0.009800
