0.003800
0.004000
-0.023333
-0.005111
0.010200
-0.020000
-0.011200
0.006200
-0.964600
-0.972800
-0.955600
-0.967600
-0.012923
-0.010833
0.017111
0.003900
0.012400
-0.008800
-0.010600
0.010400
-0.962600
-0.965400
-0.968200
-0.970400
-0.015200
-0.024400
-0.010200
-0.000200
0.019600
0.007200
0.005600
-0.004400
-0.003000
0.001600
-0.004600
-0.007800
-0.013800
0.002000
0.003800
-0.018600
0.007400
0.006200
-0.000400
0.011000
-0.006200
0.007200
0.003200
0.006200
-0.015538
-0.015333
-0.001833
-0.013444
0.011000
-0.004000
-0.009400
-0.010600
0.964000
0.952000
0.956200
0.965600
