0.051200
0.010769
-0.051333
-0.103333
0.000600
-0.018200
-0.032200
-0.032800
-0.431800
-0.504000
-0.578000
-0.505200
-0.198769
-0.055500
-0.099778
-0.252900
-0.176200
-0.012600
-0.090800
-0.255600
-0.458600
-0.619600
-0.598000
-0.493200
-0.129800
-0.227600
-0.219000
-0.283000
0.080600
-0.006800
0.013600
0.072800
0.294800
0.268800
0.298600
0.268000
-0.057600
-0.012600
-0.018600
-0.062200
0.098200
0.240000
0.258200
0.313800
-0.280200
-0.270000
-0.316800
-0.189400
0.054308
0.054000
0.065833
0.106111
0.017200
0.065500
0.079800
0.041200
0.296800
0.319467
0.377000
0.353600
