-0.014000
-0.019385
-0.036333
-0.012667
-0.033400
-0.011400
-0.050800
-0.054400
-0.002000
-0.041800
-0.042200
-0.003800
-0.008462
-0.036000
-0.022556
-0.026600
-0.008200
-0.056200
-0.014200
-0.011200
-0.043800
-0.061400
-0.030200
-0.039600
0.006200
0.029200
0.001800
0.001800
0.008200
0.002000
-0.028200
-0.016400
-0.006400
0.022600
0.005000
0.005200
-0.012600
-0.014000
-0.005200
0.011800
0.000600
-0.018400
0.004800
-0.002600
-0.012600
-0.026000
-0.024400
-0.022600
-0.021385
-0.002000
0.009167
-0.002778
-0.006800
0.013833
0.023400
-0.013200
0.022200
-0.012533
-0.003400
0.027400
