-0.009900
0.022923
-0.003000
-0.016778
0.017800
0.000400
-0.041800
-0.008000
-0.001000
0.006600
0.035800
-0.003200
0.005538
0.010333
-0.007111
-0.012000
-0.009400
0.006800
0.011800
-0.004600
0.003600
-0.005000
0.001600
-0.003800
0.009200
0.018600
-0.009400
-0.016600
-0.000600
-0.002000
-0.003400
0.003600
0.027600
0.001400
-0.007000
0.008000
0.004600
0.006000
0.007000
-0.015200
0.005400
-0.010200
0.000600
-0.002400
0.004800
0.019400
-0.002000
-0.007200
0.001846
0.012000
0.004667
0.003111
0.016000
-0.013000
0.011600
0.002600
-0.006600
-0.002933
-0.019600
0.007400
