0.0 -2.4225017818340704
0.30933624960962325 -2.28446472272776
0.6186724992192465 -2.0646120357819315
0.9280087488288697 -1.9684815297359088
1.237344998438493 -1.7969908313657363
1.5466812480481162 -1.7171393515457716
1.8560174976577395 -1.5337780090695228
2.1653537472673627 -1.5620732258368883
2.474689996876986 -1.24168756071751
2.7840262464866092 -1.276616142823449
3.0933624960962325 -1.278215625413977
3.4026987457058557 -1.1690488346593868
3.712034995315479 -1.2424519682135526
4.021371244925103 -1.13254296048516
4.3307074945347255 -1.1240019523623572
4.640043744144348 -1.0478180795497853
4.949379993753972 -1.0909239141637117
5.258716243363596 -1.1476829400961537
5.5680524929732185 -1.0154121461751073
5.877388742582841 -1.099798796221841
6.186724992192465 -1.0638012162356676
