-0.007300
-0.010615
-0.003667
0.004444
-0.001800
0.002400
-0.008000
-0.003800
-0.009800
0.018400
-0.008800
-0.000400
-0.002154
-0.007667
0.001111
-0.001600
-0.002400
-0.018800
0.005800
-0.023000
-0.011400
-0.005800
-0.005000
-0.012000
-0.011200
-0.000800
0.000600
-0.004800
0.008800
-0.015200
0.003200
-0.009600
-0.003000
-0.002400
0.005000
-0.019400
-0.018000
0.002600
-0.004200
0.010600
-0.007800
-0.005000
0.005200
0.004000
0.006600
0.005800
-0.005800
0.002600
0.008462
0.020500
0.016833
0.005222
-0.013400
0.005167
0.018600
0.010000
0.008000
0.007333
-0.004400
-0.003600
