-0.049100
-0.059846
-0.061500
-0.073444
-0.042400
-0.056800
-0.065600
-0.050200
-0.096600
-0.080800
-0.089800
-0.092000
-0.041538
-0.054167
-0.049444
-0.053800
-0.046600
-0.037400
-0.056400
-0.048200
-0.101000
-0.095800
-0.116800
-0.094200
0.019800
0.017200
0.013200
0.008600
-0.001400
0.012400
0.000200
0.004600
0.015800
-0.009600
0.003200
0.021600
0.007200
-0.006800
-0.009000
-0.008200
-0.017400
-0.016200
-0.033400
-0.016600
0.001400
-0.008800
-0.000800
0.003400
0.006000
0.017833
0.020667
0.014444
0.035000
0.015833
0.014000
0.011200
0.031600
0.014800
0.012800
0.019400
