0.007000
0.004615
-0.008833
0.003222
0.001600
0.007200
-0.004600
0.003200
-0.534800
-0.516600
-0.517800
-0.538600
-0.156154
-0.177833
-0.183889
-0.161500
-0.153200
-0.160800
-0.167800
-0.174200
-0.572600
-0.580600
-0.579200
-0.569800
-0.253200
-0.257600
-0.247200
-0.260400
0.056400
0.041600
0.067400
0.048800
0.298800
0.320400
0.288800
0.296200
-0.053600
-0.037200
-0.077000
-0.049600
0.246200
0.255400
0.250400
0.245200
-0.290000
-0.313600
-0.304200
-0.294600
0.081692
0.077833
0.069833
0.093778
0.042000
0.066500
0.091600
0.069800
0.315000
0.306400
0.309600
0.297200
