-0.014700
-0.016154
-0.030500
-0.011111
0.001600
-0.010400
-0.024200
-0.000200
-0.015200
-0.022800
-0.011600
0.002400
-0.021077
-0.009333
-0.005000
-0.018100
-0.009400
-0.002200
-0.006400
-0.024400
-0.018200
-0.016200
-0.023400
-0.010000
0.004400
0.004000
0.010800
0.015400
0.023800
-0.006200
0.016400
0.001200
0.010000
-0.005600
0.002400
0.013200
-0.000600
-0.005400
0.009200
0.006600
0.003200
-0.016000
-0.013400
-0.005600
0.007200
0.021800
0.013400
-0.019000
0.006000
0.002500
0.002333
-0.003000
0.016600
-0.013333
0.005000
0.014600
0.003000
0.013067
-0.000600
0.004000
