0.000600
0.000308
-0.002500
-0.000889
-0.015400
-0.006600
0.002000
-0.001200
-0.998000
-0.999000
-0.997600
-0.999000
0.002154
0.002667
0.017222
-0.010600
-0.009400
0.013400
0.014400
0.011000
-0.999000
-0.997200
-0.999000
-0.998000
-0.002600
-0.001200
0.001400
0.005200
0.012200
0.008400
-0.007000
-0.003400
0.004400
-0.016200
-0.012600
-0.005400
0.000200
-0.005400
0.012400
-0.002200
-0.012800
-0.017600
0.004600
-0.018800
-0.005600
-0.015600
0.006800
0.000000
0.004923
-0.007667
0.008667
-0.001889
0.005600
0.016333
-0.002800
-0.011400
0.997000
0.996533
0.996800
0.997000
