-0.010100
-0.008308
-0.005000
-0.027556
-0.014800
-0.012000
-0.002400
0.006200
-0.021200
-0.035400
-0.031400
-0.030400
-0.003846
-0.016667
0.000444
-0.021300
-0.025000
-0.015600
-0.008400
-0.019000
-0.010400
-0.020400
-0.039800
-0.034800
0.001400
0.001600
0.004000
0.011600
0.009000
-0.010600
0.019400
0.012000
-0.007200
-0.000400
-0.008800
-0.004800
-0.007000
-0.014400
0.007000
-0.010800
0.016000
0.013600
-0.019200
0.002400
-0.005400
-0.005800
0.003600
-0.004800
0.002462
0.011333
0.001833
-0.001444
0.017000
0.015000
-0.004800
0.006000
-0.010000
-0.007733
0.022400
0.008000
