-0.028500
-0.008462
-0.023667
-0.033444
-0.012000
-0.035000
0.006200
-0.015800
-0.026000
-0.040200
-0.046200
-0.045800
-0.035538
-0.040167
-0.026444
-0.031100
-0.029000
-0.016000
-0.029200
-0.019400
-0.022600
-0.021200
-0.023200
-0.041000
0.010200
-0.005200
0.013600
0.007800
-0.009600
0.003200
0.017400
-0.029800
0.024400
0.000200
-0.004000
0.018200
0.005400
-0.018000
-0.020800
0.002200
0.006600
0.011000
0.002000
-0.010000
-0.013800
0.021400
0.001800
0.007600
0.010462
0.011667
-0.009167
0.012111
0.010600
0.005333
0.005400
0.001200
-0.000200
-0.004400
-0.009600
0.013600
