-0.123300
-0.117538
-0.127333
-0.114444
-0.119000
-0.118000
-0.099400
-0.112400
-0.129600
-0.121400
-0.126800
-0.116800
-0.093385
-0.090667
-0.082556
-0.090600
-0.084800
-0.079000
-0.069600
-0.077200
-0.125000
-0.131600
-0.116800
-0.128400
0.033800
0.036400
0.032200
0.025400
-0.010200
0.008200
0.005800
-0.008800
0.004600
0.033400
0.008400
0.003600
0.000400
0.012200
-0.004000
0.007400
-0.019800
-0.034000
-0.034000
-0.021000
-0.015400
-0.012000
-0.015000
-0.019600
0.034923
0.019167
0.033000
0.044333
0.041400
0.050667
0.035400
0.039200
0.015800
0.010800
0.031800
0.009600
