-0.150200
-0.148462
-0.154000
-0.163556
-0.151400
-0.130200
-0.135000
-0.123000
-0.130000
-0.111400
-0.112000
-0.126600
-0.132000
-0.116167
-0.116333
-0.130200
-0.135200
-0.092600
-0.117000
-0.114600
-0.167600
-0.185200
-0.165400
-0.176600
0.049200
0.041200
0.071600
0.069400
0.003400
-0.001200
0.024400
0.006200
0.046200
0.045200
0.045600
0.030400
-0.017800
-0.029000
-0.029000
-0.034600
-0.055800
-0.059600
-0.047200
-0.054800
-0.036200
-0.023200
-0.044200
-0.036200
0.058923
0.054500
0.048833
0.051889
0.045000
0.050667
0.072400
0.048400
-0.008400
-0.009733
-0.017000
-0.015600
