-0.012400
-0.012923
0.014500
0.006444
0.007800
-0.015600
0.003800
-0.001000
-0.013400
0.001400
-0.004600
-0.008200
0.007385
0.002500
-0.001556
0.004200
0.000800
-0.003600
0.009800
-0.005400
-0.012000
-0.005800
0.006200
0.010800
-0.003200
0.008400
0.007600
-0.014800
0.003600
-0.011800
0.019600
0.008800
-0.009000
0.009600
0.010200
0.012800
-0.009600
0.004800
-0.020600
0.011000
-0.014000
0.005200
0.014000
0.008200
0.001000
0.017600
-0.015800
0.003000
-0.010923
-0.020667
0.005667
0.008222
-0.001000
-0.005000
-0.005200
-0.002400
-0.010600
-0.007467
-0.016800
-0.016200
