0.005400
-0.015077
-0.011167
-0.007778
0.001400
0.000000
-0.022000
-0.016200
0.006400
-0.004000
0.002800
-0.028400
-0.004000
0.010333
-0.011667
-0.002800
0.000000
0.001200
-0.001600
-0.011800
-0.015000
-0.002600
-0.015000
-0.008600
0.003600
-0.011200
-0.004400
0.003800
0.002400
0.008600
0.012800
-0.009000
0.009000
-0.017800
-0.008400
0.000200
-0.020000
0.008200
-0.015400
0.010800
0.002800
0.001000
0.015800
0.006800
0.003400
0.017400
-0.012600
-0.008200
-0.002923
-0.009833
-0.005000
-0.008889
-0.006600
-0.003667
0.014800
0.005600
-0.013000
0.016400
-0.022800
0.009000
