-0.002200
-0.009846
0.005000
-0.001778
0.013000
0.022200
-0.002400
-0.016000
-0.000800
0.010800
-0.011200
-0.013000
0.002615
-0.011000
-0.001000
0.001400
-0.023600
0.013800
-0.005600
-0.008400
-0.009200
0.011400
-0.007200
0.006000
-0.012000
0.008200
-0.005600
-0.003600
-0.011600
-0.001800
-0.012000
0.002200
0.021800
-0.012600
0.000200
-0.003400
0.007800
0.004800
-0.003600
0.011200
-0.006200
0.005200
-0.000400
-0.001800
-0.000800
-0.008200
-0.002400
-0.010600
0.000615
0.013333
-0.010667
0.000667
-0.008600
0.019667
0.008000
0.005600
0.006000
-0.013467
0.001600
-0.003000
