-0.027300
-0.027846
-0.011000
-0.039889
-0.038000
-0.011000
-0.030800
-0.030200
-0.058200
-0.068800
-0.061600
-0.058600
-0.047846
-0.038667
-0.029889
-0.036300
-0.008000
-0.032400
-0.031000
-0.045200
-0.053000
-0.039000
-0.043000
-0.059400
0.001000
0.000400
0.004000
-0.009800
0.007200
-0.009400
0.018600
0.008000
0.009400
0.004400
0.016800
0.004000
0.005400
-0.020000
-0.005800
-0.018800
-0.017400
-0.005000
0.002000
-0.011600
-0.009200
0.012600
-0.019400
0.003400
0.013077
0.017500
0.007500
0.013000
0.025200
0.024500
0.015000
0.014200
0.000000
0.007733
0.007600
0.006800
