-0.133200
-0.133385
-0.118833
-0.118000
-0.133600
-0.144800
-0.129800
-0.124000
-0.170200
-0.166400
-0.161400
-0.153600
-0.199846
-0.178333
-0.191556
-0.182400
-0.174000
-0.179200
-0.172800
-0.168200
-0.267800
-0.276600
-0.270000
-0.265200
-0.067200
-0.023400
-0.043400
-0.038400
0.049000
0.063400
0.056000
0.052000
0.149000
0.140200
0.162600
0.148600
-0.058400
-0.071200
-0.069800
-0.067400
0.025800
0.043800
0.032400
0.062000
-0.149400
-0.170000
-0.145000
-0.160400
0.104000
0.095500
0.106500
0.098222
0.084800
0.100000
0.086600
0.101000
-0.067600
-0.062533
-0.077000
-0.064000
