-0.035400
-0.042308
-0.020333
-0.038444
-0.018400
-0.026400
-0.037000
-0.013000
-0.034800
-0.045800
-0.044600
-0.054200
-0.022923
-0.022667
-0.033333
-0.020800
-0.028000
-0.029600
-0.019400
-0.040400
-0.022400
-0.054000
-0.044800
-0.038600
0.013600
0.012000
-0.005400
0.001600
0.005600
-0.007000
0.003200
-0.004600
-0.002800
0.004000
0.002200
0.010600
-0.017800
-0.014400
0.018800
-0.007200
-0.012600
-0.000400
0.003600
-0.001400
0.001200
-0.012200
-0.011600
-0.001400
0.000923
0.006000
0.024500
0.010556
0.016400
0.005500
0.006000
0.022600
0.005200
-0.004533
0.008000
0.008800
