0.000200
-0.010308
-0.015500
-0.004111
-0.018800
-0.024400
0.005200
-0.010800
-0.002400
-0.018000
-0.008200
-0.012200
-0.011385
-0.008667
-0.006111
-0.005300
0.004000
-0.004600
-0.001800
0.005200
-0.002800
0.002200
-0.017400
-0.012600
-0.007600
-0.006000
-0.005000
0.006800
0.000000
0.015000
0.000800
0.002400
0.008800
0.005200
0.007600
0.000600
0.000400
-0.000800
-0.002600
-0.005000
-0.000800
0.003800
0.012200
0.005000
0.003000
-0.002800
0.001800
0.006400
-0.007692
-0.001000
-0.013667
-0.010333
-0.000800
0.003333
0.006600
-0.009600
0.010800
-0.007067
-0.013400
0.009200
