-0.011400
-0.006923
-0.005833
0.001556
0.008200
-0.003000
0.009200
-0.001200
-0.006200
-0.007400
-0.004800
-0.004000
-0.003846
-0.006833
-0.006889
0.003600
-0.017200
-0.016800
-0.010200
0.003400
-0.000400
-0.025000
-0.012200
-0.014200
-0.011200
-0.000200
0.014600
-0.011400
0.002800
-0.003600
-0.005800
0.006800
0.018000
-0.015600
-0.005200
-0.020800
0.017200
-0.004200
-0.002000
0.003600
0.002400
0.014200
0.025400
0.001400
0.012800
0.013800
0.004200
0.000600
-0.003385
0.018000
0.004667
0.008444
-0.009800
0.000667
-0.002600
-0.014200
-0.005400
0.012400
-0.007600
-0.005400
