-0.022000
0.000462
-0.010667
-0.015222
-0.013400
-0.012800
-0.018600
-0.016800
-0.013600
-0.006000
-0.011800
-0.031000
-0.017538
-0.024833
-0.005667
-0.020100
-0.005400
-0.004800
-0.024800
0.001400
-0.022000
-0.015400
-0.007600
-0.014400
-0.007400
0.005800
0.009200
0.008600
-0.007000
-0.009600
-0.006400
-0.008600
-0.001400
-0.019000
-0.010600
0.014600
0.001800
0.008800
-0.009600
0.000200
0.020600
-0.008600
-0.008400
-0.000400
-0.012200
-0.003400
-0.006400
-0.006800
0.003231
0.005333
-0.002167
0.002333
-0.005200
0.000000
-0.004600
0.007800
0.001200
0.004133
0.004400
0.000200
