-0.005300
0.001846
-0.008500
0.001444
0.008000
-0.014400
-0.013800
0.003600
-0.006600
0.004400
-0.007000
-0.010200
0.006615
0.003167
-0.002222
0.001100
0.005600
-0.016600
-0.007000
0.014200
-0.006200
0.002200
-0.035600
-0.013400
0.000600
0.006400
0.001600
0.006000
-0.000600
-0.016600
-0.001800
-0.004000
-0.001400
-0.009000
-0.002200
0.010600
-0.009200
-0.004000
0.003800
-0.004600
-0.006000
-0.010000
0.014400
-0.002400
-0.001400
-0.011000
-0.003400
0.005800
0.006615
0.004667
0.004833
0.013111
-0.014400
-0.012333
0.008000
-0.004200
0.006800
0.003867
0.018800
-0.023600
