-0.045500
-0.031231
-0.033667
-0.038333
-0.046600
-0.039400
-0.038200
-0.039000
-0.100000
-0.076800
-0.057600
-0.081200
-0.030462
-0.041167
-0.038667
-0.043300
-0.054200
-0.046000
-0.031000
-0.023000
-0.058200
-0.067800
-0.072600
-0.059400
0.008400
0.018000
0.008600
0.007400
-0.002000
0.021200
0.032800
0.018800
0.013000
0.014200
0.033600
0.013600
0.000200
-0.002200
-0.024800
-0.010000
-0.009200
-0.018400
-0.005600
0.015000
-0.004000
-0.029800
-0.024000
-0.022400
0.014615
0.000500
0.002667
0.022000
0.023600
0.002333
0.000400
0.018800
0.008600
0.014133
-0.010000
0.012200
