-0.082400
-0.078000
-0.095833
-0.068111
-0.067000
-0.089600
-0.079200
-0.087600
-0.098000
-0.091600
-0.103000
-0.112200
-0.063538
-0.068167
-0.061778
-0.065100
-0.053400
-0.065200
-0.059200
-0.062200
-0.119600
-0.115600
-0.120600
-0.129000
0.032400
0.020600
0.037600
0.029600
0.004400
0.009200
0.001200
0.000400
0.018400
0.009000
0.008000
-0.017000
-0.022600
-0.009000
-0.001200
-0.006400
-0.022400
-0.019800
-0.012600
-0.011600
-0.003400
-0.001000
0.000800
-0.002200
0.008154
0.040667
0.023333
0.032889
0.027200
0.031167
0.034400
0.040200
0.022400
0.011600
0.008200
0.013600
